VARIABLES 120
NB_OBJ 4
ITEMS
[1, 1, 1, 1] 771
[1, 1, 1, 1] 772
[1, 1, 1, 1] 778
[1, 1, 1, 1] 780
[1, 1, 1, 1] 799
[1, 1, 1, 1] 806
[1, 1, 1, 1] 824
[1, 1, 1, 1] 842
[1, 1, 1, 1] 854
[1, 1, 1, 1] 869
[1, 1, 1, 1] 871
[1, 1, 1, 1] 875
[1, 1, 1, 1] 884
[1, 1, 1, 1] 889
[1, 1, 1, 1] 894
[1, 1, 1, 1] 904
[1, 1, 1, 1] 904
[1, 1, 1, 1] 921
[1, 1, 1, 1] 924
[1, 1, 1, 1] 929
[1, 1, 1, 1] 932
[1, 1, 1, 1] 945
[1, 1, 1, 1] 950
[1, 1, 1, 1] 958
[1, 1, 1, 1] 981
[1, 1, 1, 1] 986
[1, 1, 1, 1] 997
[0, 1, 1, 1] 530
[0, 1, 1, 1] 536
[0, 1, 1, 1] 538
[0, 1, 1, 1] 543
[0, 1, 1, 1] 557
[0, 1, 1, 1] 558
[0, 1, 1, 1] 562
[0, 1, 1, 1] 566
[0, 1, 1, 1] 578
[0, 1, 1, 1] 592
[0, 1, 1, 1] 594
[0, 1, 1, 1] 617
[0, 1, 1, 1] 620
[0, 1, 1, 1] 628
[0, 1, 1, 1] 629
[0, 1, 1, 1] 650
[0, 1, 1, 1] 651
[0, 1, 1, 1] 654
[0, 1, 1, 1] 661
[0, 1, 1, 1] 681
[0, 1, 1, 1] 681
[0, 1, 1, 1] 689
[0, 1, 1, 1] 701
[0, 1, 1, 1] 715
[0, 1, 1, 1] 726
[0, 1, 1, 1] 727
[0, 1, 1, 1] 728
[0, 1, 1, 1] 739
[0, 1, 1, 1] 745
[0, 0, 1, 1] 252
[0, 0, 1, 1] 259
[0, 0, 1, 1] 260
[0, 0, 1, 1] 275
[0, 0, 1, 1] 289
[0, 0, 1, 1] 291
[0, 0, 1, 1] 294
[0, 0, 1, 1] 296
[0, 0, 1, 1] 304
[0, 0, 1, 1] 308
[0, 0, 1, 1] 318
[0, 0, 1, 1] 323
[0, 0, 1, 1] 330
[0, 0, 1, 1] 331
[0, 0, 1, 1] 348
[0, 0, 1, 1] 348
[0, 0, 1, 1] 363
[0, 0, 1, 1] 373
[0, 0, 1, 1] 377
[0, 0, 1, 1] 380
[0, 0, 1, 1] 382
[0, 0, 1, 1] 386
[0, 0, 1, 1] 391
[0, 0, 1, 1] 391
[0, 0, 1, 1] 392
[0, 0, 1, 1] 397
[0, 0, 1, 1] 401
[0, 0, 1, 1] 404
[0, 0, 1, 1] 408
[0, 0, 1, 1] 408
[0, 0, 1, 1] 418
[0, 0, 1, 1] 429
[0, 0, 1, 1] 444
[0, 0, 1, 1] 459
[0, 0, 1, 1] 465
[0, 0, 1, 1] 474
[0, 0, 1, 1] 485
[0, 0, 1, 1] 494
[0, 0, 0, 1] 2
[0, 0, 0, 1] 3
[0, 0, 0, 1] 8
[0, 0, 0, 1] 19
[0, 0, 0, 1] 40
[0, 0, 0, 1] 41
[0, 0, 0, 1] 51
[0, 0, 0, 1] 57
[0, 0, 0, 1] 73
[0, 0, 0, 1] 77
[0, 0, 0, 1] 92
[0, 0, 0, 1] 116
[0, 0, 0, 1] 124
[0, 0, 0, 1] 125
[0, 0, 0, 1] 128
[0, 0, 0, 1] 128
[0, 0, 0, 1] 130
[0, 0, 0, 1] 157
[0, 0, 0, 1] 165
[0, 0, 0, 1] 179
[0, 0, 0, 1] 194
[0, 0, 0, 1] 194
[0, 0, 0, 1] 227
[0, 0, 0, 1] 238
[0, 0, 0, 1] 249
[0, 0, 0, 1] 250
