VARIABLES 120
NB_OBJ 4
ITEMS
[1, 1, 1, 1] 750
[1, 1, 1, 1] 754
[1, 1, 1, 1] 765
[1, 1, 1, 1] 766
[1, 1, 1, 1] 771
[1, 1, 1, 1] 772
[1, 1, 1, 1] 779
[1, 1, 1, 1] 780
[1, 1, 1, 1] 786
[1, 1, 1, 1] 787
[1, 1, 1, 1] 789
[1, 1, 1, 1] 804
[1, 1, 1, 1] 821
[1, 1, 1, 1] 824
[1, 1, 1, 1] 830
[1, 1, 1, 1] 842
[1, 1, 1, 1] 848
[1, 1, 1, 1] 853
[1, 1, 1, 1] 861
[1, 1, 1, 1] 862
[1, 1, 1, 1] 864
[1, 1, 1, 1] 881
[1, 1, 1, 1] 888
[1, 1, 1, 1] 894
[1, 1, 1, 1] 915
[1, 1, 1, 1] 924
[1, 1, 1, 1] 931
[1, 1, 1, 1] 932
[1, 1, 1, 1] 933
[1, 1, 1, 1] 939
[1, 1, 1, 1] 942
[1, 1, 1, 1] 944
[1, 1, 1, 1] 965
[1, 1, 1, 1] 969
[1, 1, 1, 1] 969
[1, 1, 1, 1] 971
[1, 1, 1, 1] 984
[1, 1, 1, 1] 989
[1, 1, 1, 1] 995
[1, 1, 1, 1] 996
[1, 1, 1, 1] 996
[1, 1, 1, 1] 997
[0, 1, 1, 1] 503
[0, 1, 1, 1] 503
[0, 1, 1, 1] 504
[0, 1, 1, 1] 518
[0, 1, 1, 1] 541
[0, 1, 1, 1] 554
[0, 1, 1, 1] 558
[0, 1, 1, 1] 573
[0, 1, 1, 1] 591
[0, 1, 1, 1] 604
[0, 1, 1, 1] 605
[0, 1, 1, 1] 615
[0, 1, 1, 1] 632
[0, 1, 1, 1] 636
[0, 1, 1, 1] 640
[0, 1, 1, 1] 642
[0, 1, 1, 1] 649
[0, 1, 1, 1] 652
[0, 1, 1, 1] 664
[0, 1, 1, 1] 675
[0, 1, 1, 1] 683
[0, 1, 1, 1] 688
[0, 1, 1, 1] 690
[0, 1, 1, 1] 693
[0, 1, 1, 1] 702
[0, 1, 1, 1] 724
[0, 1, 1, 1] 744
[0, 1, 1, 1] 749
[0, 0, 1, 1] 259
[0, 0, 1, 1] 264
[0, 0, 1, 1] 304
[0, 0, 1, 1] 332
[0, 0, 1, 1] 357
[0, 0, 1, 1] 360
[0, 0, 1, 1] 366
[0, 0, 1, 1] 371
[0, 0, 1, 1] 409
[0, 0, 1, 1] 411
[0, 0, 1, 1] 422
[0, 0, 1, 1] 440
[0, 0, 1, 1] 447
[0, 0, 1, 1] 454
[0, 0, 1, 1] 468
[0, 0, 1, 1] 468
[0, 0, 1, 1] 473
[0, 0, 1, 1] 479
[0, 0, 1, 1] 485
[0, 0, 0, 1] 6
[0, 0, 0, 1] 9
[0, 0, 0, 1] 19
[0, 0, 0, 1] 24
[0, 0, 0, 1] 34
[0, 0, 0, 1] 43
[0, 0, 0, 1] 47
[0, 0, 0, 1] 58
[0, 0, 0, 1] 63
[0, 0, 0, 1] 78
[0, 0, 0, 1] 90
[0, 0, 0, 1] 94
[0, 0, 0, 1] 118
[0, 0, 0, 1] 122
[0, 0, 0, 1] 137
[0, 0, 0, 1] 149
[0, 0, 0, 1] 156
[0, 0, 0, 1] 173
[0, 0, 0, 1] 177
[0, 0, 0, 1] 185
[0, 0, 0, 1] 191
[0, 0, 0, 1] 193
[0, 0, 0, 1] 200
[0, 0, 0, 1] 202
[0, 0, 0, 1] 212
[0, 0, 0, 1] 215
[0, 0, 0, 1] 219
[0, 0, 0, 1] 223
[0, 0, 0, 1] 231
[0, 0, 0, 1] 236
[0, 0, 0, 1] 250
