VARIABLES 120
NB_OBJ 4
ITEMS
[1, 1, 1, 1] 756
[1, 1, 1, 1] 757
[1, 1, 1, 1] 764
[1, 1, 1, 1] 784
[1, 1, 1, 1] 798
[1, 1, 1, 1] 801
[1, 1, 1, 1] 801
[1, 1, 1, 1] 810
[1, 1, 1, 1] 833
[1, 1, 1, 1] 845
[1, 1, 1, 1] 847
[1, 1, 1, 1] 848
[1, 1, 1, 1] 848
[1, 1, 1, 1] 849
[1, 1, 1, 1] 861
[1, 1, 1, 1] 863
[1, 1, 1, 1] 873
[1, 1, 1, 1] 879
[1, 1, 1, 1] 892
[1, 1, 1, 1] 904
[1, 1, 1, 1] 904
[1, 1, 1, 1] 909
[1, 1, 1, 1] 912
[1, 1, 1, 1] 918
[1, 1, 1, 1] 929
[1, 1, 1, 1] 968
[1, 1, 1, 1] 969
[1, 1, 1, 1] 983
[1, 1, 1, 1] 988
[1, 1, 1, 1] 993
[1, 1, 1, 1] 997
[0, 1, 1, 1] 502
[0, 1, 1, 1] 521
[0, 1, 1, 1] 524
[0, 1, 1, 1] 551
[0, 1, 1, 1] 555
[0, 1, 1, 1] 558
[0, 1, 1, 1] 569
[0, 1, 1, 1] 575
[0, 1, 1, 1] 582
[0, 1, 1, 1] 584
[0, 1, 1, 1] 590
[0, 1, 1, 1] 591
[0, 1, 1, 1] 609
[0, 1, 1, 1] 628
[0, 1, 1, 1] 642
[0, 1, 1, 1] 652
[0, 1, 1, 1] 656
[0, 1, 1, 1] 657
[0, 1, 1, 1] 663
[0, 1, 1, 1] 670
[0, 1, 1, 1] 676
[0, 1, 1, 1] 677
[0, 1, 1, 1] 682
[0, 1, 1, 1] 698
[0, 1, 1, 1] 699
[0, 1, 1, 1] 699
[0, 1, 1, 1] 710
[0, 1, 1, 1] 711
[0, 1, 1, 1] 730
[0, 1, 1, 1] 733
[0, 1, 1, 1] 737
[0, 1, 1, 1] 741
[0, 1, 1, 1] 747
[0, 1, 1, 1] 747
[0, 0, 1, 1] 269
[0, 0, 1, 1] 273
[0, 0, 1, 1] 279
[0, 0, 1, 1] 294
[0, 0, 1, 1] 297
[0, 0, 1, 1] 304
[0, 0, 1, 1] 306
[0, 0, 1, 1] 318
[0, 0, 1, 1] 321
[0, 0, 1, 1] 324
[0, 0, 1, 1] 335
[0, 0, 1, 1] 349
[0, 0, 1, 1] 365
[0, 0, 1, 1] 380
[0, 0, 1, 1] 401
[0, 0, 1, 1] 411
[0, 0, 1, 1] 419
[0, 0, 1, 1] 422
[0, 0, 1, 1] 430
[0, 0, 1, 1] 445
[0, 0, 1, 1] 446
[0, 0, 1, 1] 447
[0, 0, 1, 1] 448
[0, 0, 1, 1] 449
[0, 0, 1, 1] 458
[0, 0, 1, 1] 459
[0, 0, 1, 1] 473
[0, 0, 1, 1] 475
[0, 0, 1, 1] 493
[0, 0, 0, 1] 22
[0, 0, 0, 1] 34
[0, 0, 0, 1] 35
[0, 0, 0, 1] 37
[0, 0, 0, 1] 39
[0, 0, 0, 1] 47
[0, 0, 0, 1] 50
[0, 0, 0, 1] 58
[0, 0, 0, 1] 65
[0, 0, 0, 1] 75
[0, 0, 0, 1] 89
[0, 0, 0, 1] 91
[0, 0, 0, 1] 99
[0, 0, 0, 1] 108
[0, 0, 0, 1] 119
[0, 0, 0, 1] 124
[0, 0, 0, 1] 151
[0, 0, 0, 1] 178
[0, 0, 0, 1] 191
[0, 0, 0, 1] 228
[0, 0, 0, 1] 234
[0, 0, 0, 1] 236
[0, 0, 0, 1] 236
[0, 0, 0, 1] 237
[0, 0, 0, 1] 240
[0, 0, 0, 1] 241
