VARIABLES 120
NB_OBJ 4
ITEMS
[1, 1, 1, 1] 762
[1, 1, 1, 1] 762
[1, 1, 1, 1] 767
[1, 1, 1, 1] 767
[1, 1, 1, 1] 768
[1, 1, 1, 1] 772
[1, 1, 1, 1] 774
[1, 1, 1, 1] 786
[1, 1, 1, 1] 802
[1, 1, 1, 1] 807
[1, 1, 1, 1] 810
[1, 1, 1, 1] 811
[1, 1, 1, 1] 815
[1, 1, 1, 1] 815
[1, 1, 1, 1] 840
[1, 1, 1, 1] 841
[1, 1, 1, 1] 858
[1, 1, 1, 1] 867
[1, 1, 1, 1] 870
[1, 1, 1, 1] 880
[1, 1, 1, 1] 895
[1, 1, 1, 1] 899
[1, 1, 1, 1] 903
[1, 1, 1, 1] 918
[1, 1, 1, 1] 922
[1, 1, 1, 1] 926
[1, 1, 1, 1] 933
[1, 1, 1, 1] 936
[1, 1, 1, 1] 959
[1, 1, 1, 1] 961
[1, 1, 1, 1] 962
[1, 1, 1, 1] 970
[1, 1, 1, 1] 985
[1, 1, 1, 1] 988
[1, 1, 1, 1] 994
[1, 1, 1, 1] 1000
[0, 1, 1, 1] 505
[0, 1, 1, 1] 512
[0, 1, 1, 1] 535
[0, 1, 1, 1] 538
[0, 1, 1, 1] 554
[0, 1, 1, 1] 578
[0, 1, 1, 1] 585
[0, 1, 1, 1] 592
[0, 1, 1, 1] 597
[0, 1, 1, 1] 632
[0, 1, 1, 1] 645
[0, 1, 1, 1] 657
[0, 1, 1, 1] 660
[0, 1, 1, 1] 661
[0, 1, 1, 1] 661
[0, 1, 1, 1] 672
[0, 1, 1, 1] 673
[0, 1, 1, 1] 674
[0, 1, 1, 1] 677
[0, 1, 1, 1] 678
[0, 1, 1, 1] 681
[0, 1, 1, 1] 686
[0, 1, 1, 1] 700
[0, 1, 1, 1] 708
[0, 1, 1, 1] 713
[0, 1, 1, 1] 739
[0, 0, 1, 1] 251
[0, 0, 1, 1] 253
[0, 0, 1, 1] 258
[0, 0, 1, 1] 268
[0, 0, 1, 1] 272
[0, 0, 1, 1] 272
[0, 0, 1, 1] 286
[0, 0, 1, 1] 290
[0, 0, 1, 1] 302
[0, 0, 1, 1] 337
[0, 0, 1, 1] 343
[0, 0, 1, 1] 351
[0, 0, 1, 1] 366
[0, 0, 1, 1] 381
[0, 0, 1, 1] 382
[0, 0, 1, 1] 394
[0, 0, 1, 1] 396
[0, 0, 1, 1] 404
[0, 0, 1, 1] 407
[0, 0, 1, 1] 410
[0, 0, 1, 1] 432
[0, 0, 1, 1] 477
[0, 0, 1, 1] 479
[0, 0, 1, 1] 483
[0, 0, 1, 1] 490
[0, 0, 0, 1] 8
[0, 0, 0, 1] 14
[0, 0, 0, 1] 22
[0, 0, 0, 1] 23
[0, 0, 0, 1] 34
[0, 0, 0, 1] 53
[0, 0, 0, 1] 86
[0, 0, 0, 1] 95
[0, 0, 0, 1] 98
[0, 0, 0, 1] 117
[0, 0, 0, 1] 117
[0, 0, 0, 1] 120
[0, 0, 0, 1] 127
[0, 0, 0, 1] 130
[0, 0, 0, 1] 139
[0, 0, 0, 1] 142
[0, 0, 0, 1] 148
[0, 0, 0, 1] 152
[0, 0, 0, 1] 169
[0, 0, 0, 1] 181
[0, 0, 0, 1] 184
[0, 0, 0, 1] 185
[0, 0, 0, 1] 195
[0, 0, 0, 1] 196
[0, 0, 0, 1] 198
[0, 0, 0, 1] 204
[0, 0, 0, 1] 213
[0, 0, 0, 1] 217
[0, 0, 0, 1] 217
[0, 0, 0, 1] 219
[0, 0, 0, 1] 221
[0, 0, 0, 1] 222
[0, 0, 0, 1] 224
