VARIABLES 120
NB_OBJ 4
ITEMS
[1, 1, 1, 1] 750
[1, 1, 1, 1] 754
[1, 1, 1, 1] 755
[1, 1, 1, 1] 769
[1, 1, 1, 1] 770
[1, 1, 1, 1] 778
[1, 1, 1, 1] 790
[1, 1, 1, 1] 792
[1, 1, 1, 1] 827
[1, 1, 1, 1] 828
[1, 1, 1, 1] 833
[1, 1, 1, 1] 834
[1, 1, 1, 1] 842
[1, 1, 1, 1] 848
[1, 1, 1, 1] 850
[1, 1, 1, 1] 856
[1, 1, 1, 1] 861
[1, 1, 1, 1] 874
[1, 1, 1, 1] 876
[1, 1, 1, 1] 885
[1, 1, 1, 1] 904
[1, 1, 1, 1] 927
[1, 1, 1, 1] 937
[1, 1, 1, 1] 938
[1, 1, 1, 1] 942
[1, 1, 1, 1] 952
[1, 1, 1, 1] 955
[1, 1, 1, 1] 983
[1, 1, 1, 1] 989
[1, 1, 1, 1] 993
[1, 1, 1, 1] 997
[1, 1, 1, 1] 999
[0, 1, 1, 1] 549
[0, 1, 1, 1] 559
[0, 1, 1, 1] 585
[0, 1, 1, 1] 593
[0, 1, 1, 1] 605
[0, 1, 1, 1] 610
[0, 1, 1, 1] 616
[0, 1, 1, 1] 621
[0, 1, 1, 1] 634
[0, 1, 1, 1] 662
[0, 1, 1, 1] 669
[0, 1, 1, 1] 671
[0, 1, 1, 1] 679
[0, 1, 1, 1] 687
[0, 1, 1, 1] 694
[0, 1, 1, 1] 695
[0, 1, 1, 1] 702
[0, 1, 1, 1] 705
[0, 1, 1, 1] 705
[0, 1, 1, 1] 710
[0, 1, 1, 1] 715
[0, 1, 1, 1] 722
[0, 1, 1, 1] 742
[0, 1, 1, 1] 748
[0, 0, 1, 1] 250
[0, 0, 1, 1] 263
[0, 0, 1, 1] 279
[0, 0, 1, 1] 284
[0, 0, 1, 1] 288
[0, 0, 1, 1] 303
[0, 0, 1, 1] 306
[0, 0, 1, 1] 310
[0, 0, 1, 1] 313
[0, 0, 1, 1] 329
[0, 0, 1, 1] 329
[0, 0, 1, 1] 342
[0, 0, 1, 1] 347
[0, 0, 1, 1] 358
[0, 0, 1, 1] 372
[0, 0, 1, 1] 373
[0, 0, 1, 1] 377
[0, 0, 1, 1] 382
[0, 0, 1, 1] 393
[0, 0, 1, 1] 397
[0, 0, 1, 1] 407
[0, 0, 1, 1] 424
[0, 0, 1, 1] 435
[0, 0, 1, 1] 437
[0, 0, 1, 1] 449
[0, 0, 1, 1] 451
[0, 0, 1, 1] 457
[0, 0, 1, 1] 462
[0, 0, 1, 1] 462
[0, 0, 1, 1] 473
[0, 0, 1, 1] 486
[0, 0, 1, 1] 492
[0, 0, 1, 1] 494
[0, 0, 1, 1] 495
[0, 0, 0, 1] 3
[0, 0, 0, 1] 11
[0, 0, 0, 1] 12
[0, 0, 0, 1] 20
[0, 0, 0, 1] 22
[0, 0, 0, 1] 25
[0, 0, 0, 1] 40
[0, 0, 0, 1] 41
[0, 0, 0, 1] 47
[0, 0, 0, 1] 48
[0, 0, 0, 1] 49
[0, 0, 0, 1] 54
[0, 0, 0, 1] 58
[0, 0, 0, 1] 67
[0, 0, 0, 1] 77
[0, 0, 0, 1] 85
[0, 0, 0, 1] 104
[0, 0, 0, 1] 104
[0, 0, 0, 1] 145
[0, 0, 0, 1] 147
[0, 0, 0, 1] 150
[0, 0, 0, 1] 173
[0, 0, 0, 1] 202
[0, 0, 0, 1] 203
[0, 0, 0, 1] 204
[0, 0, 0, 1] 212
[0, 0, 0, 1] 218
[0, 0, 0, 1] 239
[0, 0, 0, 1] 241
[0, 0, 0, 1] 241
