VARIABLES 120
NB_OBJ 4
ITEMS
[1, 1, 1, 1] 750
[1, 1, 1, 1] 757
[1, 1, 1, 1] 759
[1, 1, 1, 1] 761
[1, 1, 1, 1] 762
[1, 1, 1, 1] 792
[1, 1, 1, 1] 796
[1, 1, 1, 1] 811
[1, 1, 1, 1] 812
[1, 1, 1, 1] 821
[1, 1, 1, 1] 822
[1, 1, 1, 1] 848
[1, 1, 1, 1] 899
[1, 1, 1, 1] 902
[1, 1, 1, 1] 906
[1, 1, 1, 1] 919
[1, 1, 1, 1] 928
[1, 1, 1, 1] 940
[1, 1, 1, 1] 940
[1, 1, 1, 1] 952
[1, 1, 1, 1] 956
[1, 1, 1, 1] 961
[1, 1, 1, 1] 973
[1, 1, 1, 1] 992
[0, 1, 1, 1] 502
[0, 1, 1, 1] 550
[0, 1, 1, 1] 551
[0, 1, 1, 1] 565
[0, 1, 1, 1] 577
[0, 1, 1, 1] 579
[0, 1, 1, 1] 593
[0, 1, 1, 1] 604
[0, 1, 1, 1] 606
[0, 1, 1, 1] 617
[0, 1, 1, 1] 654
[0, 1, 1, 1] 657
[0, 1, 1, 1] 660
[0, 1, 1, 1] 666
[0, 1, 1, 1] 666
[0, 1, 1, 1] 670
[0, 1, 1, 1] 674
[0, 1, 1, 1] 676
[0, 1, 1, 1] 689
[0, 1, 1, 1] 693
[0, 1, 1, 1] 696
[0, 1, 1, 1] 697
[0, 1, 1, 1] 701
[0, 1, 1, 1] 702
[0, 1, 1, 1] 704
[0, 1, 1, 1] 729
[0, 1, 1, 1] 732
[0, 1, 1, 1] 736
[0, 1, 1, 1] 737
[0, 1, 1, 1] 737
[0, 1, 1, 1] 741
[0, 1, 1, 1] 747
[0, 1, 1, 1] 747
[0, 1, 1, 1] 750
[0, 0, 1, 1] 261
[0, 0, 1, 1] 269
[0, 0, 1, 1] 269
[0, 0, 1, 1] 283
[0, 0, 1, 1] 311
[0, 0, 1, 1] 343
[0, 0, 1, 1] 345
[0, 0, 1, 1] 353
[0, 0, 1, 1] 356
[0, 0, 1, 1] 357
[0, 0, 1, 1] 359
[0, 0, 1, 1] 362
[0, 0, 1, 1] 371
[0, 0, 1, 1] 372
[0, 0, 1, 1] 376
[0, 0, 1, 1] 377
[0, 0, 1, 1] 416
[0, 0, 1, 1] 419
[0, 0, 1, 1] 425
[0, 0, 1, 1] 427
[0, 0, 1, 1] 445
[0, 0, 1, 1] 459
[0, 0, 1, 1] 470
[0, 0, 1, 1] 476
[0, 0, 1, 1] 494
[0, 0, 1, 1] 495
[0, 0, 1, 1] 500
[0, 0, 0, 1] 6
[0, 0, 0, 1] 13
[0, 0, 0, 1] 20
[0, 0, 0, 1] 22
[0, 0, 0, 1] 28
[0, 0, 0, 1] 30
[0, 0, 0, 1] 39
[0, 0, 0, 1] 44
[0, 0, 0, 1] 88
[0, 0, 0, 1] 100
[0, 0, 0, 1] 112
[0, 0, 0, 1] 113
[0, 0, 0, 1] 115
[0, 0, 0, 1] 120
[0, 0, 0, 1] 120
[0, 0, 0, 1] 135
[0, 0, 0, 1] 145
[0, 0, 0, 1] 148
[0, 0, 0, 1] 152
[0, 0, 0, 1] 163
[0, 0, 0, 1] 164
[0, 0, 0, 1] 168
[0, 0, 0, 1] 174
[0, 0, 0, 1] 189
[0, 0, 0, 1] 190
[0, 0, 0, 1] 191
[0, 0, 0, 1] 196
[0, 0, 0, 1] 200
[0, 0, 0, 1] 203
[0, 0, 0, 1] 204
[0, 0, 0, 1] 206
[0, 0, 0, 1] 207
[0, 0, 0, 1] 212
[0, 0, 0, 1] 220
[0, 0, 0, 1] 237
