VARIABLES 120
NB_OBJ 4
ITEMS
[1, 1, 1, 1] 757
[1, 1, 1, 1] 788
[1, 1, 1, 1] 789
[1, 1, 1, 1] 800
[1, 1, 1, 1] 800
[1, 1, 1, 1] 810
[1, 1, 1, 1] 818
[1, 1, 1, 1] 822
[1, 1, 1, 1] 829
[1, 1, 1, 1] 830
[1, 1, 1, 1] 831
[1, 1, 1, 1] 846
[1, 1, 1, 1] 851
[1, 1, 1, 1] 860
[1, 1, 1, 1] 861
[1, 1, 1, 1] 863
[1, 1, 1, 1] 872
[1, 1, 1, 1] 878
[1, 1, 1, 1] 880
[1, 1, 1, 1] 903
[1, 1, 1, 1] 909
[1, 1, 1, 1] 914
[1, 1, 1, 1] 929
[1, 1, 1, 1] 941
[1, 1, 1, 1] 974
[1, 1, 1, 1] 994
[1, 1, 1, 1] 997
[0, 1, 1, 1] 506
[0, 1, 1, 1] 527
[0, 1, 1, 1] 531
[0, 1, 1, 1] 544
[0, 1, 1, 1] 563
[0, 1, 1, 1] 564
[0, 1, 1, 1] 571
[0, 1, 1, 1] 585
[0, 1, 1, 1] 586
[0, 1, 1, 1] 595
[0, 1, 1, 1] 611
[0, 1, 1, 1] 612
[0, 1, 1, 1] 648
[0, 1, 1, 1] 649
[0, 1, 1, 1] 654
[0, 1, 1, 1] 658
[0, 1, 1, 1] 661
[0, 1, 1, 1] 662
[0, 1, 1, 1] 670
[0, 1, 1, 1] 674
[0, 1, 1, 1] 678
[0, 1, 1, 1] 683
[0, 1, 1, 1] 690
[0, 1, 1, 1] 720
[0, 1, 1, 1] 721
[0, 1, 1, 1] 722
[0, 1, 1, 1] 724
[0, 0, 1, 1] 252
[0, 0, 1, 1] 257
[0, 0, 1, 1] 262
[0, 0, 1, 1] 266
[0, 0, 1, 1] 267
[0, 0, 1, 1] 294
[0, 0, 1, 1] 299
[0, 0, 1, 1] 301
[0, 0, 1, 1] 322
[0, 0, 1, 1] 326
[0, 0, 1, 1] 326
[0, 0, 1, 1] 328
[0, 0, 1, 1] 346
[0, 0, 1, 1] 348
[0, 0, 1, 1] 369
[0, 0, 1, 1] 373
[0, 0, 1, 1] 391
[0, 0, 1, 1] 392
[0, 0, 1, 1] 409
[0, 0, 1, 1] 411
[0, 0, 1, 1] 415
[0, 0, 1, 1] 417
[0, 0, 1, 1] 417
[0, 0, 1, 1] 423
[0, 0, 1, 1] 425
[0, 0, 1, 1] 425
[0, 0, 1, 1] 426
[0, 0, 1, 1] 426
[0, 0, 1, 1] 428
[0, 0, 1, 1] 432
[0, 0, 1, 1] 441
[0, 0, 1, 1] 449
[0, 0, 1, 1] 451
[0, 0, 1, 1] 452
[0, 0, 1, 1] 454
[0, 0, 1, 1] 458
[0, 0, 1, 1] 463
[0, 0, 1, 1] 470
[0, 0, 1, 1] 483
[0, 0, 1, 1] 485
[0, 0, 1, 1] 486
[0, 0, 1, 1] 491
[0, 0, 1, 1] 499
[0, 0, 0, 1] 10
[0, 0, 0, 1] 11
[0, 0, 0, 1] 12
[0, 0, 0, 1] 20
[0, 0, 0, 1] 40
[0, 0, 0, 1] 58
[0, 0, 0, 1] 76
[0, 0, 0, 1] 85
[0, 0, 0, 1] 89
[0, 0, 0, 1] 104
[0, 0, 0, 1] 128
[0, 0, 0, 1] 139
[0, 0, 0, 1] 141
[0, 0, 0, 1] 146
[0, 0, 0, 1] 151
[0, 0, 0, 1] 154
[0, 0, 0, 1] 169
[0, 0, 0, 1] 184
[0, 0, 0, 1] 201
[0, 0, 0, 1] 209
[0, 0, 0, 1] 212
[0, 0, 0, 1] 234
[0, 0, 0, 1] 239
