VARIABLES 120
NB_OBJ 4
ITEMS
[1, 1, 1, 1] 759
[1, 1, 1, 1] 768
[1, 1, 1, 1] 772
[1, 1, 1, 1] 775
[1, 1, 1, 1] 780
[1, 1, 1, 1] 782
[1, 1, 1, 1] 787
[1, 1, 1, 1] 788
[1, 1, 1, 1] 794
[1, 1, 1, 1] 805
[1, 1, 1, 1] 807
[1, 1, 1, 1] 812
[1, 1, 1, 1] 831
[1, 1, 1, 1] 842
[1, 1, 1, 1] 864
[1, 1, 1, 1] 870
[1, 1, 1, 1] 879
[1, 1, 1, 1] 880
[1, 1, 1, 1] 913
[1, 1, 1, 1] 937
[1, 1, 1, 1] 968
[1, 1, 1, 1] 969
[1, 1, 1, 1] 978
[1, 1, 1, 1] 985
[1, 1, 1, 1] 990
[1, 1, 1, 1] 998
[1, 1, 1, 1] 999
[0, 1, 1, 1] 500
[0, 1, 1, 1] 503
[0, 1, 1, 1] 508
[0, 1, 1, 1] 515
[0, 1, 1, 1] 525
[0, 1, 1, 1] 528
[0, 1, 1, 1] 533
[0, 1, 1, 1] 545
[0, 1, 1, 1] 556
[0, 1, 1, 1] 561
[0, 1, 1, 1] 561
[0, 1, 1, 1] 570
[0, 1, 1, 1] 571
[0, 1, 1, 1] 571
[0, 1, 1, 1] 572
[0, 1, 1, 1] 588
[0, 1, 1, 1] 606
[0, 1, 1, 1] 617
[0, 1, 1, 1] 619
[0, 1, 1, 1] 622
[0, 1, 1, 1] 624
[0, 1, 1, 1] 631
[0, 1, 1, 1] 633
[0, 1, 1, 1] 641
[0, 1, 1, 1] 651
[0, 1, 1, 1] 656
[0, 1, 1, 1] 656
[0, 1, 1, 1] 671
[0, 1, 1, 1] 684
[0, 1, 1, 1] 695
[0, 1, 1, 1] 703
[0, 1, 1, 1] 706
[0, 1, 1, 1] 712
[0, 1, 1, 1] 742
[0, 0, 1, 1] 252
[0, 0, 1, 1] 262
[0, 0, 1, 1] 286
[0, 0, 1, 1] 294
[0, 0, 1, 1] 298
[0, 0, 1, 1] 299
[0, 0, 1, 1] 300
[0, 0, 1, 1] 309
[0, 0, 1, 1] 325
[0, 0, 1, 1] 325
[0, 0, 1, 1] 342
[0, 0, 1, 1] 362
[0, 0, 1, 1] 364
[0, 0, 1, 1] 365
[0, 0, 1, 1] 366
[0, 0, 1, 1] 368
[0, 0, 1, 1] 387
[0, 0, 1, 1] 398
[0, 0, 1, 1] 404
[0, 0, 1, 1] 404
[0, 0, 1, 1] 411
[0, 0, 1, 1] 419
[0, 0, 1, 1] 445
[0, 0, 1, 1] 459
[0, 0, 1, 1] 475
[0, 0, 1, 1] 477
[0, 0, 1, 1] 480
[0, 0, 1, 1] 482
[0, 0, 1, 1] 489
[0, 0, 1, 1] 490
[0, 0, 0, 1] 1
[0, 0, 0, 1] 14
[0, 0, 0, 1] 28
[0, 0, 0, 1] 30
[0, 0, 0, 1] 49
[0, 0, 0, 1] 53
[0, 0, 0, 1] 54
[0, 0, 0, 1] 58
[0, 0, 0, 1] 58
[0, 0, 0, 1] 61
[0, 0, 0, 1] 96
[0, 0, 0, 1] 101
[0, 0, 0, 1] 109
[0, 0, 0, 1] 122
[0, 0, 0, 1] 123
[0, 0, 0, 1] 130
[0, 0, 0, 1] 135
[0, 0, 0, 1] 148
[0, 0, 0, 1] 157
[0, 0, 0, 1] 172
[0, 0, 0, 1] 196
[0, 0, 0, 1] 207
[0, 0, 0, 1] 209
[0, 0, 0, 1] 211
[0, 0, 0, 1] 218
[0, 0, 0, 1] 219
[0, 0, 0, 1] 233
[0, 0, 0, 1] 245
[0, 0, 0, 1] 250
