VARIABLES 120
NB_OBJ 4
ITEMS
[1, 1, 1, 1] 756
[1, 1, 1, 1] 757
[1, 1, 1, 1] 761
[1, 1, 1, 1] 762
[1, 1, 1, 1] 771
[1, 1, 1, 1] 793
[1, 1, 1, 1] 796
[1, 1, 1, 1] 797
[1, 1, 1, 1] 845
[1, 1, 1, 1] 867
[1, 1, 1, 1] 867
[1, 1, 1, 1] 867
[1, 1, 1, 1] 869
[1, 1, 1, 1] 874
[1, 1, 1, 1] 875
[1, 1, 1, 1] 886
[1, 1, 1, 1] 893
[1, 1, 1, 1] 895
[1, 1, 1, 1] 904
[1, 1, 1, 1] 905
[1, 1, 1, 1] 921
[1, 1, 1, 1] 924
[1, 1, 1, 1] 925
[1, 1, 1, 1] 928
[1, 1, 1, 1] 946
[1, 1, 1, 1] 946
[1, 1, 1, 1] 947
[1, 1, 1, 1] 954
[1, 1, 1, 1] 976
[1, 1, 1, 1] 986
[1, 1, 1, 1] 991
[0, 1, 1, 1] 516
[0, 1, 1, 1] 516
[0, 1, 1, 1] 524
[0, 1, 1, 1] 525
[0, 1, 1, 1] 526
[0, 1, 1, 1] 531
[0, 1, 1, 1] 536
[0, 1, 1, 1] 540
[0, 1, 1, 1] 543
[0, 1, 1, 1] 557
[0, 1, 1, 1] 559
[0, 1, 1, 1] 568
[0, 1, 1, 1] 575
[0, 1, 1, 1] 622
[0, 1, 1, 1] 626
[0, 1, 1, 1] 638
[0, 1, 1, 1] 652
[0, 1, 1, 1] 654
[0, 1, 1, 1] 660
[0, 1, 1, 1] 670
[0, 1, 1, 1] 693
[0, 1, 1, 1] 715
[0, 1, 1, 1] 722
[0, 1, 1, 1] 726
[0, 1, 1, 1] 734
[0, 1, 1, 1] 746
[0, 1, 1, 1] 746
[0, 0, 1, 1] 256
[0, 0, 1, 1] 262
[0, 0, 1, 1] 275
[0, 0, 1, 1] 275
[0, 0, 1, 1] 279
[0, 0, 1, 1] 292
[0, 0, 1, 1] 313
[0, 0, 1, 1] 319
[0, 0, 1, 1] 325
[0, 0, 1, 1] 332
[0, 0, 1, 1] 339
[0, 0, 1, 1] 348
[0, 0, 1, 1] 352
[0, 0, 1, 1] 352
[0, 0, 1, 1] 360
[0, 0, 1, 1] 360
[0, 0, 1, 1] 363
[0, 0, 1, 1] 368
[0, 0, 1, 1] 397
[0, 0, 1, 1] 404
[0, 0, 1, 1] 420
[0, 0, 1, 1] 428
[0, 0, 1, 1] 437
[0, 0, 1, 1] 443
[0, 0, 1, 1] 457
[0, 0, 1, 1] 462
[0, 0, 1, 1] 470
[0, 0, 1, 1] 473
[0, 0, 1, 1] 473
[0, 0, 1, 1] 473
[0, 0, 1, 1] 475
[0, 0, 1, 1] 483
[0, 0, 1, 1] 491
[0, 0, 1, 1] 494
[0, 0, 1, 1] 499
[0, 0, 0, 1] 1
[0, 0, 0, 1] 6
[0, 0, 0, 1] 24
[0, 0, 0, 1] 39
[0, 0, 0, 1] 53
[0, 0, 0, 1] 76
[0, 0, 0, 1] 79
[0, 0, 0, 1] 95
[0, 0, 0, 1] 103
[0, 0, 0, 1] 104
[0, 0, 0, 1] 106
[0, 0, 0, 1] 107
[0, 0, 0, 1] 112
[0, 0, 0, 1] 115
[0, 0, 0, 1] 126
[0, 0, 0, 1] 138
[0, 0, 0, 1] 143
[0, 0, 0, 1] 146
[0, 0, 0, 1] 155
[0, 0, 0, 1] 155
[0, 0, 0, 1] 156
[0, 0, 0, 1] 177
[0, 0, 0, 1] 180
[0, 0, 0, 1] 194
[0, 0, 0, 1] 225
[0, 0, 0, 1] 230
[0, 0, 0, 1] 234
