VARIABLES 120
NB_OBJ 4
ITEMS
[1, 1, 1, 1] 770
[1, 1, 1, 1] 787
[1, 1, 1, 1] 789
[1, 1, 1, 1] 809
[1, 1, 1, 1] 814
[1, 1, 1, 1] 831
[1, 1, 1, 1] 833
[1, 1, 1, 1] 844
[1, 1, 1, 1] 848
[1, 1, 1, 1] 868
[1, 1, 1, 1] 870
[1, 1, 1, 1] 872
[1, 1, 1, 1] 875
[1, 1, 1, 1] 878
[1, 1, 1, 1] 880
[1, 1, 1, 1] 881
[1, 1, 1, 1] 885
[1, 1, 1, 1] 891
[1, 1, 1, 1] 895
[1, 1, 1, 1] 902
[1, 1, 1, 1] 914
[1, 1, 1, 1] 920
[1, 1, 1, 1] 926
[1, 1, 1, 1] 926
[1, 1, 1, 1] 926
[1, 1, 1, 1] 927
[1, 1, 1, 1] 930
[1, 1, 1, 1] 969
[1, 1, 1, 1] 981
[1, 1, 1, 1] 986
[1, 1, 1, 1] 987
[1, 1, 1, 1] 991
[1, 1, 1, 1] 991
[0, 1, 1, 1] 501
[0, 1, 1, 1] 519
[0, 1, 1, 1] 523
[0, 1, 1, 1] 547
[0, 1, 1, 1] 553
[0, 1, 1, 1] 559
[0, 1, 1, 1] 566
[0, 1, 1, 1] 574
[0, 1, 1, 1] 575
[0, 1, 1, 1] 576
[0, 1, 1, 1] 583
[0, 1, 1, 1] 584
[0, 1, 1, 1] 591
[0, 1, 1, 1] 591
[0, 1, 1, 1] 611
[0, 1, 1, 1] 614
[0, 1, 1, 1] 620
[0, 1, 1, 1] 639
[0, 1, 1, 1] 652
[0, 1, 1, 1] 675
[0, 1, 1, 1] 682
[0, 1, 1, 1] 701
[0, 1, 1, 1] 701
[0, 1, 1, 1] 710
[0, 1, 1, 1] 711
[0, 1, 1, 1] 716
[0, 1, 1, 1] 721
[0, 1, 1, 1] 725
[0, 1, 1, 1] 735
[0, 0, 1, 1] 259
[0, 0, 1, 1] 261
[0, 0, 1, 1] 263
[0, 0, 1, 1] 263
[0, 0, 1, 1] 276
[0, 0, 1, 1] 277
[0, 0, 1, 1] 290
[0, 0, 1, 1] 292
[0, 0, 1, 1] 305
[0, 0, 1, 1] 309
[0, 0, 1, 1] 328
[0, 0, 1, 1] 329
[0, 0, 1, 1] 334
[0, 0, 1, 1] 337
[0, 0, 1, 1] 349
[0, 0, 1, 1] 358
[0, 0, 1, 1] 363
[0, 0, 1, 1] 366
[0, 0, 1, 1] 385
[0, 0, 1, 1] 390
[0, 0, 1, 1] 402
[0, 0, 1, 1] 410
[0, 0, 1, 1] 414
[0, 0, 1, 1] 419
[0, 0, 1, 1] 420
[0, 0, 1, 1] 420
[0, 0, 1, 1] 427
[0, 0, 1, 1] 428
[0, 0, 1, 1] 430
[0, 0, 1, 1] 449
[0, 0, 1, 1] 464
[0, 0, 0, 1] 3
[0, 0, 0, 1] 13
[0, 0, 0, 1] 23
[0, 0, 0, 1] 32
[0, 0, 0, 1] 48
[0, 0, 0, 1] 77
[0, 0, 0, 1] 95
[0, 0, 0, 1] 103
[0, 0, 0, 1] 112
[0, 0, 0, 1] 117
[0, 0, 0, 1] 127
[0, 0, 0, 1] 132
[0, 0, 0, 1] 152
[0, 0, 0, 1] 164
[0, 0, 0, 1] 165
[0, 0, 0, 1] 165
[0, 0, 0, 1] 176
[0, 0, 0, 1] 176
[0, 0, 0, 1] 193
[0, 0, 0, 1] 197
[0, 0, 0, 1] 213
[0, 0, 0, 1] 221
[0, 0, 0, 1] 224
[0, 0, 0, 1] 229
[0, 0, 0, 1] 247
[0, 0, 0, 1] 250
[0, 0, 0, 1] 250
