VARIABLES 120
NB_OBJ 4
ITEMS
[1, 1, 1, 1] 756
[1, 1, 1, 1] 762
[1, 1, 1, 1] 766
[1, 1, 1, 1] 768
[1, 1, 1, 1] 785
[1, 1, 1, 1] 788
[1, 1, 1, 1] 807
[1, 1, 1, 1] 823
[1, 1, 1, 1] 823
[1, 1, 1, 1] 829
[1, 1, 1, 1] 830
[1, 1, 1, 1] 854
[1, 1, 1, 1] 854
[1, 1, 1, 1] 863
[1, 1, 1, 1] 886
[1, 1, 1, 1] 887
[1, 1, 1, 1] 892
[1, 1, 1, 1] 915
[1, 1, 1, 1] 924
[1, 1, 1, 1] 925
[1, 1, 1, 1] 935
[1, 1, 1, 1] 942
[1, 1, 1, 1] 945
[1, 1, 1, 1] 945
[1, 1, 1, 1] 946
[1, 1, 1, 1] 952
[1, 1, 1, 1] 959
[1, 1, 1, 1] 969
[1, 1, 1, 1] 970
[1, 1, 1, 1] 980
[1, 1, 1, 1] 991
[1, 1, 1, 1] 1000
[0, 1, 1, 1] 512
[0, 1, 1, 1] 518
[0, 1, 1, 1] 529
[0, 1, 1, 1] 530
[0, 1, 1, 1] 539
[0, 1, 1, 1] 542
[0, 1, 1, 1] 543
[0, 1, 1, 1] 549
[0, 1, 1, 1] 556
[0, 1, 1, 1] 564
[0, 1, 1, 1] 566
[0, 1, 1, 1] 573
[0, 1, 1, 1] 586
[0, 1, 1, 1] 602
[0, 1, 1, 1] 619
[0, 1, 1, 1] 621
[0, 1, 1, 1] 622
[0, 1, 1, 1] 625
[0, 1, 1, 1] 636
[0, 1, 1, 1] 654
[0, 1, 1, 1] 659
[0, 1, 1, 1] 660
[0, 1, 1, 1] 678
[0, 1, 1, 1] 681
[0, 1, 1, 1] 687
[0, 1, 1, 1] 690
[0, 1, 1, 1] 690
[0, 1, 1, 1] 703
[0, 1, 1, 1] 704
[0, 1, 1, 1] 704
[0, 1, 1, 1] 712
[0, 1, 1, 1] 719
[0, 1, 1, 1] 730
[0, 1, 1, 1] 740
[0, 1, 1, 1] 746
[0, 0, 1, 1] 255
[0, 0, 1, 1] 266
[0, 0, 1, 1] 277
[0, 0, 1, 1] 297
[0, 0, 1, 1] 327
[0, 0, 1, 1] 328
[0, 0, 1, 1] 335
[0, 0, 1, 1] 343
[0, 0, 1, 1] 351
[0, 0, 1, 1] 358
[0, 0, 1, 1] 372
[0, 0, 1, 1] 374
[0, 0, 1, 1] 393
[0, 0, 1, 1] 397
[0, 0, 1, 1] 403
[0, 0, 1, 1] 406
[0, 0, 1, 1] 409
[0, 0, 1, 1] 440
[0, 0, 1, 1] 448
[0, 0, 1, 1] 461
[0, 0, 1, 1] 463
[0, 0, 1, 1] 477
[0, 0, 1, 1] 485
[0, 0, 1, 1] 499
[0, 0, 1, 1] 500
[0, 0, 0, 1] 13
[0, 0, 0, 1] 19
[0, 0, 0, 1] 25
[0, 0, 0, 1] 38
[0, 0, 0, 1] 47
[0, 0, 0, 1] 73
[0, 0, 0, 1] 77
[0, 0, 0, 1] 78
[0, 0, 0, 1] 86
[0, 0, 0, 1] 91
[0, 0, 0, 1] 97
[0, 0, 0, 1] 108
[0, 0, 0, 1] 114
[0, 0, 0, 1] 148
[0, 0, 0, 1] 148
[0, 0, 0, 1] 165
[0, 0, 0, 1] 186
[0, 0, 0, 1] 187
[0, 0, 0, 1] 188
[0, 0, 0, 1] 194
[0, 0, 0, 1] 198
[0, 0, 0, 1] 210
[0, 0, 0, 1] 214
[0, 0, 0, 1] 220
[0, 0, 0, 1] 220
[0, 0, 0, 1] 224
[0, 0, 0, 1] 231
[0, 0, 0, 1] 237
