VARIABLES 120
NB_OBJ 4
ITEMS
[1, 1, 1, 1] 752
[1, 1, 1, 1] 752
[1, 1, 1, 1] 753
[1, 1, 1, 1] 758
[1, 1, 1, 1] 780
[1, 1, 1, 1] 784
[1, 1, 1, 1] 790
[1, 1, 1, 1] 815
[1, 1, 1, 1] 826
[1, 1, 1, 1] 826
[1, 1, 1, 1] 826
[1, 1, 1, 1] 847
[1, 1, 1, 1] 870
[1, 1, 1, 1] 873
[1, 1, 1, 1] 881
[1, 1, 1, 1] 901
[1, 1, 1, 1] 904
[1, 1, 1, 1] 910
[1, 1, 1, 1] 912
[1, 1, 1, 1] 915
[1, 1, 1, 1] 926
[1, 1, 1, 1] 927
[1, 1, 1, 1] 951
[1, 1, 1, 1] 981
[1, 1, 1, 1] 986
[1, 1, 1, 1] 994
[0, 1, 1, 1] 517
[0, 1, 1, 1] 520
[0, 1, 1, 1] 531
[0, 1, 1, 1] 538
[0, 1, 1, 1] 539
[0, 1, 1, 1] 546
[0, 1, 1, 1] 555
[0, 1, 1, 1] 563
[0, 1, 1, 1] 568
[0, 1, 1, 1] 570
[0, 1, 1, 1] 572
[0, 1, 1, 1] 575
[0, 1, 1, 1] 580
[0, 1, 1, 1] 594
[0, 1, 1, 1] 600
[0, 1, 1, 1] 600
[0, 1, 1, 1] 612
[0, 1, 1, 1] 632
[0, 1, 1, 1] 639
[0, 1, 1, 1] 652
[0, 1, 1, 1] 656
[0, 1, 1, 1] 656
[0, 1, 1, 1] 656
[0, 1, 1, 1] 659
[0, 1, 1, 1] 665
[0, 1, 1, 1] 666
[0, 1, 1, 1] 670
[0, 1, 1, 1] 674
[0, 1, 1, 1] 689
[0, 1, 1, 1] 702
[0, 1, 1, 1] 703
[0, 1, 1, 1] 709
[0, 1, 1, 1] 713
[0, 1, 1, 1] 714
[0, 1, 1, 1] 725
[0, 0, 1, 1] 264
[0, 0, 1, 1] 267
[0, 0, 1, 1] 271
[0, 0, 1, 1] 273
[0, 0, 1, 1] 278
[0, 0, 1, 1] 286
[0, 0, 1, 1] 287
[0, 0, 1, 1] 290
[0, 0, 1, 1] 292
[0, 0, 1, 1] 308
[0, 0, 1, 1] 313
[0, 0, 1, 1] 353
[0, 0, 1, 1] 354
[0, 0, 1, 1] 361
[0, 0, 1, 1] 363
[0, 0, 1, 1] 385
[0, 0, 1, 1] 390
[0, 0, 1, 1] 395
[0, 0, 1, 1] 412
[0, 0, 1, 1] 416
[0, 0, 1, 1] 424
[0, 0, 1, 1] 428
[0, 0, 1, 1] 430
[0, 0, 1, 1] 448
[0, 0, 1, 1] 454
[0, 0, 1, 1] 455
[0, 0, 1, 1] 455
[0, 0, 1, 1] 463
[0, 0, 1, 1] 480
[0, 0, 1, 1] 496
[0, 0, 0, 1] 9
[0, 0, 0, 1] 9
[0, 0, 0, 1] 15
[0, 0, 0, 1] 38
[0, 0, 0, 1] 42
[0, 0, 0, 1] 42
[0, 0, 0, 1] 75
[0, 0, 0, 1] 78
[0, 0, 0, 1] 91
[0, 0, 0, 1] 97
[0, 0, 0, 1] 110
[0, 0, 0, 1] 112
[0, 0, 0, 1] 115
[0, 0, 0, 1] 117
[0, 0, 0, 1] 125
[0, 0, 0, 1] 132
[0, 0, 0, 1] 156
[0, 0, 0, 1] 169
[0, 0, 0, 1] 186
[0, 0, 0, 1] 196
[0, 0, 0, 1] 199
[0, 0, 0, 1] 200
[0, 0, 0, 1] 202
[0, 0, 0, 1] 224
[0, 0, 0, 1] 233
[0, 0, 0, 1] 238
[0, 0, 0, 1] 240
[0, 0, 0, 1] 241
[0, 0, 0, 1] 248
