VARIABLES 120
NB_OBJ 4
ITEMS
[1, 1, 1, 1] 762
[1, 1, 1, 1] 766
[1, 1, 1, 1] 770
[1, 1, 1, 1] 783
[1, 1, 1, 1] 785
[1, 1, 1, 1] 791
[1, 1, 1, 1] 795
[1, 1, 1, 1] 800
[1, 1, 1, 1] 803
[1, 1, 1, 1] 804
[1, 1, 1, 1] 807
[1, 1, 1, 1] 817
[1, 1, 1, 1] 821
[1, 1, 1, 1] 835
[1, 1, 1, 1] 838
[1, 1, 1, 1] 857
[1, 1, 1, 1] 863
[1, 1, 1, 1] 895
[1, 1, 1, 1] 955
[1, 1, 1, 1] 958
[1, 1, 1, 1] 959
[1, 1, 1, 1] 964
[1, 1, 1, 1] 984
[1, 1, 1, 1] 986
[1, 1, 1, 1] 990
[1, 1, 1, 1] 994
[1, 1, 1, 1] 995
[0, 1, 1, 1] 509
[0, 1, 1, 1] 512
[0, 1, 1, 1] 513
[0, 1, 1, 1] 530
[0, 1, 1, 1] 536
[0, 1, 1, 1] 538
[0, 1, 1, 1] 553
[0, 1, 1, 1] 571
[0, 1, 1, 1] 601
[0, 1, 1, 1] 602
[0, 1, 1, 1] 602
[0, 1, 1, 1] 620
[0, 1, 1, 1] 620
[0, 1, 1, 1] 626
[0, 1, 1, 1] 634
[0, 1, 1, 1] 643
[0, 1, 1, 1] 644
[0, 1, 1, 1] 646
[0, 1, 1, 1] 655
[0, 1, 1, 1] 659
[0, 1, 1, 1] 662
[0, 1, 1, 1] 665
[0, 1, 1, 1] 671
[0, 1, 1, 1] 678
[0, 1, 1, 1] 683
[0, 1, 1, 1] 692
[0, 1, 1, 1] 693
[0, 1, 1, 1] 705
[0, 1, 1, 1] 719
[0, 1, 1, 1] 729
[0, 1, 1, 1] 740
[0, 0, 1, 1] 272
[0, 0, 1, 1] 278
[0, 0, 1, 1] 286
[0, 0, 1, 1] 287
[0, 0, 1, 1] 292
[0, 0, 1, 1] 308
[0, 0, 1, 1] 310
[0, 0, 1, 1] 324
[0, 0, 1, 1] 327
[0, 0, 1, 1] 334
[0, 0, 1, 1] 335
[0, 0, 1, 1] 353
[0, 0, 1, 1] 356
[0, 0, 1, 1] 362
[0, 0, 1, 1] 389
[0, 0, 1, 1] 391
[0, 0, 1, 1] 391
[0, 0, 1, 1] 410
[0, 0, 1, 1] 410
[0, 0, 1, 1] 431
[0, 0, 1, 1] 436
[0, 0, 1, 1] 469
[0, 0, 1, 1] 476
[0, 0, 1, 1] 479
[0, 0, 1, 1] 486
[0, 0, 0, 1] 3
[0, 0, 0, 1] 7
[0, 0, 0, 1] 12
[0, 0, 0, 1] 16
[0, 0, 0, 1] 19
[0, 0, 0, 1] 27
[0, 0, 0, 1] 31
[0, 0, 0, 1] 35
[0, 0, 0, 1] 38
[0, 0, 0, 1] 40
[0, 0, 0, 1] 59
[0, 0, 0, 1] 63
[0, 0, 0, 1] 83
[0, 0, 0, 1] 87
[0, 0, 0, 1] 104
[0, 0, 0, 1] 118
[0, 0, 0, 1] 118
[0, 0, 0, 1] 124
[0, 0, 0, 1] 126
[0, 0, 0, 1] 126
[0, 0, 0, 1] 157
[0, 0, 0, 1] 157
[0, 0, 0, 1] 162
[0, 0, 0, 1] 173
[0, 0, 0, 1] 176
[0, 0, 0, 1] 182
[0, 0, 0, 1] 194
[0, 0, 0, 1] 195
[0, 0, 0, 1] 201
[0, 0, 0, 1] 202
[0, 0, 0, 1] 209
[0, 0, 0, 1] 214
[0, 0, 0, 1] 224
[0, 0, 0, 1] 238
[0, 0, 0, 1] 239
[0, 0, 0, 1] 246
[0, 0, 0, 1] 246
