VARIABLES 120
NB_OBJ 4
ITEMS
[1, 1, 1, 1] 751
[1, 1, 1, 1] 763
[1, 1, 1, 1] 773
[1, 1, 1, 1] 776
[1, 1, 1, 1] 823
[1, 1, 1, 1] 852
[1, 1, 1, 1] 866
[1, 1, 1, 1] 867
[1, 1, 1, 1] 875
[1, 1, 1, 1] 877
[1, 1, 1, 1] 881
[1, 1, 1, 1] 885
[1, 1, 1, 1] 886
[1, 1, 1, 1] 889
[1, 1, 1, 1] 898
[1, 1, 1, 1] 903
[1, 1, 1, 1] 905
[1, 1, 1, 1] 912
[1, 1, 1, 1] 918
[1, 1, 1, 1] 921
[1, 1, 1, 1] 931
[1, 1, 1, 1] 935
[1, 1, 1, 1] 939
[1, 1, 1, 1] 960
[1, 1, 1, 1] 962
[1, 1, 1, 1] 970
[1, 1, 1, 1] 974
[1, 1, 1, 1] 975
[1, 1, 1, 1] 991
[1, 1, 1, 1] 992
[1, 1, 1, 1] 1000
[0, 1, 1, 1] 519
[0, 1, 1, 1] 523
[0, 1, 1, 1] 526
[0, 1, 1, 1] 527
[0, 1, 1, 1] 561
[0, 1, 1, 1] 577
[0, 1, 1, 1] 579
[0, 1, 1, 1] 588
[0, 1, 1, 1] 588
[0, 1, 1, 1] 596
[0, 1, 1, 1] 599
[0, 1, 1, 1] 602
[0, 1, 1, 1] 607
[0, 1, 1, 1] 614
[0, 1, 1, 1] 614
[0, 1, 1, 1] 616
[0, 1, 1, 1] 622
[0, 1, 1, 1] 622
[0, 1, 1, 1] 624
[0, 1, 1, 1] 648
[0, 1, 1, 1] 666
[0, 1, 1, 1] 671
[0, 1, 1, 1] 671
[0, 1, 1, 1] 674
[0, 1, 1, 1] 675
[0, 1, 1, 1] 683
[0, 1, 1, 1] 698
[0, 1, 1, 1] 701
[0, 1, 1, 1] 703
[0, 1, 1, 1] 734
[0, 1, 1, 1] 738
[0, 1, 1, 1] 741
[0, 1, 1, 1] 745
[0, 0, 1, 1] 253
[0, 0, 1, 1] 253
[0, 0, 1, 1] 263
[0, 0, 1, 1] 265
[0, 0, 1, 1] 278
[0, 0, 1, 1] 304
[0, 0, 1, 1] 318
[0, 0, 1, 1] 354
[0, 0, 1, 1] 356
[0, 0, 1, 1] 363
[0, 0, 1, 1] 364
[0, 0, 1, 1] 380
[0, 0, 1, 1] 395
[0, 0, 1, 1] 401
[0, 0, 1, 1] 409
[0, 0, 1, 1] 412
[0, 0, 1, 1] 433
[0, 0, 1, 1] 454
[0, 0, 1, 1] 458
[0, 0, 1, 1] 464
[0, 0, 1, 1] 476
[0, 0, 1, 1] 479
[0, 0, 1, 1] 479
[0, 0, 1, 1] 479
[0, 0, 1, 1] 483
[0, 0, 1, 1] 486
[0, 0, 0, 1] 2
[0, 0, 0, 1] 10
[0, 0, 0, 1] 13
[0, 0, 0, 1] 45
[0, 0, 0, 1] 51
[0, 0, 0, 1] 57
[0, 0, 0, 1] 63
[0, 0, 0, 1] 77
[0, 0, 0, 1] 94
[0, 0, 0, 1] 107
[0, 0, 0, 1] 122
[0, 0, 0, 1] 127
[0, 0, 0, 1] 130
[0, 0, 0, 1] 132
[0, 0, 0, 1] 134
[0, 0, 0, 1] 142
[0, 0, 0, 1] 153
[0, 0, 0, 1] 161
[0, 0, 0, 1] 171
[0, 0, 0, 1] 173
[0, 0, 0, 1] 182
[0, 0, 0, 1] 186
[0, 0, 0, 1] 194
[0, 0, 0, 1] 196
[0, 0, 0, 1] 197
[0, 0, 0, 1] 198
[0, 0, 0, 1] 224
[0, 0, 0, 1] 226
[0, 0, 0, 1] 236
[0, 0, 0, 1] 245
