VARIABLES 120
NB_OBJ 4
ITEMS
[1, 1, 1, 1] 762
[1, 1, 1, 1] 765
[1, 1, 1, 1] 777
[1, 1, 1, 1] 800
[1, 1, 1, 1] 807
[1, 1, 1, 1] 820
[1, 1, 1, 1] 820
[1, 1, 1, 1] 820
[1, 1, 1, 1] 821
[1, 1, 1, 1] 823
[1, 1, 1, 1] 829
[1, 1, 1, 1] 842
[1, 1, 1, 1] 844
[1, 1, 1, 1] 881
[1, 1, 1, 1] 882
[1, 1, 1, 1] 896
[1, 1, 1, 1] 905
[1, 1, 1, 1] 906
[1, 1, 1, 1] 929
[1, 1, 1, 1] 935
[1, 1, 1, 1] 941
[1, 1, 1, 1] 950
[1, 1, 1, 1] 959
[1, 1, 1, 1] 970
[1, 1, 1, 1] 970
[1, 1, 1, 1] 971
[1, 1, 1, 1] 987
[1, 1, 1, 1] 987
[1, 1, 1, 1] 993
[1, 1, 1, 1] 994
[1, 1, 1, 1] 997
[1, 1, 1, 1] 997
[0, 1, 1, 1] 501
[0, 1, 1, 1] 506
[0, 1, 1, 1] 518
[0, 1, 1, 1] 522
[0, 1, 1, 1] 581
[0, 1, 1, 1] 587
[0, 1, 1, 1] 592
[0, 1, 1, 1] 594
[0, 1, 1, 1] 597
[0, 1, 1, 1] 598
[0, 1, 1, 1] 600
[0, 1, 1, 1] 623
[0, 1, 1, 1] 627
[0, 1, 1, 1] 642
[0, 1, 1, 1] 644
[0, 1, 1, 1] 650
[0, 1, 1, 1] 654
[0, 1, 1, 1] 670
[0, 1, 1, 1] 672
[0, 1, 1, 1] 678
[0, 1, 1, 1] 679
[0, 1, 1, 1] 681
[0, 1, 1, 1] 700
[0, 1, 1, 1] 706
[0, 1, 1, 1] 712
[0, 1, 1, 1] 717
[0, 1, 1, 1] 718
[0, 1, 1, 1] 728
[0, 1, 1, 1] 733
[0, 0, 1, 1] 256
[0, 0, 1, 1] 263
[0, 0, 1, 1] 267
[0, 0, 1, 1] 280
[0, 0, 1, 1] 281
[0, 0, 1, 1] 293
[0, 0, 1, 1] 304
[0, 0, 1, 1] 319
[0, 0, 1, 1] 321
[0, 0, 1, 1] 323
[0, 0, 1, 1] 324
[0, 0, 1, 1] 346
[0, 0, 1, 1] 354
[0, 0, 1, 1] 354
[0, 0, 1, 1] 362
[0, 0, 1, 1] 371
[0, 0, 1, 1] 374
[0, 0, 1, 1] 399
[0, 0, 1, 1] 402
[0, 0, 1, 1] 404
[0, 0, 1, 1] 406
[0, 0, 1, 1] 409
[0, 0, 1, 1] 415
[0, 0, 1, 1] 417
[0, 0, 1, 1] 442
[0, 0, 1, 1] 444
[0, 0, 1, 1] 448
[0, 0, 1, 1] 452
[0, 0, 1, 1] 468
[0, 0, 1, 1] 479
[0, 0, 1, 1] 500
[0, 0, 0, 1] 12
[0, 0, 0, 1] 14
[0, 0, 0, 1] 17
[0, 0, 0, 1] 23
[0, 0, 0, 1] 50
[0, 0, 0, 1] 57
[0, 0, 0, 1] 62
[0, 0, 0, 1] 84
[0, 0, 0, 1] 106
[0, 0, 0, 1] 113
[0, 0, 0, 1] 115
[0, 0, 0, 1] 120
[0, 0, 0, 1] 121
[0, 0, 0, 1] 141
[0, 0, 0, 1] 150
[0, 0, 0, 1] 151
[0, 0, 0, 1] 158
[0, 0, 0, 1] 158
[0, 0, 0, 1] 171
[0, 0, 0, 1] 176
[0, 0, 0, 1] 176
[0, 0, 0, 1] 185
[0, 0, 0, 1] 193
[0, 0, 0, 1] 197
[0, 0, 0, 1] 214
[0, 0, 0, 1] 238
[0, 0, 0, 1] 240
[0, 0, 0, 1] 241
