VARIABLES 120
NB_OBJ 4
ITEMS
[1, 1, 1, 1] 753
[1, 1, 1, 1] 767
[1, 1, 1, 1] 771
[1, 1, 1, 1] 774
[1, 1, 1, 1] 791
[1, 1, 1, 1] 793
[1, 1, 1, 1] 798
[1, 1, 1, 1] 799
[1, 1, 1, 1] 810
[1, 1, 1, 1] 834
[1, 1, 1, 1] 842
[1, 1, 1, 1] 890
[1, 1, 1, 1] 904
[1, 1, 1, 1] 907
[1, 1, 1, 1] 908
[1, 1, 1, 1] 909
[1, 1, 1, 1] 911
[1, 1, 1, 1] 915
[1, 1, 1, 1] 916
[1, 1, 1, 1] 922
[1, 1, 1, 1] 924
[1, 1, 1, 1] 929
[1, 1, 1, 1] 941
[1, 1, 1, 1] 942
[1, 1, 1, 1] 956
[1, 1, 1, 1] 961
[1, 1, 1, 1] 972
[1, 1, 1, 1] 978
[1, 1, 1, 1] 1000
[0, 1, 1, 1] 506
[0, 1, 1, 1] 519
[0, 1, 1, 1] 528
[0, 1, 1, 1] 529
[0, 1, 1, 1] 533
[0, 1, 1, 1] 543
[0, 1, 1, 1] 548
[0, 1, 1, 1] 559
[0, 1, 1, 1] 566
[0, 1, 1, 1] 570
[0, 1, 1, 1] 576
[0, 1, 1, 1] 580
[0, 1, 1, 1] 592
[0, 1, 1, 1] 595
[0, 1, 1, 1] 617
[0, 1, 1, 1] 626
[0, 1, 1, 1] 635
[0, 1, 1, 1] 635
[0, 1, 1, 1] 639
[0, 1, 1, 1] 646
[0, 1, 1, 1] 650
[0, 1, 1, 1] 652
[0, 1, 1, 1] 660
[0, 1, 1, 1] 665
[0, 1, 1, 1] 667
[0, 1, 1, 1] 671
[0, 1, 1, 1] 674
[0, 1, 1, 1] 689
[0, 1, 1, 1] 691
[0, 1, 1, 1] 693
[0, 1, 1, 1] 699
[0, 1, 1, 1] 708
[0, 1, 1, 1] 724
[0, 1, 1, 1] 725
[0, 1, 1, 1] 727
[0, 1, 1, 1] 729
[0, 0, 1, 1] 253
[0, 0, 1, 1] 259
[0, 0, 1, 1] 260
[0, 0, 1, 1] 261
[0, 0, 1, 1] 265
[0, 0, 1, 1] 279
[0, 0, 1, 1] 285
[0, 0, 1, 1] 285
[0, 0, 1, 1] 295
[0, 0, 1, 1] 301
[0, 0, 1, 1] 317
[0, 0, 1, 1] 323
[0, 0, 1, 1] 344
[0, 0, 1, 1] 367
[0, 0, 1, 1] 381
[0, 0, 1, 1] 384
[0, 0, 1, 1] 394
[0, 0, 1, 1] 413
[0, 0, 1, 1] 435
[0, 0, 1, 1] 441
[0, 0, 1, 1] 452
[0, 0, 1, 1] 475
[0, 0, 1, 1] 485
[0, 0, 1, 1] 487
[0, 0, 1, 1] 490
[0, 0, 1, 1] 491
[0, 0, 0, 1] 2
[0, 0, 0, 1] 3
[0, 0, 0, 1] 11
[0, 0, 0, 1] 12
[0, 0, 0, 1] 12
[0, 0, 0, 1] 30
[0, 0, 0, 1] 36
[0, 0, 0, 1] 59
[0, 0, 0, 1] 59
[0, 0, 0, 1] 66
[0, 0, 0, 1] 68
[0, 0, 0, 1] 71
[0, 0, 0, 1] 109
[0, 0, 0, 1] 120
[0, 0, 0, 1] 122
[0, 0, 0, 1] 131
[0, 0, 0, 1] 157
[0, 0, 0, 1] 164
[0, 0, 0, 1] 164
[0, 0, 0, 1] 164
[0, 0, 0, 1] 187
[0, 0, 0, 1] 196
[0, 0, 0, 1] 209
[0, 0, 0, 1] 213
[0, 0, 0, 1] 213
[0, 0, 0, 1] 218
[0, 0, 0, 1] 224
[0, 0, 0, 1] 232
[0, 0, 0, 1] 234
