VARIABLES 120
NB_OBJ 4
ITEMS
[1, 1, 1, 1] 757
[1, 1, 1, 1] 757
[1, 1, 1, 1] 757
[1, 1, 1, 1] 764
[1, 1, 1, 1] 764
[1, 1, 1, 1] 776
[1, 1, 1, 1] 788
[1, 1, 1, 1] 791
[1, 1, 1, 1] 796
[1, 1, 1, 1] 825
[1, 1, 1, 1] 828
[1, 1, 1, 1] 836
[1, 1, 1, 1] 842
[1, 1, 1, 1] 851
[1, 1, 1, 1] 860
[1, 1, 1, 1] 860
[1, 1, 1, 1] 865
[1, 1, 1, 1] 866
[1, 1, 1, 1] 872
[1, 1, 1, 1] 876
[1, 1, 1, 1] 877
[1, 1, 1, 1] 882
[1, 1, 1, 1] 883
[1, 1, 1, 1] 885
[1, 1, 1, 1] 901
[1, 1, 1, 1] 917
[1, 1, 1, 1] 918
[1, 1, 1, 1] 918
[1, 1, 1, 1] 930
[1, 1, 1, 1] 945
[1, 1, 1, 1] 952
[1, 1, 1, 1] 954
[1, 1, 1, 1] 979
[1, 1, 1, 1] 994
[0, 1, 1, 1] 507
[0, 1, 1, 1] 519
[0, 1, 1, 1] 525
[0, 1, 1, 1] 535
[0, 1, 1, 1] 542
[0, 1, 1, 1] 542
[0, 1, 1, 1] 545
[0, 1, 1, 1] 549
[0, 1, 1, 1] 556
[0, 1, 1, 1] 556
[0, 1, 1, 1] 558
[0, 1, 1, 1] 560
[0, 1, 1, 1] 563
[0, 1, 1, 1] 572
[0, 1, 1, 1] 609
[0, 1, 1, 1] 616
[0, 1, 1, 1] 663
[0, 1, 1, 1] 666
[0, 1, 1, 1] 670
[0, 1, 1, 1] 688
[0, 1, 1, 1] 688
[0, 1, 1, 1] 709
[0, 1, 1, 1] 713
[0, 1, 1, 1] 718
[0, 1, 1, 1] 723
[0, 1, 1, 1] 731
[0, 1, 1, 1] 739
[0, 0, 1, 1] 250
[0, 0, 1, 1] 257
[0, 0, 1, 1] 262
[0, 0, 1, 1] 265
[0, 0, 1, 1] 275
[0, 0, 1, 1] 277
[0, 0, 1, 1] 286
[0, 0, 1, 1] 306
[0, 0, 1, 1] 323
[0, 0, 1, 1] 330
[0, 0, 1, 1] 338
[0, 0, 1, 1] 345
[0, 0, 1, 1] 358
[0, 0, 1, 1] 364
[0, 0, 1, 1] 371
[0, 0, 1, 1] 374
[0, 0, 1, 1] 382
[0, 0, 1, 1] 384
[0, 0, 1, 1] 385
[0, 0, 1, 1] 386
[0, 0, 1, 1] 387
[0, 0, 1, 1] 387
[0, 0, 1, 1] 395
[0, 0, 1, 1] 406
[0, 0, 1, 1] 411
[0, 0, 1, 1] 413
[0, 0, 1, 1] 417
[0, 0, 1, 1] 417
[0, 0, 1, 1] 423
[0, 0, 1, 1] 442
[0, 0, 1, 1] 449
[0, 0, 1, 1] 452
[0, 0, 1, 1] 481
[0, 0, 1, 1] 492
[0, 0, 1, 1] 493
[0, 0, 0, 1] 1
[0, 0, 0, 1] 11
[0, 0, 0, 1] 65
[0, 0, 0, 1] 72
[0, 0, 0, 1] 81
[0, 0, 0, 1] 88
[0, 0, 0, 1] 88
[0, 0, 0, 1] 95
[0, 0, 0, 1] 105
[0, 0, 0, 1] 107
[0, 0, 0, 1] 115
[0, 0, 0, 1] 121
[0, 0, 0, 1] 122
[0, 0, 0, 1] 124
[0, 0, 0, 1] 133
[0, 0, 0, 1] 142
[0, 0, 0, 1] 148
[0, 0, 0, 1] 182
[0, 0, 0, 1] 184
[0, 0, 0, 1] 186
[0, 0, 0, 1] 190
[0, 0, 0, 1] 219
[0, 0, 0, 1] 234
[0, 0, 0, 1] 240
