VARIABLES 120
NB_OBJ 4
ITEMS
[1, 1, 1, 1] 757
[1, 1, 1, 1] 758
[1, 1, 1, 1] 764
[1, 1, 1, 1] 764
[1, 1, 1, 1] 765
[1, 1, 1, 1] 765
[1, 1, 1, 1] 769
[1, 1, 1, 1] 773
[1, 1, 1, 1] 789
[1, 1, 1, 1] 790
[1, 1, 1, 1] 791
[1, 1, 1, 1] 795
[1, 1, 1, 1] 815
[1, 1, 1, 1] 818
[1, 1, 1, 1] 818
[1, 1, 1, 1] 818
[1, 1, 1, 1] 822
[1, 1, 1, 1] 823
[1, 1, 1, 1] 825
[1, 1, 1, 1] 826
[1, 1, 1, 1] 840
[1, 1, 1, 1] 868
[1, 1, 1, 1] 873
[1, 1, 1, 1] 873
[1, 1, 1, 1] 881
[1, 1, 1, 1] 892
[1, 1, 1, 1] 909
[1, 1, 1, 1] 912
[1, 1, 1, 1] 922
[1, 1, 1, 1] 943
[1, 1, 1, 1] 950
[1, 1, 1, 1] 965
[1, 1, 1, 1] 975
[1, 1, 1, 1] 976
[1, 1, 1, 1] 979
[0, 1, 1, 1] 508
[0, 1, 1, 1] 516
[0, 1, 1, 1] 523
[0, 1, 1, 1] 530
[0, 1, 1, 1] 536
[0, 1, 1, 1] 557
[0, 1, 1, 1] 588
[0, 1, 1, 1] 606
[0, 1, 1, 1] 614
[0, 1, 1, 1] 618
[0, 1, 1, 1] 620
[0, 1, 1, 1] 621
[0, 1, 1, 1] 623
[0, 1, 1, 1] 636
[0, 1, 1, 1] 658
[0, 1, 1, 1] 660
[0, 1, 1, 1] 664
[0, 1, 1, 1] 666
[0, 1, 1, 1] 671
[0, 1, 1, 1] 673
[0, 1, 1, 1] 681
[0, 1, 1, 1] 682
[0, 1, 1, 1] 696
[0, 1, 1, 1] 706
[0, 1, 1, 1] 711
[0, 1, 1, 1] 711
[0, 1, 1, 1] 718
[0, 1, 1, 1] 735
[0, 1, 1, 1] 741
[0, 0, 1, 1] 259
[0, 0, 1, 1] 293
[0, 0, 1, 1] 311
[0, 0, 1, 1] 323
[0, 0, 1, 1] 327
[0, 0, 1, 1] 337
[0, 0, 1, 1] 338
[0, 0, 1, 1] 342
[0, 0, 1, 1] 351
[0, 0, 1, 1] 363
[0, 0, 1, 1] 385
[0, 0, 1, 1] 388
[0, 0, 1, 1] 393
[0, 0, 1, 1] 396
[0, 0, 1, 1] 414
[0, 0, 1, 1] 416
[0, 0, 1, 1] 431
[0, 0, 1, 1] 439
[0, 0, 1, 1] 442
[0, 0, 1, 1] 448
[0, 0, 1, 1] 457
[0, 0, 1, 1] 473
[0, 0, 1, 1] 475
[0, 0, 1, 1] 476
[0, 0, 1, 1] 476
[0, 0, 1, 1] 477
[0, 0, 1, 1] 490
[0, 0, 0, 1] 29
[0, 0, 0, 1] 30
[0, 0, 0, 1] 34
[0, 0, 0, 1] 51
[0, 0, 0, 1] 52
[0, 0, 0, 1] 74
[0, 0, 0, 1] 77
[0, 0, 0, 1] 82
[0, 0, 0, 1] 92
[0, 0, 0, 1] 101
[0, 0, 0, 1] 101
[0, 0, 0, 1] 107
[0, 0, 0, 1] 114
[0, 0, 0, 1] 115
[0, 0, 0, 1] 121
[0, 0, 0, 1] 140
[0, 0, 0, 1] 143
[0, 0, 0, 1] 146
[0, 0, 0, 1] 151
[0, 0, 0, 1] 176
[0, 0, 0, 1] 180
[0, 0, 0, 1] 185
[0, 0, 0, 1] 193
[0, 0, 0, 1] 197
[0, 0, 0, 1] 204
[0, 0, 0, 1] 206
[0, 0, 0, 1] 223
[0, 0, 0, 1] 226
[0, 0, 0, 1] 238
