VARIABLES 120
NB_OBJ 4
ITEMS
[1, 1, 1, 1] 759
[1, 1, 1, 1] 760
[1, 1, 1, 1] 761
[1, 1, 1, 1] 782
[1, 1, 1, 1] 782
[1, 1, 1, 1] 784
[1, 1, 1, 1] 788
[1, 1, 1, 1] 796
[1, 1, 1, 1] 801
[1, 1, 1, 1] 811
[1, 1, 1, 1] 816
[1, 1, 1, 1] 823
[1, 1, 1, 1] 829
[1, 1, 1, 1] 840
[1, 1, 1, 1] 848
[1, 1, 1, 1] 860
[1, 1, 1, 1] 867
[1, 1, 1, 1] 867
[1, 1, 1, 1] 877
[1, 1, 1, 1] 879
[1, 1, 1, 1] 880
[1, 1, 1, 1] 908
[1, 1, 1, 1] 914
[1, 1, 1, 1] 914
[1, 1, 1, 1] 918
[1, 1, 1, 1] 935
[1, 1, 1, 1] 936
[1, 1, 1, 1] 964
[1, 1, 1, 1] 974
[1, 1, 1, 1] 977
[1, 1, 1, 1] 990
[0, 1, 1, 1] 509
[0, 1, 1, 1] 515
[0, 1, 1, 1] 516
[0, 1, 1, 1] 526
[0, 1, 1, 1] 529
[0, 1, 1, 1] 538
[0, 1, 1, 1] 550
[0, 1, 1, 1] 554
[0, 1, 1, 1] 559
[0, 1, 1, 1] 564
[0, 1, 1, 1] 601
[0, 1, 1, 1] 604
[0, 1, 1, 1] 606
[0, 1, 1, 1] 617
[0, 1, 1, 1] 621
[0, 1, 1, 1] 622
[0, 1, 1, 1] 625
[0, 1, 1, 1] 631
[0, 1, 1, 1] 634
[0, 1, 1, 1] 649
[0, 1, 1, 1] 671
[0, 1, 1, 1] 674
[0, 1, 1, 1] 681
[0, 1, 1, 1] 685
[0, 1, 1, 1] 695
[0, 1, 1, 1] 701
[0, 1, 1, 1] 705
[0, 1, 1, 1] 708
[0, 1, 1, 1] 717
[0, 1, 1, 1] 717
[0, 1, 1, 1] 725
[0, 1, 1, 1] 741
[0, 1, 1, 1] 746
[0, 1, 1, 1] 747
[0, 1, 1, 1] 750
[0, 0, 1, 1] 254
[0, 0, 1, 1] 265
[0, 0, 1, 1] 267
[0, 0, 1, 1] 278
[0, 0, 1, 1] 297
[0, 0, 1, 1] 300
[0, 0, 1, 1] 314
[0, 0, 1, 1] 329
[0, 0, 1, 1] 352
[0, 0, 1, 1] 361
[0, 0, 1, 1] 372
[0, 0, 1, 1] 380
[0, 0, 1, 1] 381
[0, 0, 1, 1] 390
[0, 0, 1, 1] 398
[0, 0, 1, 1] 411
[0, 0, 1, 1] 423
[0, 0, 1, 1] 446
[0, 0, 1, 1] 448
[0, 0, 1, 1] 454
[0, 0, 1, 1] 461
[0, 0, 1, 1] 463
[0, 0, 1, 1] 468
[0, 0, 1, 1] 472
[0, 0, 1, 1] 477
[0, 0, 1, 1] 498
[0, 0, 0, 1] 7
[0, 0, 0, 1] 9
[0, 0, 0, 1] 30
[0, 0, 0, 1] 30
[0, 0, 0, 1] 33
[0, 0, 0, 1] 37
[0, 0, 0, 1] 37
[0, 0, 0, 1] 52
[0, 0, 0, 1] 53
[0, 0, 0, 1] 61
[0, 0, 0, 1] 80
[0, 0, 0, 1] 108
[0, 0, 0, 1] 125
[0, 0, 0, 1] 135
[0, 0, 0, 1] 137
[0, 0, 0, 1] 142
[0, 0, 0, 1] 142
[0, 0, 0, 1] 143
[0, 0, 0, 1] 150
[0, 0, 0, 1] 152
[0, 0, 0, 1] 154
[0, 0, 0, 1] 171
[0, 0, 0, 1] 180
[0, 0, 0, 1] 213
[0, 0, 0, 1] 219
[0, 0, 0, 1] 221
[0, 0, 0, 1] 226
[0, 0, 0, 1] 246
