VARIABLES 120
NB_OBJ 4
ITEMS
[1, 1, 1, 1] 757
[1, 1, 1, 1] 766
[1, 1, 1, 1] 771
[1, 1, 1, 1] 781
[1, 1, 1, 1] 799
[1, 1, 1, 1] 811
[1, 1, 1, 1] 884
[1, 1, 1, 1] 903
[1, 1, 1, 1] 928
[1, 1, 1, 1] 932
[1, 1, 1, 1] 936
[1, 1, 1, 1] 937
[1, 1, 1, 1] 953
[1, 1, 1, 1] 957
[1, 1, 1, 1] 983
[1, 1, 1, 1] 989
[0, 1, 1, 1] 500
[0, 1, 1, 1] 503
[0, 1, 1, 1] 503
[0, 1, 1, 1] 512
[0, 1, 1, 1] 530
[0, 1, 1, 1] 531
[0, 1, 1, 1] 533
[0, 1, 1, 1] 549
[0, 1, 1, 1] 556
[0, 1, 1, 1] 561
[0, 1, 1, 1] 577
[0, 1, 1, 1] 577
[0, 1, 1, 1] 590
[0, 1, 1, 1] 595
[0, 1, 1, 1] 602
[0, 1, 1, 1] 606
[0, 1, 1, 1] 611
[0, 1, 1, 1] 611
[0, 1, 1, 1] 613
[0, 1, 1, 1] 622
[0, 1, 1, 1] 622
[0, 1, 1, 1] 628
[0, 1, 1, 1] 630
[0, 1, 1, 1] 655
[0, 1, 1, 1] 668
[0, 1, 1, 1] 674
[0, 1, 1, 1] 677
[0, 1, 1, 1] 689
[0, 1, 1, 1] 720
[0, 1, 1, 1] 722
[0, 1, 1, 1] 724
[0, 1, 1, 1] 735
[0, 1, 1, 1] 741
[0, 1, 1, 1] 741
[0, 1, 1, 1] 747
[0, 0, 1, 1] 255
[0, 0, 1, 1] 264
[0, 0, 1, 1] 271
[0, 0, 1, 1] 278
[0, 0, 1, 1] 296
[0, 0, 1, 1] 309
[0, 0, 1, 1] 312
[0, 0, 1, 1] 314
[0, 0, 1, 1] 322
[0, 0, 1, 1] 341
[0, 0, 1, 1] 345
[0, 0, 1, 1] 355
[0, 0, 1, 1] 358
[0, 0, 1, 1] 360
[0, 0, 1, 1] 368
[0, 0, 1, 1] 370
[0, 0, 1, 1] 373
[0, 0, 1, 1] 380
[0, 0, 1, 1] 389
[0, 0, 1, 1] 396
[0, 0, 1, 1] 410
[0, 0, 1, 1] 422
[0, 0, 1, 1] 428
[0, 0, 1, 1] 434
[0, 0, 1, 1] 448
[0, 0, 1, 1] 449
[0, 0, 1, 1] 450
[0, 0, 1, 1] 456
[0, 0, 1, 1] 464
[0, 0, 1, 1] 465
[0, 0, 1, 1] 479
[0, 0, 1, 1] 488
[0, 0, 1, 1] 499
[0, 0, 1, 1] 499
[0, 0, 0, 1] 12
[0, 0, 0, 1] 15
[0, 0, 0, 1] 15
[0, 0, 0, 1] 34
[0, 0, 0, 1] 38
[0, 0, 0, 1] 45
[0, 0, 0, 1] 49
[0, 0, 0, 1] 52
[0, 0, 0, 1] 56
[0, 0, 0, 1] 63
[0, 0, 0, 1] 69
[0, 0, 0, 1] 78
[0, 0, 0, 1] 84
[0, 0, 0, 1] 84
[0, 0, 0, 1] 86
[0, 0, 0, 1] 102
[0, 0, 0, 1] 103
[0, 0, 0, 1] 114
[0, 0, 0, 1] 120
[0, 0, 0, 1] 128
[0, 0, 0, 1] 144
[0, 0, 0, 1] 148
[0, 0, 0, 1] 165
[0, 0, 0, 1] 194
[0, 0, 0, 1] 197
[0, 0, 0, 1] 203
[0, 0, 0, 1] 218
[0, 0, 0, 1] 220
[0, 0, 0, 1] 221
[0, 0, 0, 1] 226
[0, 0, 0, 1] 227
[0, 0, 0, 1] 231
[0, 0, 0, 1] 235
[0, 0, 0, 1] 240
[0, 0, 0, 1] 248
