VARIABLES 120
NB_OBJ 4
ITEMS
[1, 1, 1, 1] 754
[1, 1, 1, 1] 782
[1, 1, 1, 1] 815
[1, 1, 1, 1] 823
[1, 1, 1, 1] 845
[1, 1, 1, 1] 857
[1, 1, 1, 1] 859
[1, 1, 1, 1] 861
[1, 1, 1, 1] 863
[1, 1, 1, 1] 908
[1, 1, 1, 1] 908
[1, 1, 1, 1] 922
[1, 1, 1, 1] 933
[1, 1, 1, 1] 945
[1, 1, 1, 1] 962
[1, 1, 1, 1] 969
[1, 1, 1, 1] 972
[1, 1, 1, 1] 974
[1, 1, 1, 1] 986
[1, 1, 1, 1] 989
[1, 1, 1, 1] 990
[1, 1, 1, 1] 993
[1, 1, 1, 1] 997
[0, 1, 1, 1] 502
[0, 1, 1, 1] 503
[0, 1, 1, 1] 504
[0, 1, 1, 1] 510
[0, 1, 1, 1] 512
[0, 1, 1, 1] 513
[0, 1, 1, 1] 515
[0, 1, 1, 1] 524
[0, 1, 1, 1] 533
[0, 1, 1, 1] 543
[0, 1, 1, 1] 547
[0, 1, 1, 1] 552
[0, 1, 1, 1] 554
[0, 1, 1, 1] 563
[0, 1, 1, 1] 565
[0, 1, 1, 1] 575
[0, 1, 1, 1] 582
[0, 1, 1, 1] 586
[0, 1, 1, 1] 587
[0, 1, 1, 1] 590
[0, 1, 1, 1] 590
[0, 1, 1, 1] 604
[0, 1, 1, 1] 606
[0, 1, 1, 1] 607
[0, 1, 1, 1] 608
[0, 1, 1, 1] 609
[0, 1, 1, 1] 612
[0, 1, 1, 1] 618
[0, 1, 1, 1] 622
[0, 1, 1, 1] 624
[0, 1, 1, 1] 625
[0, 1, 1, 1] 654
[0, 1, 1, 1] 657
[0, 1, 1, 1] 658
[0, 1, 1, 1] 676
[0, 1, 1, 1] 679
[0, 1, 1, 1] 688
[0, 1, 1, 1] 689
[0, 1, 1, 1] 691
[0, 1, 1, 1] 699
[0, 1, 1, 1] 716
[0, 1, 1, 1] 718
[0, 1, 1, 1] 722
[0, 1, 1, 1] 726
[0, 1, 1, 1] 734
[0, 1, 1, 1] 735
[0, 1, 1, 1] 748
[0, 0, 1, 1] 251
[0, 0, 1, 1] 262
[0, 0, 1, 1] 273
[0, 0, 1, 1] 273
[0, 0, 1, 1] 278
[0, 0, 1, 1] 279
[0, 0, 1, 1] 282
[0, 0, 1, 1] 290
[0, 0, 1, 1] 297
[0, 0, 1, 1] 316
[0, 0, 1, 1] 330
[0, 0, 1, 1] 345
[0, 0, 1, 1] 364
[0, 0, 1, 1] 384
[0, 0, 1, 1] 387
[0, 0, 1, 1] 390
[0, 0, 1, 1] 416
[0, 0, 1, 1] 431
[0, 0, 1, 1] 431
[0, 0, 1, 1] 434
[0, 0, 1, 1] 437
[0, 0, 1, 1] 448
[0, 0, 1, 1] 456
[0, 0, 1, 1] 471
[0, 0, 1, 1] 485
[0, 0, 1, 1] 490
[0, 0, 1, 1] 493
[0, 0, 1, 1] 499
[0, 0, 0, 1] 11
[0, 0, 0, 1] 18
[0, 0, 0, 1] 31
[0, 0, 0, 1] 42
[0, 0, 0, 1] 61
[0, 0, 0, 1] 63
[0, 0, 0, 1] 66
[0, 0, 0, 1] 70
[0, 0, 0, 1] 83
[0, 0, 0, 1] 84
[0, 0, 0, 1] 86
[0, 0, 0, 1] 88
[0, 0, 0, 1] 97
[0, 0, 0, 1] 115
[0, 0, 0, 1] 125
[0, 0, 0, 1] 134
[0, 0, 0, 1] 135
[0, 0, 0, 1] 156
[0, 0, 0, 1] 167
[0, 0, 0, 1] 182
[0, 0, 0, 1] 187
[0, 0, 0, 1] 187
