VARIABLES 120
NB_OBJ 4
ITEMS
[1, 1, 1, 1] 753
[1, 1, 1, 1] 764
[1, 1, 1, 1] 766
[1, 1, 1, 1] 791
[1, 1, 1, 1] 816
[1, 1, 1, 1] 823
[1, 1, 1, 1] 826
[1, 1, 1, 1] 829
[1, 1, 1, 1] 843
[1, 1, 1, 1] 852
[1, 1, 1, 1] 856
[1, 1, 1, 1] 879
[1, 1, 1, 1] 896
[1, 1, 1, 1] 901
[1, 1, 1, 1] 906
[1, 1, 1, 1] 907
[1, 1, 1, 1] 915
[1, 1, 1, 1] 921
[1, 1, 1, 1] 927
[1, 1, 1, 1] 932
[1, 1, 1, 1] 937
[1, 1, 1, 1] 946
[1, 1, 1, 1] 964
[1, 1, 1, 1] 985
[1, 1, 1, 1] 991
[1, 1, 1, 1] 997
[1, 1, 1, 1] 997
[0, 1, 1, 1] 520
[0, 1, 1, 1] 521
[0, 1, 1, 1] 534
[0, 1, 1, 1] 536
[0, 1, 1, 1] 547
[0, 1, 1, 1] 547
[0, 1, 1, 1] 553
[0, 1, 1, 1] 562
[0, 1, 1, 1] 574
[0, 1, 1, 1] 578
[0, 1, 1, 1] 585
[0, 1, 1, 1] 585
[0, 1, 1, 1] 586
[0, 1, 1, 1] 589
[0, 1, 1, 1] 590
[0, 1, 1, 1] 590
[0, 1, 1, 1] 597
[0, 1, 1, 1] 599
[0, 1, 1, 1] 604
[0, 1, 1, 1] 612
[0, 1, 1, 1] 614
[0, 1, 1, 1] 621
[0, 1, 1, 1] 635
[0, 1, 1, 1] 638
[0, 1, 1, 1] 638
[0, 1, 1, 1] 658
[0, 1, 1, 1] 660
[0, 1, 1, 1] 668
[0, 1, 1, 1] 668
[0, 1, 1, 1] 677
[0, 1, 1, 1] 689
[0, 1, 1, 1] 699
[0, 1, 1, 1] 709
[0, 1, 1, 1] 715
[0, 1, 1, 1] 723
[0, 1, 1, 1] 723
[0, 1, 1, 1] 727
[0, 0, 1, 1] 255
[0, 0, 1, 1] 261
[0, 0, 1, 1] 270
[0, 0, 1, 1] 275
[0, 0, 1, 1] 279
[0, 0, 1, 1] 294
[0, 0, 1, 1] 313
[0, 0, 1, 1] 315
[0, 0, 1, 1] 328
[0, 0, 1, 1] 330
[0, 0, 1, 1] 336
[0, 0, 1, 1] 341
[0, 0, 1, 1] 344
[0, 0, 1, 1] 362
[0, 0, 1, 1] 371
[0, 0, 1, 1] 374
[0, 0, 1, 1] 419
[0, 0, 1, 1] 430
[0, 0, 1, 1] 439
[0, 0, 1, 1] 464
[0, 0, 1, 1] 468
[0, 0, 1, 1] 470
[0, 0, 1, 1] 471
[0, 0, 1, 1] 471
[0, 0, 1, 1] 472
[0, 0, 1, 1] 473
[0, 0, 1, 1] 486
[0, 0, 1, 1] 493
[0, 0, 0, 1] 21
[0, 0, 0, 1] 27
[0, 0, 0, 1] 35
[0, 0, 0, 1] 38
[0, 0, 0, 1] 42
[0, 0, 0, 1] 47
[0, 0, 0, 1] 56
[0, 0, 0, 1] 66
[0, 0, 0, 1] 80
[0, 0, 0, 1] 80
[0, 0, 0, 1] 85
[0, 0, 0, 1] 97
[0, 0, 0, 1] 98
[0, 0, 0, 1] 99
[0, 0, 0, 1] 105
[0, 0, 0, 1] 108
[0, 0, 0, 1] 117
[0, 0, 0, 1] 119
[0, 0, 0, 1] 131
[0, 0, 0, 1] 145
[0, 0, 0, 1] 145
[0, 0, 0, 1] 147
[0, 0, 0, 1] 172
[0, 0, 0, 1] 191
[0, 0, 0, 1] 209
[0, 0, 0, 1] 211
[0, 0, 0, 1] 217
[0, 0, 0, 1] 224
