VARIABLES 120
NB_OBJ 4
ITEMS
[1, 1, 1, 1] 753
[1, 1, 1, 1] 754
[1, 1, 1, 1] 757
[1, 1, 1, 1] 758
[1, 1, 1, 1] 762
[1, 1, 1, 1] 770
[1, 1, 1, 1] 775
[1, 1, 1, 1] 782
[1, 1, 1, 1] 790
[1, 1, 1, 1] 801
[1, 1, 1, 1] 809
[1, 1, 1, 1] 821
[1, 1, 1, 1] 828
[1, 1, 1, 1] 842
[1, 1, 1, 1] 867
[1, 1, 1, 1] 874
[1, 1, 1, 1] 908
[1, 1, 1, 1] 908
[1, 1, 1, 1] 916
[1, 1, 1, 1] 927
[1, 1, 1, 1] 932
[1, 1, 1, 1] 935
[1, 1, 1, 1] 936
[1, 1, 1, 1] 945
[1, 1, 1, 1] 947
[1, 1, 1, 1] 950
[1, 1, 1, 1] 955
[1, 1, 1, 1] 969
[1, 1, 1, 1] 1000
[0, 1, 1, 1] 511
[0, 1, 1, 1] 517
[0, 1, 1, 1] 526
[0, 1, 1, 1] 530
[0, 1, 1, 1] 543
[0, 1, 1, 1] 567
[0, 1, 1, 1] 570
[0, 1, 1, 1] 583
[0, 1, 1, 1] 587
[0, 1, 1, 1] 602
[0, 1, 1, 1] 614
[0, 1, 1, 1] 617
[0, 1, 1, 1] 617
[0, 1, 1, 1] 628
[0, 1, 1, 1] 664
[0, 1, 1, 1] 670
[0, 1, 1, 1] 673
[0, 1, 1, 1] 684
[0, 1, 1, 1] 684
[0, 1, 1, 1] 690
[0, 1, 1, 1] 694
[0, 1, 1, 1] 695
[0, 1, 1, 1] 698
[0, 1, 1, 1] 723
[0, 1, 1, 1] 731
[0, 1, 1, 1] 740
[0, 1, 1, 1] 743
[0, 1, 1, 1] 750
[0, 0, 1, 1] 254
[0, 0, 1, 1] 270
[0, 0, 1, 1] 271
[0, 0, 1, 1] 294
[0, 0, 1, 1] 299
[0, 0, 1, 1] 300
[0, 0, 1, 1] 309
[0, 0, 1, 1] 315
[0, 0, 1, 1] 316
[0, 0, 1, 1] 318
[0, 0, 1, 1] 326
[0, 0, 1, 1] 326
[0, 0, 1, 1] 332
[0, 0, 1, 1] 337
[0, 0, 1, 1] 349
[0, 0, 1, 1] 358
[0, 0, 1, 1] 365
[0, 0, 1, 1] 366
[0, 0, 1, 1] 366
[0, 0, 1, 1] 377
[0, 0, 1, 1] 382
[0, 0, 1, 1] 397
[0, 0, 1, 1] 400
[0, 0, 1, 1] 405
[0, 0, 1, 1] 406
[0, 0, 1, 1] 416
[0, 0, 1, 1] 417
[0, 0, 1, 1] 425
[0, 0, 1, 1] 427
[0, 0, 1, 1] 464
[0, 0, 1, 1] 473
[0, 0, 1, 1] 476
[0, 0, 1, 1] 494
[0, 0, 0, 1] 3
[0, 0, 0, 1] 7
[0, 0, 0, 1] 8
[0, 0, 0, 1] 10
[0, 0, 0, 1] 11
[0, 0, 0, 1] 13
[0, 0, 0, 1] 14
[0, 0, 0, 1] 32
[0, 0, 0, 1] 41
[0, 0, 0, 1] 49
[0, 0, 0, 1] 54
[0, 0, 0, 1] 66
[0, 0, 0, 1] 75
[0, 0, 0, 1] 83
[0, 0, 0, 1] 92
[0, 0, 0, 1] 116
[0, 0, 0, 1] 122
[0, 0, 0, 1] 133
[0, 0, 0, 1] 133
[0, 0, 0, 1] 136
[0, 0, 0, 1] 150
[0, 0, 0, 1] 165
[0, 0, 0, 1] 172
[0, 0, 0, 1] 179
[0, 0, 0, 1] 210
[0, 0, 0, 1] 215
[0, 0, 0, 1] 221
[0, 0, 0, 1] 224
[0, 0, 0, 1] 239
[0, 0, 0, 1] 243
