VARIABLES 120
NB_OBJ 4
ITEMS
[1, 1, 1, 1] 750
[1, 1, 1, 1] 773
[1, 1, 1, 1] 789
[1, 1, 1, 1] 793
[1, 1, 1, 1] 812
[1, 1, 1, 1] 815
[1, 1, 1, 1] 828
[1, 1, 1, 1] 837
[1, 1, 1, 1] 847
[1, 1, 1, 1] 881
[1, 1, 1, 1] 892
[1, 1, 1, 1] 893
[1, 1, 1, 1] 896
[1, 1, 1, 1] 899
[1, 1, 1, 1] 914
[1, 1, 1, 1] 924
[1, 1, 1, 1] 925
[1, 1, 1, 1] 941
[1, 1, 1, 1] 952
[1, 1, 1, 1] 968
[1, 1, 1, 1] 976
[1, 1, 1, 1] 980
[1, 1, 1, 1] 981
[1, 1, 1, 1] 983
[1, 1, 1, 1] 986
[0, 1, 1, 1] 510
[0, 1, 1, 1] 515
[0, 1, 1, 1] 523
[0, 1, 1, 1] 535
[0, 1, 1, 1] 543
[0, 1, 1, 1] 552
[0, 1, 1, 1] 555
[0, 1, 1, 1] 556
[0, 1, 1, 1] 576
[0, 1, 1, 1] 582
[0, 1, 1, 1] 584
[0, 1, 1, 1] 614
[0, 1, 1, 1] 644
[0, 1, 1, 1] 649
[0, 1, 1, 1] 652
[0, 1, 1, 1] 654
[0, 1, 1, 1] 667
[0, 1, 1, 1] 679
[0, 1, 1, 1] 684
[0, 1, 1, 1] 699
[0, 1, 1, 1] 709
[0, 1, 1, 1] 710
[0, 1, 1, 1] 710
[0, 1, 1, 1] 718
[0, 1, 1, 1] 724
[0, 1, 1, 1] 735
[0, 1, 1, 1] 745
[0, 0, 1, 1] 252
[0, 0, 1, 1] 255
[0, 0, 1, 1] 261
[0, 0, 1, 1] 267
[0, 0, 1, 1] 268
[0, 0, 1, 1] 270
[0, 0, 1, 1] 289
[0, 0, 1, 1] 292
[0, 0, 1, 1] 297
[0, 0, 1, 1] 298
[0, 0, 1, 1] 303
[0, 0, 1, 1] 304
[0, 0, 1, 1] 305
[0, 0, 1, 1] 307
[0, 0, 1, 1] 322
[0, 0, 1, 1] 327
[0, 0, 1, 1] 338
[0, 0, 1, 1] 342
[0, 0, 1, 1] 343
[0, 0, 1, 1] 346
[0, 0, 1, 1] 351
[0, 0, 1, 1] 361
[0, 0, 1, 1] 366
[0, 0, 1, 1] 374
[0, 0, 1, 1] 375
[0, 0, 1, 1] 386
[0, 0, 1, 1] 393
[0, 0, 1, 1] 397
[0, 0, 1, 1] 416
[0, 0, 1, 1] 439
[0, 0, 1, 1] 441
[0, 0, 1, 1] 445
[0, 0, 1, 1] 453
[0, 0, 1, 1] 458
[0, 0, 1, 1] 463
[0, 0, 1, 1] 467
[0, 0, 1, 1] 483
[0, 0, 1, 1] 491
[0, 0, 0, 1] 5
[0, 0, 0, 1] 7
[0, 0, 0, 1] 14
[0, 0, 0, 1] 16
[0, 0, 0, 1] 16
[0, 0, 0, 1] 20
[0, 0, 0, 1] 25
[0, 0, 0, 1] 50
[0, 0, 0, 1] 68
[0, 0, 0, 1] 73
[0, 0, 0, 1] 80
[0, 0, 0, 1] 81
[0, 0, 0, 1] 83
[0, 0, 0, 1] 114
[0, 0, 0, 1] 118
[0, 0, 0, 1] 121
[0, 0, 0, 1] 135
[0, 0, 0, 1] 136
[0, 0, 0, 1] 141
[0, 0, 0, 1] 164
[0, 0, 0, 1] 184
[0, 0, 0, 1] 193
[0, 0, 0, 1] 198
[0, 0, 0, 1] 205
[0, 0, 0, 1] 208
[0, 0, 0, 1] 221
[0, 0, 0, 1] 223
[0, 0, 0, 1] 224
[0, 0, 0, 1] 226
[0, 0, 0, 1] 242
