VARIABLES 120
NB_OBJ 4
ITEMS
[1, 1, 1, 1] 750
[1, 1, 1, 1] 765
[1, 1, 1, 1] 773
[1, 1, 1, 1] 777
[1, 1, 1, 1] 785
[1, 1, 1, 1] 786
[1, 1, 1, 1] 787
[1, 1, 1, 1] 791
[1, 1, 1, 1] 801
[1, 1, 1, 1] 813
[1, 1, 1, 1] 816
[1, 1, 1, 1] 848
[1, 1, 1, 1] 849
[1, 1, 1, 1] 859
[1, 1, 1, 1] 872
[1, 1, 1, 1] 876
[1, 1, 1, 1] 887
[1, 1, 1, 1] 889
[1, 1, 1, 1] 891
[1, 1, 1, 1] 891
[1, 1, 1, 1] 898
[1, 1, 1, 1] 915
[1, 1, 1, 1] 930
[1, 1, 1, 1] 942
[1, 1, 1, 1] 949
[1, 1, 1, 1] 950
[1, 1, 1, 1] 957
[1, 1, 1, 1] 959
[1, 1, 1, 1] 965
[1, 1, 1, 1] 976
[1, 1, 1, 1] 990
[1, 1, 1, 1] 992
[1, 1, 1, 1] 993
[1, 1, 1, 1] 995
[1, 1, 1, 1] 999
[0, 1, 1, 1] 519
[0, 1, 1, 1] 543
[0, 1, 1, 1] 572
[0, 1, 1, 1] 572
[0, 1, 1, 1] 574
[0, 1, 1, 1] 595
[0, 1, 1, 1] 597
[0, 1, 1, 1] 598
[0, 1, 1, 1] 608
[0, 1, 1, 1] 612
[0, 1, 1, 1] 622
[0, 1, 1, 1] 629
[0, 1, 1, 1] 632
[0, 1, 1, 1] 651
[0, 1, 1, 1] 654
[0, 1, 1, 1] 661
[0, 1, 1, 1] 663
[0, 1, 1, 1] 668
[0, 1, 1, 1] 677
[0, 1, 1, 1] 687
[0, 1, 1, 1] 694
[0, 1, 1, 1] 702
[0, 1, 1, 1] 704
[0, 1, 1, 1] 716
[0, 1, 1, 1] 718
[0, 1, 1, 1] 732
[0, 1, 1, 1] 750
[0, 0, 1, 1] 261
[0, 0, 1, 1] 273
[0, 0, 1, 1] 281
[0, 0, 1, 1] 282
[0, 0, 1, 1] 291
[0, 0, 1, 1] 310
[0, 0, 1, 1] 312
[0, 0, 1, 1] 324
[0, 0, 1, 1] 326
[0, 0, 1, 1] 345
[0, 0, 1, 1] 346
[0, 0, 1, 1] 346
[0, 0, 1, 1] 346
[0, 0, 1, 1] 352
[0, 0, 1, 1] 353
[0, 0, 1, 1] 357
[0, 0, 1, 1] 368
[0, 0, 1, 1] 378
[0, 0, 1, 1] 427
[0, 0, 1, 1] 436
[0, 0, 1, 1] 437
[0, 0, 1, 1] 442
[0, 0, 1, 1] 472
[0, 0, 1, 1] 485
[0, 0, 1, 1] 499
[0, 0, 0, 1] 7
[0, 0, 0, 1] 10
[0, 0, 0, 1] 13
[0, 0, 0, 1] 15
[0, 0, 0, 1] 16
[0, 0, 0, 1] 27
[0, 0, 0, 1] 52
[0, 0, 0, 1] 55
[0, 0, 0, 1] 57
[0, 0, 0, 1] 79
[0, 0, 0, 1] 79
[0, 0, 0, 1] 94
[0, 0, 0, 1] 105
[0, 0, 0, 1] 113
[0, 0, 0, 1] 121
[0, 0, 0, 1] 123
[0, 0, 0, 1] 128
[0, 0, 0, 1] 135
[0, 0, 0, 1] 135
[0, 0, 0, 1] 146
[0, 0, 0, 1] 150
[0, 0, 0, 1] 154
[0, 0, 0, 1] 160
[0, 0, 0, 1] 160
[0, 0, 0, 1] 170
[0, 0, 0, 1] 175
[0, 0, 0, 1] 176
[0, 0, 0, 1] 176
[0, 0, 0, 1] 200
[0, 0, 0, 1] 204
[0, 0, 0, 1] 210
[0, 0, 0, 1] 221
[0, 0, 0, 1] 250
