VARIABLES 120
NB_OBJ 4
ITEMS
[1, 1, 1, 1] 750
[1, 1, 1, 1] 753
[1, 1, 1, 1] 782
[1, 1, 1, 1] 794
[1, 1, 1, 1] 797
[1, 1, 1, 1] 812
[1, 1, 1, 1] 826
[1, 1, 1, 1] 856
[1, 1, 1, 1] 858
[1, 1, 1, 1] 871
[1, 1, 1, 1] 891
[1, 1, 1, 1] 908
[1, 1, 1, 1] 910
[1, 1, 1, 1] 927
[1, 1, 1, 1] 930
[1, 1, 1, 1] 934
[1, 1, 1, 1] 939
[1, 1, 1, 1] 949
[1, 1, 1, 1] 950
[1, 1, 1, 1] 951
[1, 1, 1, 1] 955
[1, 1, 1, 1] 969
[1, 1, 1, 1] 974
[1, 1, 1, 1] 975
[1, 1, 1, 1] 987
[1, 1, 1, 1] 989
[1, 1, 1, 1] 992
[0, 1, 1, 1] 520
[0, 1, 1, 1] 534
[0, 1, 1, 1] 537
[0, 1, 1, 1] 552
[0, 1, 1, 1] 564
[0, 1, 1, 1] 568
[0, 1, 1, 1] 571
[0, 1, 1, 1] 584
[0, 1, 1, 1] 590
[0, 1, 1, 1] 596
[0, 1, 1, 1] 600
[0, 1, 1, 1] 604
[0, 1, 1, 1] 606
[0, 1, 1, 1] 613
[0, 1, 1, 1] 616
[0, 1, 1, 1] 627
[0, 1, 1, 1] 638
[0, 1, 1, 1] 639
[0, 1, 1, 1] 639
[0, 1, 1, 1] 647
[0, 1, 1, 1] 651
[0, 1, 1, 1] 675
[0, 1, 1, 1] 676
[0, 1, 1, 1] 677
[0, 1, 1, 1] 694
[0, 1, 1, 1] 704
[0, 1, 1, 1] 714
[0, 1, 1, 1] 716
[0, 1, 1, 1] 723
[0, 1, 1, 1] 733
[0, 1, 1, 1] 738
[0, 0, 1, 1] 262
[0, 0, 1, 1] 267
[0, 0, 1, 1] 276
[0, 0, 1, 1] 280
[0, 0, 1, 1] 284
[0, 0, 1, 1] 293
[0, 0, 1, 1] 299
[0, 0, 1, 1] 301
[0, 0, 1, 1] 313
[0, 0, 1, 1] 331
[0, 0, 1, 1] 332
[0, 0, 1, 1] 350
[0, 0, 1, 1] 351
[0, 0, 1, 1] 369
[0, 0, 1, 1] 372
[0, 0, 1, 1] 403
[0, 0, 1, 1] 409
[0, 0, 1, 1] 415
[0, 0, 1, 1] 417
[0, 0, 1, 1] 421
[0, 0, 1, 1] 439
[0, 0, 1, 1] 447
[0, 0, 1, 1] 473
[0, 0, 1, 1] 498
[0, 0, 0, 1] 2
[0, 0, 0, 1] 6
[0, 0, 0, 1] 14
[0, 0, 0, 1] 19
[0, 0, 0, 1] 31
[0, 0, 0, 1] 39
[0, 0, 0, 1] 40
[0, 0, 0, 1] 49
[0, 0, 0, 1] 50
[0, 0, 0, 1] 57
[0, 0, 0, 1] 57
[0, 0, 0, 1] 61
[0, 0, 0, 1] 72
[0, 0, 0, 1] 73
[0, 0, 0, 1] 76
[0, 0, 0, 1] 84
[0, 0, 0, 1] 92
[0, 0, 0, 1] 97
[0, 0, 0, 1] 102
[0, 0, 0, 1] 103
[0, 0, 0, 1] 106
[0, 0, 0, 1] 107
[0, 0, 0, 1] 109
[0, 0, 0, 1] 111
[0, 0, 0, 1] 116
[0, 0, 0, 1] 122
[0, 0, 0, 1] 124
[0, 0, 0, 1] 146
[0, 0, 0, 1] 149
[0, 0, 0, 1] 158
[0, 0, 0, 1] 167
[0, 0, 0, 1] 171
[0, 0, 0, 1] 178
[0, 0, 0, 1] 210
[0, 0, 0, 1] 233
[0, 0, 0, 1] 238
[0, 0, 0, 1] 241
[0, 0, 0, 1] 241
