VARIABLES 120
NB_OBJ 4
ITEMS
[1, 1, 1, 1] 752
[1, 1, 1, 1] 767
[1, 1, 1, 1] 781
[1, 1, 1, 1] 786
[1, 1, 1, 1] 790
[1, 1, 1, 1] 793
[1, 1, 1, 1] 797
[1, 1, 1, 1] 798
[1, 1, 1, 1] 798
[1, 1, 1, 1] 807
[1, 1, 1, 1] 821
[1, 1, 1, 1] 845
[1, 1, 1, 1] 857
[1, 1, 1, 1] 868
[1, 1, 1, 1] 877
[1, 1, 1, 1] 888
[1, 1, 1, 1] 890
[1, 1, 1, 1] 907
[1, 1, 1, 1] 919
[1, 1, 1, 1] 927
[1, 1, 1, 1] 928
[1, 1, 1, 1] 936
[0, 1, 1, 1] 506
[0, 1, 1, 1] 506
[0, 1, 1, 1] 510
[0, 1, 1, 1] 517
[0, 1, 1, 1] 545
[0, 1, 1, 1] 547
[0, 1, 1, 1] 554
[0, 1, 1, 1] 556
[0, 1, 1, 1] 564
[0, 1, 1, 1] 578
[0, 1, 1, 1] 579
[0, 1, 1, 1] 584
[0, 1, 1, 1] 588
[0, 1, 1, 1] 605
[0, 1, 1, 1] 616
[0, 1, 1, 1] 623
[0, 1, 1, 1] 628
[0, 1, 1, 1] 642
[0, 1, 1, 1] 646
[0, 1, 1, 1] 654
[0, 1, 1, 1] 670
[0, 1, 1, 1] 704
[0, 1, 1, 1] 706
[0, 1, 1, 1] 708
[0, 1, 1, 1] 733
[0, 1, 1, 1] 736
[0, 0, 1, 1] 251
[0, 0, 1, 1] 251
[0, 0, 1, 1] 255
[0, 0, 1, 1] 258
[0, 0, 1, 1] 259
[0, 0, 1, 1] 267
[0, 0, 1, 1] 272
[0, 0, 1, 1] 286
[0, 0, 1, 1] 286
[0, 0, 1, 1] 290
[0, 0, 1, 1] 313
[0, 0, 1, 1] 314
[0, 0, 1, 1] 314
[0, 0, 1, 1] 318
[0, 0, 1, 1] 320
[0, 0, 1, 1] 331
[0, 0, 1, 1] 339
[0, 0, 1, 1] 358
[0, 0, 1, 1] 361
[0, 0, 1, 1] 365
[0, 0, 1, 1] 366
[0, 0, 1, 1] 367
[0, 0, 1, 1] 369
[0, 0, 1, 1] 375
[0, 0, 1, 1] 381
[0, 0, 1, 1] 390
[0, 0, 1, 1] 404
[0, 0, 1, 1] 407
[0, 0, 1, 1] 425
[0, 0, 1, 1] 428
[0, 0, 1, 1] 433
[0, 0, 1, 1] 446
[0, 0, 1, 1] 453
[0, 0, 1, 1] 459
[0, 0, 1, 1] 464
[0, 0, 1, 1] 466
[0, 0, 1, 1] 468
[0, 0, 1, 1] 474
[0, 0, 1, 1] 495
[0, 0, 0, 1] 3
[0, 0, 0, 1] 19
[0, 0, 0, 1] 24
[0, 0, 0, 1] 25
[0, 0, 0, 1] 27
[0, 0, 0, 1] 31
[0, 0, 0, 1] 32
[0, 0, 0, 1] 57
[0, 0, 0, 1] 70
[0, 0, 0, 1] 82
[0, 0, 0, 1] 83
[0, 0, 0, 1] 96
[0, 0, 0, 1] 100
[0, 0, 0, 1] 111
[0, 0, 0, 1] 118
[0, 0, 0, 1] 120
[0, 0, 0, 1] 125
[0, 0, 0, 1] 142
[0, 0, 0, 1] 145
[0, 0, 0, 1] 146
[0, 0, 0, 1] 148
[0, 0, 0, 1] 161
[0, 0, 0, 1] 163
[0, 0, 0, 1] 169
[0, 0, 0, 1] 172
[0, 0, 0, 1] 183
[0, 0, 0, 1] 186
[0, 0, 0, 1] 187
[0, 0, 0, 1] 216
[0, 0, 0, 1] 223
[0, 0, 0, 1] 237
[0, 0, 0, 1] 238
[0, 0, 0, 1] 238
