VARIABLES 120
NB_OBJ 4
ITEMS
[1, 1, 1, 1] 754
[1, 1, 1, 1] 754
[1, 1, 1, 1] 756
[1, 1, 1, 1] 769
[1, 1, 1, 1] 806
[1, 1, 1, 1] 814
[1, 1, 1, 1] 816
[1, 1, 1, 1] 817
[1, 1, 1, 1] 821
[1, 1, 1, 1] 828
[1, 1, 1, 1] 838
[1, 1, 1, 1] 853
[1, 1, 1, 1] 857
[1, 1, 1, 1] 860
[1, 1, 1, 1] 866
[1, 1, 1, 1] 877
[1, 1, 1, 1] 888
[1, 1, 1, 1] 890
[1, 1, 1, 1] 892
[1, 1, 1, 1] 893
[1, 1, 1, 1] 894
[1, 1, 1, 1] 899
[1, 1, 1, 1] 903
[1, 1, 1, 1] 912
[1, 1, 1, 1] 916
[1, 1, 1, 1] 921
[1, 1, 1, 1] 945
[1, 1, 1, 1] 953
[1, 1, 1, 1] 956
[1, 1, 1, 1] 960
[1, 1, 1, 1] 962
[1, 1, 1, 1] 967
[1, 1, 1, 1] 970
[1, 1, 1, 1] 991
[1, 1, 1, 1] 994
[0, 1, 1, 1] 501
[0, 1, 1, 1] 505
[0, 1, 1, 1] 520
[0, 1, 1, 1] 524
[0, 1, 1, 1] 527
[0, 1, 1, 1] 528
[0, 1, 1, 1] 539
[0, 1, 1, 1] 544
[0, 1, 1, 1] 547
[0, 1, 1, 1] 550
[0, 1, 1, 1] 558
[0, 1, 1, 1] 562
[0, 1, 1, 1] 566
[0, 1, 1, 1] 573
[0, 1, 1, 1] 583
[0, 1, 1, 1] 587
[0, 1, 1, 1] 616
[0, 1, 1, 1] 617
[0, 1, 1, 1] 619
[0, 1, 1, 1] 620
[0, 1, 1, 1] 639
[0, 1, 1, 1] 645
[0, 1, 1, 1] 649
[0, 1, 1, 1] 649
[0, 1, 1, 1] 654
[0, 1, 1, 1] 660
[0, 1, 1, 1] 681
[0, 1, 1, 1] 683
[0, 1, 1, 1] 696
[0, 1, 1, 1] 701
[0, 1, 1, 1] 706
[0, 1, 1, 1] 710
[0, 1, 1, 1] 727
[0, 1, 1, 1] 733
[0, 1, 1, 1] 737
[0, 1, 1, 1] 737
[0, 1, 1, 1] 742
[0, 1, 1, 1] 744
[0, 1, 1, 1] 747
[0, 0, 1, 1] 267
[0, 0, 1, 1] 274
[0, 0, 1, 1] 286
[0, 0, 1, 1] 293
[0, 0, 1, 1] 310
[0, 0, 1, 1] 312
[0, 0, 1, 1] 322
[0, 0, 1, 1] 324
[0, 0, 1, 1] 334
[0, 0, 1, 1] 339
[0, 0, 1, 1] 339
[0, 0, 1, 1] 352
[0, 0, 1, 1] 373
[0, 0, 1, 1] 380
[0, 0, 1, 1] 387
[0, 0, 1, 1] 389
[0, 0, 1, 1] 389
[0, 0, 1, 1] 431
[0, 0, 1, 1] 451
[0, 0, 1, 1] 452
[0, 0, 1, 1] 477
[0, 0, 1, 1] 481
[0, 0, 1, 1] 497
[0, 0, 0, 1] 11
[0, 0, 0, 1] 21
[0, 0, 0, 1] 23
[0, 0, 0, 1] 34
[0, 0, 0, 1] 36
[0, 0, 0, 1] 38
[0, 0, 0, 1] 55
[0, 0, 0, 1] 57
[0, 0, 0, 1] 66
[0, 0, 0, 1] 73
[0, 0, 0, 1] 97
[0, 0, 0, 1] 109
[0, 0, 0, 1] 117
[0, 0, 0, 1] 134
[0, 0, 0, 1] 145
[0, 0, 0, 1] 149
[0, 0, 0, 1] 150
[0, 0, 0, 1] 175
[0, 0, 0, 1] 187
[0, 0, 0, 1] 187
[0, 0, 0, 1] 197
[0, 0, 0, 1] 213
[0, 0, 0, 1] 217
