VARIABLES 120
NB_OBJ 4
ITEMS
[1, 1, 1, 1] 752
[1, 1, 1, 1] 761
[1, 1, 1, 1] 771
[1, 1, 1, 1] 773
[1, 1, 1, 1] 774
[1, 1, 1, 1] 775
[1, 1, 1, 1] 790
[1, 1, 1, 1] 792
[1, 1, 1, 1] 797
[1, 1, 1, 1] 802
[1, 1, 1, 1] 802
[1, 1, 1, 1] 813
[1, 1, 1, 1] 813
[1, 1, 1, 1] 823
[1, 1, 1, 1] 828
[1, 1, 1, 1] 830
[1, 1, 1, 1] 830
[1, 1, 1, 1] 840
[1, 1, 1, 1] 849
[1, 1, 1, 1] 853
[1, 1, 1, 1] 862
[1, 1, 1, 1] 872
[1, 1, 1, 1] 877
[1, 1, 1, 1] 883
[1, 1, 1, 1] 886
[1, 1, 1, 1] 900
[1, 1, 1, 1] 922
[1, 1, 1, 1] 938
[1, 1, 1, 1] 955
[1, 1, 1, 1] 963
[1, 1, 1, 1] 967
[1, 1, 1, 1] 978
[1, 1, 1, 1] 984
[1, 1, 1, 1] 986
[1, 1, 1, 1] 999
[0, 1, 1, 1] 501
[0, 1, 1, 1] 504
[0, 1, 1, 1] 506
[0, 1, 1, 1] 507
[0, 1, 1, 1] 509
[0, 1, 1, 1] 511
[0, 1, 1, 1] 528
[0, 1, 1, 1] 530
[0, 1, 1, 1] 532
[0, 1, 1, 1] 550
[0, 1, 1, 1] 551
[0, 1, 1, 1] 558
[0, 1, 1, 1] 579
[0, 1, 1, 1] 580
[0, 1, 1, 1] 596
[0, 1, 1, 1] 609
[0, 1, 1, 1] 611
[0, 1, 1, 1] 611
[0, 1, 1, 1] 617
[0, 1, 1, 1] 626
[0, 1, 1, 1] 647
[0, 1, 1, 1] 650
[0, 1, 1, 1] 653
[0, 1, 1, 1] 661
[0, 1, 1, 1] 667
[0, 1, 1, 1] 673
[0, 1, 1, 1] 673
[0, 1, 1, 1] 682
[0, 1, 1, 1] 687
[0, 1, 1, 1] 688
[0, 1, 1, 1] 694
[0, 1, 1, 1] 709
[0, 1, 1, 1] 718
[0, 1, 1, 1] 721
[0, 0, 1, 1] 257
[0, 0, 1, 1] 259
[0, 0, 1, 1] 260
[0, 0, 1, 1] 268
[0, 0, 1, 1] 275
[0, 0, 1, 1] 289
[0, 0, 1, 1] 298
[0, 0, 1, 1] 303
[0, 0, 1, 1] 327
[0, 0, 1, 1] 334
[0, 0, 1, 1] 360
[0, 0, 1, 1] 377
[0, 0, 1, 1] 394
[0, 0, 1, 1] 396
[0, 0, 1, 1] 402
[0, 0, 1, 1] 416
[0, 0, 1, 1] 419
[0, 0, 1, 1] 420
[0, 0, 1, 1] 426
[0, 0, 1, 1] 436
[0, 0, 1, 1] 438
[0, 0, 1, 1] 439
[0, 0, 1, 1] 441
[0, 0, 1, 1] 452
[0, 0, 1, 1] 469
[0, 0, 1, 1] 471
[0, 0, 1, 1] 489
[0, 0, 0, 1] 13
[0, 0, 0, 1] 20
[0, 0, 0, 1] 22
[0, 0, 0, 1] 44
[0, 0, 0, 1] 78
[0, 0, 0, 1] 82
[0, 0, 0, 1] 95
[0, 0, 0, 1] 106
[0, 0, 0, 1] 111
[0, 0, 0, 1] 148
[0, 0, 0, 1] 156
[0, 0, 0, 1] 174
[0, 0, 0, 1] 180
[0, 0, 0, 1] 180
[0, 0, 0, 1] 183
[0, 0, 0, 1] 185
[0, 0, 0, 1] 204
[0, 0, 0, 1] 206
[0, 0, 0, 1] 212
[0, 0, 0, 1] 213
[0, 0, 0, 1] 225
[0, 0, 0, 1] 229
[0, 0, 0, 1] 230
[0, 0, 0, 1] 234
