VARIABLES 120
NB_OBJ 4
ITEMS
[1, 1, 1, 1] 751
[1, 1, 1, 1] 760
[1, 1, 1, 1] 765
[1, 1, 1, 1] 770
[1, 1, 1, 1] 777
[1, 1, 1, 1] 784
[1, 1, 1, 1] 802
[1, 1, 1, 1] 816
[1, 1, 1, 1] 819
[1, 1, 1, 1] 824
[1, 1, 1, 1] 825
[1, 1, 1, 1] 853
[1, 1, 1, 1] 856
[1, 1, 1, 1] 873
[1, 1, 1, 1] 873
[1, 1, 1, 1] 874
[1, 1, 1, 1] 876
[1, 1, 1, 1] 883
[1, 1, 1, 1] 883
[1, 1, 1, 1] 897
[1, 1, 1, 1] 900
[1, 1, 1, 1] 919
[1, 1, 1, 1] 938
[1, 1, 1, 1] 948
[1, 1, 1, 1] 969
[1, 1, 1, 1] 970
[1, 1, 1, 1] 970
[0, 1, 1, 1] 501
[0, 1, 1, 1] 503
[0, 1, 1, 1] 518
[0, 1, 1, 1] 525
[0, 1, 1, 1] 527
[0, 1, 1, 1] 548
[0, 1, 1, 1] 558
[0, 1, 1, 1] 559
[0, 1, 1, 1] 569
[0, 1, 1, 1] 579
[0, 1, 1, 1] 581
[0, 1, 1, 1] 587
[0, 1, 1, 1] 594
[0, 1, 1, 1] 599
[0, 1, 1, 1] 620
[0, 1, 1, 1] 630
[0, 1, 1, 1] 639
[0, 1, 1, 1] 645
[0, 1, 1, 1] 647
[0, 1, 1, 1] 668
[0, 1, 1, 1] 669
[0, 1, 1, 1] 677
[0, 1, 1, 1] 683
[0, 1, 1, 1] 686
[0, 1, 1, 1] 694
[0, 1, 1, 1] 698
[0, 1, 1, 1] 701
[0, 1, 1, 1] 708
[0, 1, 1, 1] 720
[0, 1, 1, 1] 724
[0, 1, 1, 1] 726
[0, 1, 1, 1] 732
[0, 1, 1, 1] 733
[0, 1, 1, 1] 737
[0, 1, 1, 1] 744
[0, 1, 1, 1] 744
[0, 1, 1, 1] 745
[0, 1, 1, 1] 746
[0, 0, 1, 1] 282
[0, 0, 1, 1] 294
[0, 0, 1, 1] 306
[0, 0, 1, 1] 307
[0, 0, 1, 1] 312
[0, 0, 1, 1] 312
[0, 0, 1, 1] 315
[0, 0, 1, 1] 318
[0, 0, 1, 1] 326
[0, 0, 1, 1] 328
[0, 0, 1, 1] 331
[0, 0, 1, 1] 333
[0, 0, 1, 1] 347
[0, 0, 1, 1] 358
[0, 0, 1, 1] 361
[0, 0, 1, 1] 363
[0, 0, 1, 1] 371
[0, 0, 1, 1] 374
[0, 0, 1, 1] 394
[0, 0, 1, 1] 412
[0, 0, 1, 1] 412
[0, 0, 1, 1] 413
[0, 0, 1, 1] 432
[0, 0, 1, 1] 442
[0, 0, 1, 1] 453
[0, 0, 1, 1] 458
[0, 0, 1, 1] 460
[0, 0, 1, 1] 463
[0, 0, 1, 1] 466
[0, 0, 1, 1] 473
[0, 0, 0, 1] 21
[0, 0, 0, 1] 30
[0, 0, 0, 1] 33
[0, 0, 0, 1] 34
[0, 0, 0, 1] 39
[0, 0, 0, 1] 44
[0, 0, 0, 1] 63
[0, 0, 0, 1] 100
[0, 0, 0, 1] 100
[0, 0, 0, 1] 110
[0, 0, 0, 1] 116
[0, 0, 0, 1] 146
[0, 0, 0, 1] 154
[0, 0, 0, 1] 165
[0, 0, 0, 1] 172
[0, 0, 0, 1] 181
[0, 0, 0, 1] 184
[0, 0, 0, 1] 192
[0, 0, 0, 1] 198
[0, 0, 0, 1] 228
[0, 0, 0, 1] 233
[0, 0, 0, 1] 239
[0, 0, 0, 1] 242
[0, 0, 0, 1] 243
[0, 0, 0, 1] 250
