VARIABLES 100
NB_OBJ 2
ITEMS
[1, 1] 506
[1, 1] 533
[1, 1] 539
[1, 1] 539
[1, 1] 544
[1, 1] 552
[1, 1] 568
[1, 1] 588
[1, 1] 611
[1, 1] 630
[1, 1] 643
[1, 1] 646
[1, 1] 650
[1, 1] 650
[1, 1] 652
[1, 1] 657
[1, 1] 658
[1, 1] 658
[1, 1] 684
[1, 1] 686
[1, 1] 701
[1, 1] 705
[1, 1] 713
[1, 1] 716
[1, 1] 720
[1, 1] 737
[1, 1] 771
[1, 1] 802
[1, 1] 808
[1, 1] 810
[1, 1] 819
[1, 1] 823
[1, 1] 825
[1, 1] 849
[1, 1] 850
[1, 1] 850
[1, 1] 857
[1, 1] 857
[1, 1] 858
[1, 1] 871
[1, 1] 882
[1, 1] 890
[1, 1] 901
[1, 1] 901
[1, 1] 903
[1, 1] 906
[1, 1] 921
[1, 1] 926
[1, 1] 929
[1, 1] 932
[1, 1] 943
[1, 1] 953
[1, 1] 961
[1, 1] 979
[1, 1] 989
[1, 1] 991
[0, 1] 4
[0, 1] 13
[0, 1] 45
[0, 1] 50
[0, 1] 64
[0, 1] 66
[0, 1] 77
[0, 1] 79
[0, 1] 86
[0, 1] 100
[0, 1] 108
[0, 1] 120
[0, 1] 121
[0, 1] 127
[0, 1] 132
[0, 1] 134
[0, 1] 152
[0, 1] 156
[0, 1] 175
[0, 1] 206
[0, 1] 216
[0, 1] 225
[0, 1] 229
[0, 1] 239
[0, 1] 272
[0, 1] 279
[0, 1] 288
[0, 1] 292
[0, 1] 300
[0, 1] 320
[0, 1] 344
[0, 1] 345
[0, 1] 369
[0, 1] 399
[0, 1] 406
[0, 1] 409
[0, 1] 409
[0, 1] 428
[0, 1] 435
[0, 1] 448
[0, 1] 448
[0, 1] 449
[0, 1] 450
[0, 1] 496
