VARIABLES 100
NB_OBJ 2
ITEMS
[1, 1] 518
[1, 1] 520
[1, 1] 526
[1, 1] 527
[1, 1] 535
[1, 1] 536
[1, 1] 564
[1, 1] 570
[1, 1] 580
[1, 1] 598
[1, 1] 603
[1, 1] 607
[1, 1] 610
[1, 1] 615
[1, 1] 622
[1, 1] 625
[1, 1] 627
[1, 1] 635
[1, 1] 642
[1, 1] 648
[1, 1] 662
[1, 1] 692
[1, 1] 697
[1, 1] 719
[1, 1] 723
[1, 1] 732
[1, 1] 734
[1, 1] 736
[1, 1] 739
[1, 1] 739
[1, 1] 742
[1, 1] 743
[1, 1] 751
[1, 1] 776
[1, 1] 802
[1, 1] 817
[1, 1] 826
[1, 1] 826
[1, 1] 833
[1, 1] 841
[1, 1] 841
[1, 1] 857
[1, 1] 861
[1, 1] 872
[1, 1] 876
[1, 1] 880
[1, 1] 904
[1, 1] 911
[1, 1] 934
[1, 1] 942
[1, 1] 943
[1, 1] 944
[1, 1] 967
[1, 1] 970
[1, 1] 970
[1, 1] 970
[1, 1] 985
[1, 1] 986
[1, 1] 997
[0, 1] 4
[0, 1] 8
[0, 1] 10
[0, 1] 28
[0, 1] 31
[0, 1] 38
[0, 1] 63
[0, 1] 64
[0, 1] 108
[0, 1] 109
[0, 1] 118
[0, 1] 142
[0, 1] 145
[0, 1] 145
[0, 1] 165
[0, 1] 167
[0, 1] 176
[0, 1] 196
[0, 1] 211
[0, 1] 213
[0, 1] 236
[0, 1] 247
[0, 1] 255
[0, 1] 267
[0, 1] 277
[0, 1] 302
[0, 1] 328
[0, 1] 360
[0, 1] 372
[0, 1] 393
[0, 1] 411
[0, 1] 416
[0, 1] 416
[0, 1] 426
[0, 1] 440
[0, 1] 440
[0, 1] 444
[0, 1] 449
[0, 1] 461
[0, 1] 485
[0, 1] 494
