VARIABLES 100
NB_OBJ 2
ITEMS
[1, 1] 500
[1, 1] 504
[1, 1] 511
[1, 1] 516
[1, 1] 516
[1, 1] 517
[1, 1] 521
[1, 1] 531
[1, 1] 551
[1, 1] 554
[1, 1] 555
[1, 1] 564
[1, 1] 565
[1, 1] 567
[1, 1] 576
[1, 1] 589
[1, 1] 641
[1, 1] 661
[1, 1] 679
[1, 1] 679
[1, 1] 687
[1, 1] 708
[1, 1] 710
[1, 1] 711
[1, 1] 723
[1, 1] 724
[1, 1] 729
[1, 1] 757
[1, 1] 764
[1, 1] 764
[1, 1] 796
[1, 1] 798
[1, 1] 808
[1, 1] 835
[1, 1] 836
[1, 1] 869
[1, 1] 873
[1, 1] 889
[1, 1] 894
[1, 1] 900
[1, 1] 904
[1, 1] 918
[1, 1] 933
[1, 1] 938
[1, 1] 945
[1, 1] 954
[1, 1] 962
[1, 1] 964
[1, 1] 968
[1, 1] 976
[1, 1] 983
[0, 1] 26
[0, 1] 44
[0, 1] 51
[0, 1] 52
[0, 1] 60
[0, 1] 61
[0, 1] 62
[0, 1] 65
[0, 1] 72
[0, 1] 74
[0, 1] 95
[0, 1] 121
[0, 1] 122
[0, 1] 142
[0, 1] 146
[0, 1] 158
[0, 1] 158
[0, 1] 164
[0, 1] 179
[0, 1] 187
[0, 1] 201
[0, 1] 218
[0, 1] 222
[0, 1] 233
[0, 1] 235
[0, 1] 245
[0, 1] 247
[0, 1] 267
[0, 1] 269
[0, 1] 271
[0, 1] 275
[0, 1] 281
[0, 1] 289
[0, 1] 333
[0, 1] 333
[0, 1] 347
[0, 1] 349
[0, 1] 368
[0, 1] 405
[0, 1] 412
[0, 1] 426
[0, 1] 448
[0, 1] 454
[0, 1] 463
[0, 1] 471
[0, 1] 472
[0, 1] 484
[0, 1] 490
[0, 1] 493
