VARIABLES 100
NB_OBJ 2
ITEMS
[1, 1] 508
[1, 1] 509
[1, 1] 531
[1, 1] 554
[1, 1] 574
[1, 1] 584
[1, 1] 590
[1, 1] 592
[1, 1] 595
[1, 1] 603
[1, 1] 622
[1, 1] 623
[1, 1] 624
[1, 1] 626
[1, 1] 665
[1, 1] 674
[1, 1] 674
[1, 1] 687
[1, 1] 719
[1, 1] 739
[1, 1] 767
[1, 1] 767
[1, 1] 797
[1, 1] 807
[1, 1] 829
[1, 1] 833
[1, 1] 837
[1, 1] 838
[1, 1] 848
[1, 1] 862
[1, 1] 871
[1, 1] 873
[1, 1] 876
[1, 1] 876
[1, 1] 878
[1, 1] 882
[1, 1] 883
[1, 1] 884
[1, 1] 897
[1, 1] 905
[1, 1] 912
[1, 1] 919
[1, 1] 922
[1, 1] 929
[1, 1] 942
[1, 1] 982
[1, 1] 992
[1, 1] 997
[0, 1] 28
[0, 1] 30
[0, 1] 43
[0, 1] 58
[0, 1] 64
[0, 1] 88
[0, 1] 103
[0, 1] 104
[0, 1] 156
[0, 1] 169
[0, 1] 174
[0, 1] 219
[0, 1] 242
[0, 1] 243
[0, 1] 255
[0, 1] 257
[0, 1] 268
[0, 1] 271
[0, 1] 273
[0, 1] 279
[0, 1] 285
[0, 1] 292
[0, 1] 304
[0, 1] 314
[0, 1] 317
[0, 1] 330
[0, 1] 339
[0, 1] 341
[0, 1] 349
[0, 1] 353
[0, 1] 360
[0, 1] 371
[0, 1] 378
[0, 1] 380
[0, 1] 383
[0, 1] 384
[0, 1] 384
[0, 1] 395
[0, 1] 430
[0, 1] 432
[0, 1] 433
[0, 1] 436
[0, 1] 437
[0, 1] 444
[0, 1] 454
[0, 1] 455
[0, 1] 458
[0, 1] 474
[0, 1] 478
[0, 1] 488
[0, 1] 490
[0, 1] 499
