VARIABLES 100
NB_OBJ 2
ITEMS
[1, 1] 502
[1, 1] 513
[1, 1] 516
[1, 1] 529
[1, 1] 537
[1, 1] 546
[1, 1] 580
[1, 1] 587
[1, 1] 591
[1, 1] 593
[1, 1] 599
[1, 1] 600
[1, 1] 621
[1, 1] 639
[1, 1] 641
[1, 1] 648
[1, 1] 649
[1, 1] 655
[1, 1] 657
[1, 1] 669
[1, 1] 682
[1, 1] 696
[1, 1] 713
[1, 1] 756
[1, 1] 759
[1, 1] 763
[1, 1] 780
[1, 1] 810
[1, 1] 814
[1, 1] 815
[1, 1] 823
[1, 1] 824
[1, 1] 835
[1, 1] 847
[1, 1] 848
[1, 1] 858
[1, 1] 866
[1, 1] 871
[1, 1] 875
[1, 1] 887
[1, 1] 898
[1, 1] 913
[1, 1] 914
[1, 1] 915
[1, 1] 916
[1, 1] 921
[1, 1] 944
[1, 1] 965
[1, 1] 979
[1, 1] 983
[1, 1] 995
[0, 1] 10
[0, 1] 19
[0, 1] 27
[0, 1] 41
[0, 1] 47
[0, 1] 63
[0, 1] 69
[0, 1] 72
[0, 1] 73
[0, 1] 83
[0, 1] 113
[0, 1] 127
[0, 1] 137
[0, 1] 139
[0, 1] 149
[0, 1] 149
[0, 1] 157
[0, 1] 181
[0, 1] 194
[0, 1] 222
[0, 1] 240
[0, 1] 260
[0, 1] 265
[0, 1] 280
[0, 1] 285
[0, 1] 313
[0, 1] 317
[0, 1] 329
[0, 1] 343
[0, 1] 363
[0, 1] 369
[0, 1] 398
[0, 1] 404
[0, 1] 405
[0, 1] 417
[0, 1] 418
[0, 1] 432
[0, 1] 441
[0, 1] 448
[0, 1] 451
[0, 1] 462
[0, 1] 462
[0, 1] 479
[0, 1] 480
[0, 1] 482
[0, 1] 483
[0, 1] 485
[0, 1] 485
[0, 1] 497
