VARIABLES 100
NB_OBJ 2
ITEMS
[1, 1] 503
[1, 1] 506
[1, 1] 506
[1, 1] 530
[1, 1] 549
[1, 1] 553
[1, 1] 558
[1, 1] 588
[1, 1] 593
[1, 1] 598
[1, 1] 601
[1, 1] 619
[1, 1] 631
[1, 1] 639
[1, 1] 647
[1, 1] 649
[1, 1] 660
[1, 1] 691
[1, 1] 714
[1, 1] 715
[1, 1] 720
[1, 1] 735
[1, 1] 736
[1, 1] 738
[1, 1] 753
[1, 1] 784
[1, 1] 789
[1, 1] 793
[1, 1] 794
[1, 1] 809
[1, 1] 816
[1, 1] 857
[1, 1] 883
[1, 1] 903
[1, 1] 908
[1, 1] 918
[1, 1] 930
[1, 1] 932
[1, 1] 939
[1, 1] 958
[1, 1] 965
[1, 1] 966
[1, 1] 986
[1, 1] 986
[1, 1] 989
[1, 1] 990
[1, 1] 995
[0, 1] 7
[0, 1] 7
[0, 1] 19
[0, 1] 19
[0, 1] 25
[0, 1] 27
[0, 1] 27
[0, 1] 38
[0, 1] 67
[0, 1] 72
[0, 1] 74
[0, 1] 95
[0, 1] 96
[0, 1] 107
[0, 1] 109
[0, 1] 114
[0, 1] 129
[0, 1] 129
[0, 1] 149
[0, 1] 155
[0, 1] 159
[0, 1] 178
[0, 1] 180
[0, 1] 192
[0, 1] 221
[0, 1] 225
[0, 1] 228
[0, 1] 229
[0, 1] 247
[0, 1] 254
[0, 1] 256
[0, 1] 256
[0, 1] 291
[0, 1] 299
[0, 1] 336
[0, 1] 365
[0, 1] 391
[0, 1] 392
[0, 1] 394
[0, 1] 398
[0, 1] 427
[0, 1] 429
[0, 1] 431
[0, 1] 445
[0, 1] 454
[0, 1] 461
[0, 1] 466
[0, 1] 469
[0, 1] 469
[0, 1] 470
[0, 1] 483
[0, 1] 494
[0, 1] 498
