VARIABLES 100
NB_OBJ 2
ITEMS
[1, 1] 505
[1, 1] 508
[1, 1] 515
[1, 1] 524
[1, 1] 525
[1, 1] 531
[1, 1] 533
[1, 1] 541
[1, 1] 555
[1, 1] 579
[1, 1] 590
[1, 1] 593
[1, 1] 604
[1, 1] 606
[1, 1] 614
[1, 1] 619
[1, 1] 629
[1, 1] 660
[1, 1] 662
[1, 1] 673
[1, 1] 678
[1, 1] 688
[1, 1] 710
[1, 1] 716
[1, 1] 729
[1, 1] 756
[1, 1] 761
[1, 1] 762
[1, 1] 774
[1, 1] 776
[1, 1] 778
[1, 1] 781
[1, 1] 807
[1, 1] 833
[1, 1] 835
[1, 1] 837
[1, 1] 841
[1, 1] 881
[1, 1] 892
[1, 1] 892
[1, 1] 901
[1, 1] 903
[1, 1] 904
[1, 1] 909
[1, 1] 920
[1, 1] 976
[1, 1] 980
[1, 1] 993
[1, 1] 994
[0, 1] 10
[0, 1] 11
[0, 1] 34
[0, 1] 35
[0, 1] 36
[0, 1] 46
[0, 1] 53
[0, 1] 66
[0, 1] 82
[0, 1] 84
[0, 1] 85
[0, 1] 92
[0, 1] 119
[0, 1] 124
[0, 1] 130
[0, 1] 134
[0, 1] 143
[0, 1] 147
[0, 1] 147
[0, 1] 153
[0, 1] 169
[0, 1] 217
[0, 1] 220
[0, 1] 227
[0, 1] 229
[0, 1] 236
[0, 1] 239
[0, 1] 240
[0, 1] 258
[0, 1] 273
[0, 1] 299
[0, 1] 305
[0, 1] 315
[0, 1] 320
[0, 1] 320
[0, 1] 325
[0, 1] 347
[0, 1] 358
[0, 1] 362
[0, 1] 372
[0, 1] 381
[0, 1] 390
[0, 1] 397
[0, 1] 399
[0, 1] 415
[0, 1] 439
[0, 1] 447
[0, 1] 449
[0, 1] 458
[0, 1] 467
[0, 1] 482
