VARIABLES 100
NB_OBJ 2
ITEMS
[1, 1] 507
[1, 1] 510
[1, 1] 513
[1, 1] 516
[1, 1] 521
[1, 1] 522
[1, 1] 528
[1, 1] 535
[1, 1] 549
[1, 1] 580
[1, 1] 617
[1, 1] 628
[1, 1] 631
[1, 1] 648
[1, 1] 653
[1, 1] 660
[1, 1] 684
[1, 1] 708
[1, 1] 725
[1, 1] 727
[1, 1] 738
[1, 1] 742
[1, 1] 748
[1, 1] 758
[1, 1] 771
[1, 1] 778
[1, 1] 782
[1, 1] 823
[1, 1] 835
[1, 1] 859
[1, 1] 869
[1, 1] 876
[1, 1] 881
[1, 1] 883
[1, 1] 885
[1, 1] 886
[1, 1] 888
[1, 1] 894
[1, 1] 900
[1, 1] 906
[1, 1] 908
[1, 1] 920
[1, 1] 921
[1, 1] 936
[1, 1] 950
[1, 1] 971
[1, 1] 974
[1, 1] 976
[1, 1] 985
[1, 1] 996
[0, 1] 2
[0, 1] 3
[0, 1] 20
[0, 1] 22
[0, 1] 29
[0, 1] 48
[0, 1] 48
[0, 1] 48
[0, 1] 75
[0, 1] 78
[0, 1] 81
[0, 1] 101
[0, 1] 117
[0, 1] 127
[0, 1] 136
[0, 1] 137
[0, 1] 138
[0, 1] 152
[0, 1] 158
[0, 1] 181
[0, 1] 181
[0, 1] 215
[0, 1] 216
[0, 1] 232
[0, 1] 232
[0, 1] 234
[0, 1] 253
[0, 1] 253
[0, 1] 281
[0, 1] 288
[0, 1] 290
[0, 1] 323
[0, 1] 325
[0, 1] 342
[0, 1] 376
[0, 1] 379
[0, 1] 384
[0, 1] 391
[0, 1] 397
[0, 1] 409
[0, 1] 429
[0, 1] 443
[0, 1] 450
[0, 1] 452
[0, 1] 466
[0, 1] 486
[0, 1] 488
[0, 1] 492
[0, 1] 495
[0, 1] 500
