VARIABLES 100
NB_OBJ 2
ITEMS
[1, 1] 511
[1, 1] 527
[1, 1] 541
[1, 1] 550
[1, 1] 550
[1, 1] 550
[1, 1] 553
[1, 1] 558
[1, 1] 582
[1, 1] 582
[1, 1] 596
[1, 1] 597
[1, 1] 610
[1, 1] 611
[1, 1] 634
[1, 1] 650
[1, 1] 652
[1, 1] 698
[1, 1] 720
[1, 1] 741
[1, 1] 744
[1, 1] 747
[1, 1] 762
[1, 1] 763
[1, 1] 788
[1, 1] 788
[1, 1] 792
[1, 1] 793
[1, 1] 794
[1, 1] 802
[1, 1] 806
[1, 1] 810
[1, 1] 819
[1, 1] 820
[1, 1] 829
[1, 1] 834
[1, 1] 839
[1, 1] 846
[1, 1] 846
[1, 1] 849
[1, 1] 849
[1, 1] 862
[1, 1] 863
[1, 1] 867
[1, 1] 872
[1, 1] 931
[1, 1] 934
[1, 1] 957
[1, 1] 961
[1, 1] 964
[1, 1] 965
[1, 1] 967
[1, 1] 988
[0, 1] 3
[0, 1] 9
[0, 1] 10
[0, 1] 33
[0, 1] 33
[0, 1] 78
[0, 1] 82
[0, 1] 83
[0, 1] 84
[0, 1] 86
[0, 1] 142
[0, 1] 147
[0, 1] 157
[0, 1] 173
[0, 1] 194
[0, 1] 201
[0, 1] 202
[0, 1] 206
[0, 1] 221
[0, 1] 236
[0, 1] 258
[0, 1] 265
[0, 1] 283
[0, 1] 293
[0, 1] 297
[0, 1] 322
[0, 1] 322
[0, 1] 332
[0, 1] 338
[0, 1] 367
[0, 1] 370
[0, 1] 375
[0, 1] 386
[0, 1] 393
[0, 1] 413
[0, 1] 417
[0, 1] 420
[0, 1] 428
[0, 1] 433
[0, 1] 434
[0, 1] 441
[0, 1] 442
[0, 1] 451
[0, 1] 479
[0, 1] 496
[0, 1] 496
[0, 1] 498
