VARIABLES 100
NB_OBJ 2
ITEMS
[1, 1] 500
[1, 1] 502
[1, 1] 509
[1, 1] 527
[1, 1] 533
[1, 1] 535
[1, 1] 542
[1, 1] 557
[1, 1] 568
[1, 1] 595
[1, 1] 601
[1, 1] 613
[1, 1] 623
[1, 1] 649
[1, 1] 664
[1, 1] 666
[1, 1] 683
[1, 1] 696
[1, 1] 698
[1, 1] 707
[1, 1] 731
[1, 1] 733
[1, 1] 737
[1, 1] 745
[1, 1] 771
[1, 1] 782
[1, 1] 784
[1, 1] 788
[1, 1] 791
[1, 1] 810
[1, 1] 817
[1, 1] 828
[1, 1] 833
[1, 1] 835
[1, 1] 842
[1, 1] 846
[1, 1] 848
[1, 1] 868
[1, 1] 880
[1, 1] 903
[1, 1] 914
[1, 1] 926
[1, 1] 940
[1, 1] 987
[1, 1] 999
[0, 1] 17
[0, 1] 24
[0, 1] 37
[0, 1] 46
[0, 1] 48
[0, 1] 53
[0, 1] 67
[0, 1] 70
[0, 1] 86
[0, 1] 87
[0, 1] 107
[0, 1] 126
[0, 1] 158
[0, 1] 160
[0, 1] 166
[0, 1] 169
[0, 1] 191
[0, 1] 191
[0, 1] 196
[0, 1] 203
[0, 1] 206
[0, 1] 208
[0, 1] 217
[0, 1] 220
[0, 1] 224
[0, 1] 227
[0, 1] 227
[0, 1] 241
[0, 1] 244
[0, 1] 261
[0, 1] 263
[0, 1] 274
[0, 1] 282
[0, 1] 283
[0, 1] 285
[0, 1] 289
[0, 1] 290
[0, 1] 296
[0, 1] 316
[0, 1] 316
[0, 1] 323
[0, 1] 328
[0, 1] 329
[0, 1] 341
[0, 1] 354
[0, 1] 365
[0, 1] 367
[0, 1] 392
[0, 1] 429
[0, 1] 442
[0, 1] 466
[0, 1] 474
[0, 1] 475
[0, 1] 481
[0, 1] 496
