VARIABLES 100
NB_OBJ 2
ITEMS
[1, 1] 508
[1, 1] 528
[1, 1] 541
[1, 1] 548
[1, 1] 563
[1, 1] 571
[1, 1] 576
[1, 1] 580
[1, 1] 588
[1, 1] 590
[1, 1] 592
[1, 1] 604
[1, 1] 607
[1, 1] 608
[1, 1] 613
[1, 1] 619
[1, 1] 621
[1, 1] 631
[1, 1] 637
[1, 1] 640
[1, 1] 644
[1, 1] 647
[1, 1] 685
[1, 1] 691
[1, 1] 696
[1, 1] 709
[1, 1] 710
[1, 1] 712
[1, 1] 721
[1, 1] 748
[1, 1] 762
[1, 1] 776
[1, 1] 793
[1, 1] 797
[1, 1] 823
[1, 1] 846
[1, 1] 858
[1, 1] 864
[1, 1] 873
[1, 1] 877
[1, 1] 888
[1, 1] 888
[1, 1] 894
[1, 1] 906
[1, 1] 908
[1, 1] 916
[1, 1] 923
[1, 1] 925
[1, 1] 933
[1, 1] 976
[1, 1] 991
[1, 1] 993
[1, 1] 997
[0, 1] 1
[0, 1] 8
[0, 1] 16
[0, 1] 26
[0, 1] 40
[0, 1] 52
[0, 1] 53
[0, 1] 60
[0, 1] 79
[0, 1] 85
[0, 1] 104
[0, 1] 112
[0, 1] 122
[0, 1] 131
[0, 1] 135
[0, 1] 143
[0, 1] 153
[0, 1] 159
[0, 1] 165
[0, 1] 166
[0, 1] 172
[0, 1] 181
[0, 1] 191
[0, 1] 208
[0, 1] 224
[0, 1] 229
[0, 1] 231
[0, 1] 231
[0, 1] 233
[0, 1] 234
[0, 1] 262
[0, 1] 277
[0, 1] 305
[0, 1] 322
[0, 1] 325
[0, 1] 342
[0, 1] 358
[0, 1] 391
[0, 1] 419
[0, 1] 419
[0, 1] 425
[0, 1] 446
[0, 1] 447
[0, 1] 448
[0, 1] 456
[0, 1] 466
[0, 1] 467
