VARIABLES 100
NB_OBJ 2
ITEMS
[1, 1] 502
[1, 1] 509
[1, 1] 514
[1, 1] 519
[1, 1] 521
[1, 1] 538
[1, 1] 539
[1, 1] 540
[1, 1] 562
[1, 1] 573
[1, 1] 591
[1, 1] 592
[1, 1] 617
[1, 1] 618
[1, 1] 623
[1, 1] 635
[1, 1] 637
[1, 1] 639
[1, 1] 656
[1, 1] 658
[1, 1] 673
[1, 1] 685
[1, 1] 687
[1, 1] 706
[1, 1] 707
[1, 1] 712
[1, 1] 730
[1, 1] 741
[1, 1] 746
[1, 1] 748
[1, 1] 773
[1, 1] 778
[1, 1] 779
[1, 1] 787
[1, 1] 793
[1, 1] 805
[1, 1] 808
[1, 1] 809
[1, 1] 824
[1, 1] 831
[1, 1] 850
[1, 1] 881
[1, 1] 895
[1, 1] 897
[1, 1] 904
[1, 1] 907
[1, 1] 910
[1, 1] 911
[1, 1] 924
[1, 1] 957
[1, 1] 960
[1, 1] 978
[1, 1] 979
[0, 1] 15
[0, 1] 34
[0, 1] 45
[0, 1] 47
[0, 1] 63
[0, 1] 63
[0, 1] 67
[0, 1] 79
[0, 1] 87
[0, 1] 92
[0, 1] 113
[0, 1] 116
[0, 1] 118
[0, 1] 131
[0, 1] 142
[0, 1] 147
[0, 1] 154
[0, 1] 160
[0, 1] 173
[0, 1] 210
[0, 1] 230
[0, 1] 235
[0, 1] 250
[0, 1] 261
[0, 1] 273
[0, 1] 292
[0, 1] 299
[0, 1] 311
[0, 1] 318
[0, 1] 321
[0, 1] 324
[0, 1] 353
[0, 1] 353
[0, 1] 380
[0, 1] 409
[0, 1] 420
[0, 1] 421
[0, 1] 423
[0, 1] 435
[0, 1] 441
[0, 1] 446
[0, 1] 470
[0, 1] 471
[0, 1] 477
[0, 1] 485
[0, 1] 493
[0, 1] 498
