VARIABLES 100
NB_OBJ 2
ITEMS
[1, 1] 508
[1, 1] 523
[1, 1] 528
[1, 1] 534
[1, 1] 535
[1, 1] 544
[1, 1] 547
[1, 1] 548
[1, 1] 569
[1, 1] 569
[1, 1] 576
[1, 1] 583
[1, 1] 585
[1, 1] 601
[1, 1] 606
[1, 1] 611
[1, 1] 617
[1, 1] 619
[1, 1] 626
[1, 1] 633
[1, 1] 641
[1, 1] 644
[1, 1] 646
[1, 1] 670
[1, 1] 670
[1, 1] 707
[1, 1] 709
[1, 1] 712
[1, 1] 717
[1, 1] 758
[1, 1] 767
[1, 1] 796
[1, 1] 808
[1, 1] 827
[1, 1] 827
[1, 1] 843
[1, 1] 844
[1, 1] 868
[1, 1] 913
[1, 1] 913
[1, 1] 914
[1, 1] 919
[1, 1] 932
[1, 1] 941
[1, 1] 973
[1, 1] 983
[1, 1] 997
[1, 1] 999
[0, 1] 3
[0, 1] 15
[0, 1] 32
[0, 1] 39
[0, 1] 43
[0, 1] 45
[0, 1] 54
[0, 1] 55
[0, 1] 60
[0, 1] 65
[0, 1] 65
[0, 1] 66
[0, 1] 74
[0, 1] 84
[0, 1] 91
[0, 1] 107
[0, 1] 110
[0, 1] 112
[0, 1] 144
[0, 1] 155
[0, 1] 164
[0, 1] 177
[0, 1] 180
[0, 1] 187
[0, 1] 215
[0, 1] 230
[0, 1] 239
[0, 1] 249
[0, 1] 292
[0, 1] 293
[0, 1] 303
[0, 1] 312
[0, 1] 315
[0, 1] 337
[0, 1] 340
[0, 1] 368
[0, 1] 382
[0, 1] 389
[0, 1] 402
[0, 1] 405
[0, 1] 407
[0, 1] 420
[0, 1] 421
[0, 1] 444
[0, 1] 449
[0, 1] 450
[0, 1] 452
[0, 1] 459
[0, 1] 460
[0, 1] 472
[0, 1] 477
[0, 1] 497
