VARIABLES 100
NB_OBJ 2
ITEMS
[1, 1] 503
[1, 1] 507
[1, 1] 526
[1, 1] 542
[1, 1] 567
[1, 1] 572
[1, 1] 582
[1, 1] 588
[1, 1] 588
[1, 1] 602
[1, 1] 638
[1, 1] 652
[1, 1] 667
[1, 1] 675
[1, 1] 716
[1, 1] 738
[1, 1] 745
[1, 1] 769
[1, 1] 795
[1, 1] 797
[1, 1] 826
[1, 1] 837
[1, 1] 838
[1, 1] 838
[1, 1] 847
[1, 1] 852
[1, 1] 859
[1, 1] 875
[1, 1] 876
[1, 1] 882
[1, 1] 891
[1, 1] 898
[1, 1] 907
[1, 1] 932
[1, 1] 952
[1, 1] 955
[1, 1] 957
[1, 1] 973
[1, 1] 974
[1, 1] 976
[1, 1] 983
[1, 1] 992
[1, 1] 999
[0, 1] 9
[0, 1] 19
[0, 1] 20
[0, 1] 22
[0, 1] 45
[0, 1] 78
[0, 1] 101
[0, 1] 111
[0, 1] 112
[0, 1] 113
[0, 1] 121
[0, 1] 131
[0, 1] 132
[0, 1] 139
[0, 1] 149
[0, 1] 151
[0, 1] 153
[0, 1] 154
[0, 1] 179
[0, 1] 181
[0, 1] 182
[0, 1] 193
[0, 1] 195
[0, 1] 200
[0, 1] 203
[0, 1] 219
[0, 1] 232
[0, 1] 249
[0, 1] 253
[0, 1] 266
[0, 1] 267
[0, 1] 275
[0, 1] 294
[0, 1] 304
[0, 1] 308
[0, 1] 310
[0, 1] 313
[0, 1] 319
[0, 1] 332
[0, 1] 354
[0, 1] 357
[0, 1] 380
[0, 1] 381
[0, 1] 382
[0, 1] 389
[0, 1] 406
[0, 1] 407
[0, 1] 408
[0, 1] 417
[0, 1] 419
[0, 1] 434
[0, 1] 434
[0, 1] 443
[0, 1] 450
[0, 1] 465
[0, 1] 467
[0, 1] 492
