VARIABLES 100
NB_OBJ 2
ITEMS
[1, 1] 500
[1, 1] 516
[1, 1] 523
[1, 1] 537
[1, 1] 564
[1, 1] 566
[1, 1] 569
[1, 1] 577
[1, 1] 580
[1, 1] 612
[1, 1] 614
[1, 1] 630
[1, 1] 656
[1, 1] 674
[1, 1] 686
[1, 1] 690
[1, 1] 693
[1, 1] 697
[1, 1] 708
[1, 1] 713
[1, 1] 714
[1, 1] 736
[1, 1] 759
[1, 1] 759
[1, 1] 772
[1, 1] 774
[1, 1] 778
[1, 1] 780
[1, 1] 785
[1, 1] 805
[1, 1] 811
[1, 1] 813
[1, 1] 817
[1, 1] 827
[1, 1] 842
[1, 1] 854
[1, 1] 870
[1, 1] 876
[1, 1] 879
[1, 1] 893
[1, 1] 914
[1, 1] 930
[1, 1] 936
[1, 1] 939
[1, 1] 941
[1, 1] 961
[1, 1] 968
[1, 1] 972
[1, 1] 987
[1, 1] 990
[0, 1] 9
[0, 1] 37
[0, 1] 39
[0, 1] 40
[0, 1] 48
[0, 1] 89
[0, 1] 95
[0, 1] 97
[0, 1] 113
[0, 1] 122
[0, 1] 125
[0, 1] 144
[0, 1] 147
[0, 1] 177
[0, 1] 181
[0, 1] 187
[0, 1] 200
[0, 1] 203
[0, 1] 225
[0, 1] 249
[0, 1] 249
[0, 1] 253
[0, 1] 261
[0, 1] 266
[0, 1] 295
[0, 1] 299
[0, 1] 307
[0, 1] 316
[0, 1] 336
[0, 1] 349
[0, 1] 360
[0, 1] 369
[0, 1] 370
[0, 1] 376
[0, 1] 382
[0, 1] 384
[0, 1] 393
[0, 1] 404
[0, 1] 406
[0, 1] 413
[0, 1] 442
[0, 1] 454
[0, 1] 454
[0, 1] 462
[0, 1] 464
[0, 1] 469
[0, 1] 471
[0, 1] 475
[0, 1] 479
[0, 1] 482
