VARIABLES 100
NB_OBJ 2
ITEMS
[1, 1] 503
[1, 1] 509
[1, 1] 515
[1, 1] 521
[1, 1] 531
[1, 1] 585
[1, 1] 605
[1, 1] 607
[1, 1] 610
[1, 1] 627
[1, 1] 634
[1, 1] 636
[1, 1] 646
[1, 1] 647
[1, 1] 652
[1, 1] 670
[1, 1] 679
[1, 1] 690
[1, 1] 692
[1, 1] 708
[1, 1] 720
[1, 1] 729
[1, 1] 753
[1, 1] 754
[1, 1] 757
[1, 1] 762
[1, 1] 763
[1, 1] 778
[1, 1] 787
[1, 1] 789
[1, 1] 795
[1, 1] 813
[1, 1] 840
[1, 1] 842
[1, 1] 853
[1, 1] 858
[1, 1] 864
[1, 1] 910
[1, 1] 917
[1, 1] 920
[1, 1] 923
[1, 1] 927
[1, 1] 940
[1, 1] 945
[1, 1] 953
[1, 1] 955
[1, 1] 976
[1, 1] 983
[1, 1] 987
[1, 1] 989
[0, 1] 8
[0, 1] 28
[0, 1] 48
[0, 1] 65
[0, 1] 80
[0, 1] 87
[0, 1] 94
[0, 1] 99
[0, 1] 115
[0, 1] 121
[0, 1] 140
[0, 1] 153
[0, 1] 153
[0, 1] 157
[0, 1] 163
[0, 1] 178
[0, 1] 180
[0, 1] 196
[0, 1] 218
[0, 1] 218
[0, 1] 219
[0, 1] 234
[0, 1] 239
[0, 1] 245
[0, 1] 252
[0, 1] 264
[0, 1] 265
[0, 1] 293
[0, 1] 296
[0, 1] 300
[0, 1] 302
[0, 1] 305
[0, 1] 317
[0, 1] 317
[0, 1] 318
[0, 1] 318
[0, 1] 333
[0, 1] 343
[0, 1] 380
[0, 1] 383
[0, 1] 388
[0, 1] 399
[0, 1] 405
[0, 1] 406
[0, 1] 411
[0, 1] 426
[0, 1] 430
[0, 1] 451
[0, 1] 482
[0, 1] 488
