VARIABLES 100
NB_OBJ 2
ITEMS
[1, 1] 546
[1, 1] 547
[1, 1] 550
[1, 1] 552
[1, 1] 563
[1, 1] 566
[1, 1] 568
[1, 1] 583
[1, 1] 593
[1, 1] 609
[1, 1] 611
[1, 1] 626
[1, 1] 633
[1, 1] 635
[1, 1] 635
[1, 1] 648
[1, 1] 651
[1, 1] 657
[1, 1] 667
[1, 1] 679
[1, 1] 689
[1, 1] 695
[1, 1] 703
[1, 1] 706
[1, 1] 713
[1, 1] 730
[1, 1] 735
[1, 1] 743
[1, 1] 778
[1, 1] 782
[1, 1] 792
[1, 1] 803
[1, 1] 816
[1, 1] 828
[1, 1] 833
[1, 1] 839
[1, 1] 842
[1, 1] 846
[1, 1] 859
[1, 1] 910
[1, 1] 916
[1, 1] 929
[1, 1] 930
[1, 1] 932
[1, 1] 940
[1, 1] 953
[1, 1] 982
[1, 1] 983
[1, 1] 989
[1, 1] 998
[0, 1] 3
[0, 1] 29
[0, 1] 40
[0, 1] 64
[0, 1] 67
[0, 1] 72
[0, 1] 77
[0, 1] 82
[0, 1] 97
[0, 1] 97
[0, 1] 97
[0, 1] 104
[0, 1] 117
[0, 1] 118
[0, 1] 123
[0, 1] 133
[0, 1] 150
[0, 1] 169
[0, 1] 184
[0, 1] 202
[0, 1] 220
[0, 1] 227
[0, 1] 228
[0, 1] 232
[0, 1] 232
[0, 1] 272
[0, 1] 283
[0, 1] 284
[0, 1] 294
[0, 1] 300
[0, 1] 305
[0, 1] 327
[0, 1] 330
[0, 1] 334
[0, 1] 345
[0, 1] 364
[0, 1] 365
[0, 1] 384
[0, 1] 392
[0, 1] 396
[0, 1] 398
[0, 1] 428
[0, 1] 439
[0, 1] 441
[0, 1] 442
[0, 1] 452
[0, 1] 463
[0, 1] 481
[0, 1] 496
[0, 1] 497
