VARIABLES 100
NB_OBJ 2
ITEMS
[1, 1] 504
[1, 1] 524
[1, 1] 549
[1, 1] 586
[1, 1] 591
[1, 1] 627
[1, 1] 630
[1, 1] 630
[1, 1] 633
[1, 1] 637
[1, 1] 649
[1, 1] 649
[1, 1] 671
[1, 1] 684
[1, 1] 712
[1, 1] 715
[1, 1] 717
[1, 1] 734
[1, 1] 746
[1, 1] 764
[1, 1] 774
[1, 1] 775
[1, 1] 800
[1, 1] 805
[1, 1] 828
[1, 1] 831
[1, 1] 832
[1, 1] 836
[1, 1] 853
[1, 1] 859
[1, 1] 861
[1, 1] 865
[1, 1] 882
[1, 1] 890
[1, 1] 890
[1, 1] 893
[1, 1] 895
[1, 1] 906
[1, 1] 913
[1, 1] 921
[1, 1] 930
[1, 1] 936
[1, 1] 942
[1, 1] 959
[1, 1] 1000
[0, 1] 13
[0, 1] 18
[0, 1] 25
[0, 1] 30
[0, 1] 32
[0, 1] 61
[0, 1] 77
[0, 1] 81
[0, 1] 94
[0, 1] 95
[0, 1] 106
[0, 1] 111
[0, 1] 117
[0, 1] 141
[0, 1] 144
[0, 1] 144
[0, 1] 144
[0, 1] 161
[0, 1] 161
[0, 1] 168
[0, 1] 173
[0, 1] 188
[0, 1] 201
[0, 1] 202
[0, 1] 214
[0, 1] 219
[0, 1] 221
[0, 1] 222
[0, 1] 233
[0, 1] 236
[0, 1] 257
[0, 1] 261
[0, 1] 264
[0, 1] 268
[0, 1] 270
[0, 1] 306
[0, 1] 312
[0, 1] 317
[0, 1] 318
[0, 1] 354
[0, 1] 378
[0, 1] 381
[0, 1] 388
[0, 1] 391
[0, 1] 412
[0, 1] 414
[0, 1] 415
[0, 1] 436
[0, 1] 445
[0, 1] 446
[0, 1] 455
[0, 1] 476
[0, 1] 493
[0, 1] 494
[0, 1] 499
