VARIABLES 100
NB_OBJ 2
ITEMS
[1, 1] 505
[1, 1] 534
[1, 1] 565
[1, 1] 579
[1, 1] 580
[1, 1] 583
[1, 1] 588
[1, 1] 622
[1, 1] 628
[1, 1] 640
[1, 1] 663
[1, 1] 666
[1, 1] 673
[1, 1] 676
[1, 1] 686
[1, 1] 686
[1, 1] 692
[1, 1] 709
[1, 1] 711
[1, 1] 729
[1, 1] 731
[1, 1] 734
[1, 1] 751
[1, 1] 771
[1, 1] 788
[1, 1] 792
[1, 1] 799
[1, 1] 800
[1, 1] 863
[1, 1] 871
[1, 1] 902
[1, 1] 924
[1, 1] 941
[1, 1] 953
[1, 1] 955
[1, 1] 974
[1, 1] 975
[1, 1] 977
[1, 1] 980
[1, 1] 991
[0, 1] 6
[0, 1] 8
[0, 1] 10
[0, 1] 36
[0, 1] 37
[0, 1] 59
[0, 1] 68
[0, 1] 70
[0, 1] 72
[0, 1] 73
[0, 1] 84
[0, 1] 98
[0, 1] 116
[0, 1] 116
[0, 1] 117
[0, 1] 125
[0, 1] 151
[0, 1] 154
[0, 1] 155
[0, 1] 155
[0, 1] 156
[0, 1] 161
[0, 1] 164
[0, 1] 166
[0, 1] 177
[0, 1] 181
[0, 1] 189
[0, 1] 201
[0, 1] 210
[0, 1] 212
[0, 1] 234
[0, 1] 236
[0, 1] 263
[0, 1] 264
[0, 1] 265
[0, 1] 266
[0, 1] 268
[0, 1] 288
[0, 1] 288
[0, 1] 290
[0, 1] 293
[0, 1] 310
[0, 1] 317
[0, 1] 324
[0, 1] 339
[0, 1] 349
[0, 1] 356
[0, 1] 362
[0, 1] 364
[0, 1] 380
[0, 1] 399
[0, 1] 420
[0, 1] 428
[0, 1] 431
[0, 1] 471
[0, 1] 471
[0, 1] 482
[0, 1] 487
[0, 1] 491
[0, 1] 498
