VARIABLES 100
NB_OBJ 2
ITEMS
[1, 1] 501
[1, 1] 505
[1, 1] 511
[1, 1] 512
[1, 1] 516
[1, 1] 520
[1, 1] 530
[1, 1] 531
[1, 1] 568
[1, 1] 570
[1, 1] 580
[1, 1] 583
[1, 1] 589
[1, 1] 601
[1, 1] 622
[1, 1] 623
[1, 1] 626
[1, 1] 632
[1, 1] 636
[1, 1] 656
[1, 1] 659
[1, 1] 666
[1, 1] 756
[1, 1] 761
[1, 1] 787
[1, 1] 795
[1, 1] 805
[1, 1] 814
[1, 1] 850
[1, 1] 859
[1, 1] 862
[1, 1] 874
[1, 1] 897
[1, 1] 900
[1, 1] 903
[1, 1] 913
[1, 1] 936
[1, 1] 938
[1, 1] 939
[1, 1] 957
[1, 1] 963
[1, 1] 964
[1, 1] 975
[1, 1] 999
[0, 1] 8
[0, 1] 11
[0, 1] 15
[0, 1] 19
[0, 1] 63
[0, 1] 63
[0, 1] 65
[0, 1] 66
[0, 1] 75
[0, 1] 84
[0, 1] 90
[0, 1] 95
[0, 1] 96
[0, 1] 98
[0, 1] 105
[0, 1] 117
[0, 1] 127
[0, 1] 139
[0, 1] 139
[0, 1] 161
[0, 1] 188
[0, 1] 203
[0, 1] 209
[0, 1] 224
[0, 1] 230
[0, 1] 275
[0, 1] 282
[0, 1] 285
[0, 1] 285
[0, 1] 289
[0, 1] 298
[0, 1] 305
[0, 1] 311
[0, 1] 322
[0, 1] 325
[0, 1] 334
[0, 1] 343
[0, 1] 350
[0, 1] 355
[0, 1] 380
[0, 1] 381
[0, 1] 388
[0, 1] 394
[0, 1] 397
[0, 1] 398
[0, 1] 401
[0, 1] 404
[0, 1] 424
[0, 1] 442
[0, 1] 459
[0, 1] 479
[0, 1] 482
[0, 1] 484
[0, 1] 487
[0, 1] 490
[0, 1] 491
