VARIABLES 100
NB_OBJ 2
ITEMS
[1, 1] 517
[1, 1] 519
[1, 1] 535
[1, 1] 547
[1, 1] 564
[1, 1] 571
[1, 1] 608
[1, 1] 623
[1, 1] 631
[1, 1] 650
[1, 1] 654
[1, 1] 658
[1, 1] 676
[1, 1] 678
[1, 1] 685
[1, 1] 700
[1, 1] 710
[1, 1] 719
[1, 1] 722
[1, 1] 725
[1, 1] 761
[1, 1] 768
[1, 1] 772
[1, 1] 775
[1, 1] 775
[1, 1] 777
[1, 1] 781
[1, 1] 787
[1, 1] 787
[1, 1] 799
[1, 1] 823
[1, 1] 831
[1, 1] 832
[1, 1] 845
[1, 1] 846
[1, 1] 877
[1, 1] 880
[1, 1] 908
[1, 1] 927
[1, 1] 929
[1, 1] 942
[1, 1] 944
[1, 1] 950
[1, 1] 951
[1, 1] 956
[1, 1] 957
[1, 1] 978
[1, 1] 979
[1, 1] 995
[0, 1] 21
[0, 1] 38
[0, 1] 44
[0, 1] 45
[0, 1] 48
[0, 1] 56
[0, 1] 57
[0, 1] 70
[0, 1] 83
[0, 1] 100
[0, 1] 108
[0, 1] 110
[0, 1] 116
[0, 1] 121
[0, 1] 124
[0, 1] 133
[0, 1] 138
[0, 1] 143
[0, 1] 144
[0, 1] 152
[0, 1] 161
[0, 1] 178
[0, 1] 179
[0, 1] 180
[0, 1] 182
[0, 1] 193
[0, 1] 206
[0, 1] 225
[0, 1] 231
[0, 1] 253
[0, 1] 255
[0, 1] 261
[0, 1] 266
[0, 1] 282
[0, 1] 305
[0, 1] 312
[0, 1] 319
[0, 1] 324
[0, 1] 332
[0, 1] 341
[0, 1] 358
[0, 1] 359
[0, 1] 362
[0, 1] 370
[0, 1] 373
[0, 1] 378
[0, 1] 389
[0, 1] 416
[0, 1] 419
[0, 1] 430
[0, 1] 473
