VARIABLES 100
NB_OBJ 2
ITEMS
[1, 1] 508
[1, 1] 514
[1, 1] 516
[1, 1] 523
[1, 1] 527
[1, 1] 529
[1, 1] 543
[1, 1] 550
[1, 1] 554
[1, 1] 555
[1, 1] 566
[1, 1] 576
[1, 1] 581
[1, 1] 585
[1, 1] 604
[1, 1] 605
[1, 1] 620
[1, 1] 622
[1, 1] 637
[1, 1] 650
[1, 1] 654
[1, 1] 678
[1, 1] 682
[1, 1] 699
[1, 1] 701
[1, 1] 705
[1, 1] 707
[1, 1] 731
[1, 1] 748
[1, 1] 757
[1, 1] 762
[1, 1] 801
[1, 1] 810
[1, 1] 818
[1, 1] 832
[1, 1] 835
[1, 1] 844
[1, 1] 845
[1, 1] 856
[1, 1] 859
[1, 1] 876
[1, 1] 897
[1, 1] 912
[1, 1] 915
[1, 1] 938
[1, 1] 949
[1, 1] 955
[1, 1] 959
[1, 1] 966
[1, 1] 969
[1, 1] 972
[1, 1] 992
[0, 1] 3
[0, 1] 7
[0, 1] 56
[0, 1] 58
[0, 1] 63
[0, 1] 75
[0, 1] 86
[0, 1] 91
[0, 1] 96
[0, 1] 112
[0, 1] 129
[0, 1] 137
[0, 1] 147
[0, 1] 153
[0, 1] 177
[0, 1] 184
[0, 1] 201
[0, 1] 208
[0, 1] 211
[0, 1] 216
[0, 1] 222
[0, 1] 230
[0, 1] 235
[0, 1] 236
[0, 1] 249
[0, 1] 252
[0, 1] 259
[0, 1] 267
[0, 1] 289
[0, 1] 307
[0, 1] 310
[0, 1] 311
[0, 1] 334
[0, 1] 343
[0, 1] 347
[0, 1] 348
[0, 1] 352
[0, 1] 353
[0, 1] 362
[0, 1] 365
[0, 1] 391
[0, 1] 413
[0, 1] 450
[0, 1] 457
[0, 1] 462
[0, 1] 467
[0, 1] 484
[0, 1] 489
