VARIABLES 100
NB_OBJ 2
ITEMS
[1, 1] 501
[1, 1] 510
[1, 1] 528
[1, 1] 533
[1, 1] 539
[1, 1] 546
[1, 1] 551
[1, 1] 555
[1, 1] 562
[1, 1] 595
[1, 1] 601
[1, 1] 605
[1, 1] 608
[1, 1] 614
[1, 1] 617
[1, 1] 644
[1, 1] 654
[1, 1] 662
[1, 1] 670
[1, 1] 675
[1, 1] 691
[1, 1] 700
[1, 1] 712
[1, 1] 717
[1, 1] 721
[1, 1] 727
[1, 1] 733
[1, 1] 770
[1, 1] 772
[1, 1] 784
[1, 1] 796
[1, 1] 799
[1, 1] 799
[1, 1] 804
[1, 1] 828
[1, 1] 857
[1, 1] 870
[1, 1] 873
[1, 1] 879
[1, 1] 880
[1, 1] 896
[1, 1] 906
[1, 1] 932
[1, 1] 936
[1, 1] 946
[1, 1] 955
[1, 1] 957
[1, 1] 973
[1, 1] 976
[1, 1] 988
[1, 1] 998
[0, 1] 1
[0, 1] 31
[0, 1] 45
[0, 1] 59
[0, 1] 60
[0, 1] 61
[0, 1] 80
[0, 1] 82
[0, 1] 90
[0, 1] 122
[0, 1] 129
[0, 1] 145
[0, 1] 176
[0, 1] 178
[0, 1] 181
[0, 1] 194
[0, 1] 199
[0, 1] 204
[0, 1] 222
[0, 1] 244
[0, 1] 249
[0, 1] 258
[0, 1] 282
[0, 1] 292
[0, 1] 303
[0, 1] 308
[0, 1] 343
[0, 1] 349
[0, 1] 358
[0, 1] 359
[0, 1] 360
[0, 1] 372
[0, 1] 373
[0, 1] 383
[0, 1] 394
[0, 1] 401
[0, 1] 409
[0, 1] 413
[0, 1] 438
[0, 1] 454
[0, 1] 459
[0, 1] 463
[0, 1] 467
[0, 1] 467
[0, 1] 467
[0, 1] 467
[0, 1] 471
[0, 1] 478
[0, 1] 492
