VARIABLES 100
NB_OBJ 2
ITEMS
[1, 1] 507
[1, 1] 517
[1, 1] 525
[1, 1] 526
[1, 1] 530
[1, 1] 539
[1, 1] 559
[1, 1] 564
[1, 1] 567
[1, 1] 605
[1, 1] 616
[1, 1] 619
[1, 1] 645
[1, 1] 646
[1, 1] 655
[1, 1] 668
[1, 1] 675
[1, 1] 675
[1, 1] 682
[1, 1] 695
[1, 1] 702
[1, 1] 721
[1, 1] 722
[1, 1] 727
[1, 1] 751
[1, 1] 796
[1, 1] 800
[1, 1] 803
[1, 1] 814
[1, 1] 832
[1, 1] 855
[1, 1] 862
[1, 1] 863
[1, 1] 864
[1, 1] 866
[1, 1] 906
[1, 1] 914
[1, 1] 919
[1, 1] 949
[1, 1] 952
[1, 1] 973
[1, 1] 975
[1, 1] 978
[1, 1] 985
[1, 1] 987
[0, 1] 1
[0, 1] 13
[0, 1] 15
[0, 1] 15
[0, 1] 22
[0, 1] 30
[0, 1] 41
[0, 1] 43
[0, 1] 52
[0, 1] 64
[0, 1] 87
[0, 1] 87
[0, 1] 113
[0, 1] 113
[0, 1] 114
[0, 1] 118
[0, 1] 124
[0, 1] 128
[0, 1] 149
[0, 1] 154
[0, 1] 159
[0, 1] 168
[0, 1] 187
[0, 1] 198
[0, 1] 217
[0, 1] 228
[0, 1] 232
[0, 1] 246
[0, 1] 255
[0, 1] 283
[0, 1] 286
[0, 1] 292
[0, 1] 297
[0, 1] 299
[0, 1] 301
[0, 1] 303
[0, 1] 320
[0, 1] 346
[0, 1] 346
[0, 1] 371
[0, 1] 406
[0, 1] 412
[0, 1] 421
[0, 1] 442
[0, 1] 442
[0, 1] 442
[0, 1] 448
[0, 1] 450
[0, 1] 460
[0, 1] 460
[0, 1] 461
[0, 1] 466
[0, 1] 468
[0, 1] 494
[0, 1] 500
