VARIABLES 100
NB_OBJ 2
ITEMS
[1, 1] 504
[1, 1] 531
[1, 1] 542
[1, 1] 546
[1, 1] 556
[1, 1] 574
[1, 1] 578
[1, 1] 591
[1, 1] 600
[1, 1] 609
[1, 1] 616
[1, 1] 630
[1, 1] 638
[1, 1] 643
[1, 1] 656
[1, 1] 668
[1, 1] 700
[1, 1] 719
[1, 1] 733
[1, 1] 734
[1, 1] 744
[1, 1] 747
[1, 1] 757
[1, 1] 780
[1, 1] 791
[1, 1] 808
[1, 1] 813
[1, 1] 814
[1, 1] 825
[1, 1] 825
[1, 1] 833
[1, 1] 840
[1, 1] 841
[1, 1] 858
[1, 1] 873
[1, 1] 926
[1, 1] 934
[1, 1] 937
[1, 1] 947
[1, 1] 949
[1, 1] 950
[1, 1] 956
[1, 1] 961
[1, 1] 972
[1, 1] 972
[1, 1] 973
[0, 1] 6
[0, 1] 7
[0, 1] 14
[0, 1] 36
[0, 1] 45
[0, 1] 55
[0, 1] 58
[0, 1] 65
[0, 1] 97
[0, 1] 108
[0, 1] 130
[0, 1] 132
[0, 1] 133
[0, 1] 137
[0, 1] 150
[0, 1] 158
[0, 1] 161
[0, 1] 174
[0, 1] 179
[0, 1] 179
[0, 1] 194
[0, 1] 209
[0, 1] 209
[0, 1] 215
[0, 1] 226
[0, 1] 229
[0, 1] 244
[0, 1] 262
[0, 1] 269
[0, 1] 274
[0, 1] 277
[0, 1] 279
[0, 1] 284
[0, 1] 296
[0, 1] 300
[0, 1] 315
[0, 1] 319
[0, 1] 320
[0, 1] 331
[0, 1] 332
[0, 1] 345
[0, 1] 347
[0, 1] 351
[0, 1] 371
[0, 1] 378
[0, 1] 379
[0, 1] 389
[0, 1] 391
[0, 1] 418
[0, 1] 434
[0, 1] 453
[0, 1] 454
[0, 1] 455
[0, 1] 457
