VARIABLES 100
NB_OBJ 2
ITEMS
[1, 1] 507
[1, 1] 512
[1, 1] 521
[1, 1] 527
[1, 1] 537
[1, 1] 537
[1, 1] 546
[1, 1] 561
[1, 1] 565
[1, 1] 569
[1, 1] 569
[1, 1] 585
[1, 1] 590
[1, 1] 592
[1, 1] 609
[1, 1] 609
[1, 1] 622
[1, 1] 625
[1, 1] 646
[1, 1] 652
[1, 1] 658
[1, 1] 697
[1, 1] 706
[1, 1] 709
[1, 1] 717
[1, 1] 718
[1, 1] 741
[1, 1] 748
[1, 1] 759
[1, 1] 764
[1, 1] 769
[1, 1] 778
[1, 1] 783
[1, 1] 788
[1, 1] 790
[1, 1] 791
[1, 1] 793
[1, 1] 795
[1, 1] 796
[1, 1] 806
[1, 1] 808
[1, 1] 812
[1, 1] 814
[1, 1] 822
[1, 1] 853
[1, 1] 857
[1, 1] 875
[1, 1] 880
[1, 1] 943
[1, 1] 967
[1, 1] 968
[1, 1] 973
[1, 1] 977
[1, 1] 986
[1, 1] 995
[0, 1] 15
[0, 1] 16
[0, 1] 16
[0, 1] 20
[0, 1] 30
[0, 1] 34
[0, 1] 37
[0, 1] 46
[0, 1] 51
[0, 1] 52
[0, 1] 62
[0, 1] 70
[0, 1] 89
[0, 1] 97
[0, 1] 120
[0, 1] 126
[0, 1] 127
[0, 1] 142
[0, 1] 167
[0, 1] 174
[0, 1] 176
[0, 1] 201
[0, 1] 213
[0, 1] 223
[0, 1] 248
[0, 1] 266
[0, 1] 281
[0, 1] 285
[0, 1] 298
[0, 1] 300
[0, 1] 304
[0, 1] 323
[0, 1] 341
[0, 1] 366
[0, 1] 367
[0, 1] 409
[0, 1] 415
[0, 1] 423
[0, 1] 425
[0, 1] 439
[0, 1] 446
[0, 1] 459
[0, 1] 460
[0, 1] 487
[0, 1] 500
