VARIABLES 100
NB_OBJ 2
ITEMS
[1, 1] 512
[1, 1] 517
[1, 1] 529
[1, 1] 532
[1, 1] 534
[1, 1] 543
[1, 1] 546
[1, 1] 553
[1, 1] 566
[1, 1] 581
[1, 1] 602
[1, 1] 617
[1, 1] 632
[1, 1] 636
[1, 1] 648
[1, 1] 648
[1, 1] 655
[1, 1] 657
[1, 1] 662
[1, 1] 669
[1, 1] 673
[1, 1] 676
[1, 1] 740
[1, 1] 742
[1, 1] 746
[1, 1] 753
[1, 1] 758
[1, 1] 759
[1, 1] 762
[1, 1] 762
[1, 1] 765
[1, 1] 766
[1, 1] 775
[1, 1] 794
[1, 1] 804
[1, 1] 805
[1, 1] 805
[1, 1] 808
[1, 1] 814
[1, 1] 835
[1, 1] 844
[1, 1] 870
[1, 1] 880
[1, 1] 883
[1, 1] 890
[1, 1] 893
[1, 1] 900
[1, 1] 900
[1, 1] 913
[1, 1] 920
[1, 1] 926
[1, 1] 928
[1, 1] 931
[1, 1] 934
[1, 1] 939
[1, 1] 986
[1, 1] 989
[1, 1] 990
[0, 1] 8
[0, 1] 11
[0, 1] 16
[0, 1] 24
[0, 1] 26
[0, 1] 35
[0, 1] 71
[0, 1] 94
[0, 1] 97
[0, 1] 99
[0, 1] 106
[0, 1] 107
[0, 1] 108
[0, 1] 128
[0, 1] 129
[0, 1] 149
[0, 1] 151
[0, 1] 170
[0, 1] 176
[0, 1] 208
[0, 1] 214
[0, 1] 215
[0, 1] 219
[0, 1] 222
[0, 1] 226
[0, 1] 246
[0, 1] 248
[0, 1] 258
[0, 1] 285
[0, 1] 334
[0, 1] 340
[0, 1] 376
[0, 1] 407
[0, 1] 418
[0, 1] 427
[0, 1] 434
[0, 1] 437
[0, 1] 441
[0, 1] 442
[0, 1] 455
[0, 1] 466
[0, 1] 480
