VARIABLES 100
NB_OBJ 2
ITEMS
[1, 1] 511
[1, 1] 521
[1, 1] 528
[1, 1] 531
[1, 1] 556
[1, 1] 556
[1, 1] 562
[1, 1] 569
[1, 1] 575
[1, 1] 576
[1, 1] 620
[1, 1] 620
[1, 1] 623
[1, 1] 630
[1, 1] 638
[1, 1] 666
[1, 1] 698
[1, 1] 707
[1, 1] 714
[1, 1] 717
[1, 1] 721
[1, 1] 723
[1, 1] 724
[1, 1] 726
[1, 1] 739
[1, 1] 742
[1, 1] 778
[1, 1] 788
[1, 1] 788
[1, 1] 801
[1, 1] 813
[1, 1] 817
[1, 1] 824
[1, 1] 839
[1, 1] 860
[1, 1] 876
[1, 1] 879
[1, 1] 892
[1, 1] 898
[1, 1] 911
[1, 1] 937
[1, 1] 940
[1, 1] 944
[1, 1] 947
[1, 1] 952
[1, 1] 964
[0, 1] 3
[0, 1] 5
[0, 1] 5
[0, 1] 8
[0, 1] 13
[0, 1] 57
[0, 1] 72
[0, 1] 74
[0, 1] 77
[0, 1] 83
[0, 1] 98
[0, 1] 103
[0, 1] 106
[0, 1] 110
[0, 1] 118
[0, 1] 127
[0, 1] 141
[0, 1] 147
[0, 1] 152
[0, 1] 157
[0, 1] 161
[0, 1] 167
[0, 1] 171
[0, 1] 177
[0, 1] 186
[0, 1] 187
[0, 1] 192
[0, 1] 228
[0, 1] 244
[0, 1] 249
[0, 1] 249
[0, 1] 252
[0, 1] 278
[0, 1] 278
[0, 1] 286
[0, 1] 323
[0, 1] 327
[0, 1] 335
[0, 1] 350
[0, 1] 355
[0, 1] 370
[0, 1] 399
[0, 1] 400
[0, 1] 403
[0, 1] 414
[0, 1] 428
[0, 1] 446
[0, 1] 447
[0, 1] 450
[0, 1] 461
[0, 1] 481
[0, 1] 489
[0, 1] 495
[0, 1] 500
