VARIABLES 100
NB_OBJ 2
ITEMS
[1, 1] 506
[1, 1] 508
[1, 1] 524
[1, 1] 527
[1, 1] 548
[1, 1] 564
[1, 1] 582
[1, 1] 600
[1, 1] 629
[1, 1] 651
[1, 1] 654
[1, 1] 655
[1, 1] 663
[1, 1] 680
[1, 1] 682
[1, 1] 712
[1, 1] 714
[1, 1] 715
[1, 1] 718
[1, 1] 720
[1, 1] 722
[1, 1] 726
[1, 1] 727
[1, 1] 727
[1, 1] 736
[1, 1] 750
[1, 1] 756
[1, 1] 757
[1, 1] 777
[1, 1] 786
[1, 1] 791
[1, 1] 804
[1, 1] 817
[1, 1] 825
[1, 1] 832
[1, 1] 832
[1, 1] 837
[1, 1] 857
[1, 1] 866
[1, 1] 866
[1, 1] 871
[1, 1] 897
[1, 1] 906
[1, 1] 924
[1, 1] 962
[1, 1] 987
[0, 1] 2
[0, 1] 6
[0, 1] 17
[0, 1] 18
[0, 1] 19
[0, 1] 23
[0, 1] 33
[0, 1] 34
[0, 1] 68
[0, 1] 82
[0, 1] 82
[0, 1] 84
[0, 1] 86
[0, 1] 91
[0, 1] 102
[0, 1] 102
[0, 1] 103
[0, 1] 103
[0, 1] 107
[0, 1] 121
[0, 1] 132
[0, 1] 142
[0, 1] 147
[0, 1] 159
[0, 1] 174
[0, 1] 176
[0, 1] 183
[0, 1] 184
[0, 1] 187
[0, 1] 206
[0, 1] 228
[0, 1] 229
[0, 1] 243
[0, 1] 247
[0, 1] 256
[0, 1] 274
[0, 1] 324
[0, 1] 333
[0, 1] 346
[0, 1] 370
[0, 1] 378
[0, 1] 379
[0, 1] 379
[0, 1] 402
[0, 1] 418
[0, 1] 431
[0, 1] 456
[0, 1] 460
[0, 1] 472
[0, 1] 472
[0, 1] 479
[0, 1] 489
[0, 1] 495
[0, 1] 499
