VARIABLES 100
NB_OBJ 2
ITEMS
[1, 1] 500
[1, 1] 510
[1, 1] 519
[1, 1] 524
[1, 1] 528
[1, 1] 535
[1, 1] 543
[1, 1] 556
[1, 1] 560
[1, 1] 566
[1, 1] 570
[1, 1] 596
[1, 1] 602
[1, 1] 606
[1, 1] 607
[1, 1] 623
[1, 1] 640
[1, 1] 648
[1, 1] 649
[1, 1] 652
[1, 1] 671
[1, 1] 674
[1, 1] 683
[1, 1] 693
[1, 1] 698
[1, 1] 703
[1, 1] 712
[1, 1] 714
[1, 1] 759
[1, 1] 761
[1, 1] 786
[1, 1] 797
[1, 1] 801
[1, 1] 808
[1, 1] 822
[1, 1] 825
[1, 1] 859
[1, 1] 862
[1, 1] 867
[1, 1] 867
[1, 1] 876
[1, 1] 885
[1, 1] 886
[1, 1] 890
[1, 1] 897
[1, 1] 928
[1, 1] 976
[1, 1] 981
[1, 1] 991
[1, 1] 999
[1, 1] 1000
[0, 1] 16
[0, 1] 19
[0, 1] 34
[0, 1] 44
[0, 1] 66
[0, 1] 68
[0, 1] 68
[0, 1] 71
[0, 1] 87
[0, 1] 107
[0, 1] 109
[0, 1] 154
[0, 1] 156
[0, 1] 173
[0, 1] 179
[0, 1] 204
[0, 1] 207
[0, 1] 220
[0, 1] 221
[0, 1] 243
[0, 1] 254
[0, 1] 269
[0, 1] 273
[0, 1] 273
[0, 1] 278
[0, 1] 279
[0, 1] 280
[0, 1] 281
[0, 1] 294
[0, 1] 298
[0, 1] 316
[0, 1] 318
[0, 1] 323
[0, 1] 324
[0, 1] 329
[0, 1] 348
[0, 1] 358
[0, 1] 383
[0, 1] 393
[0, 1] 433
[0, 1] 440
[0, 1] 449
[0, 1] 461
[0, 1] 463
[0, 1] 465
[0, 1] 478
[0, 1] 482
[0, 1] 491
[0, 1] 494
