VARIABLES 150
NB_OBJ 4
ITEMS
[1, 1, 1, 1] 754
[1, 1, 1, 1] 756
[1, 1, 1, 1] 777
[1, 1, 1, 1] 783
[1, 1, 1, 1] 788
[1, 1, 1, 1] 798
[1, 1, 1, 1] 804
[1, 1, 1, 1] 811
[1, 1, 1, 1] 818
[1, 1, 1, 1] 826
[1, 1, 1, 1] 835
[1, 1, 1, 1] 841
[1, 1, 1, 1] 843
[1, 1, 1, 1] 847
[1, 1, 1, 1] 857
[1, 1, 1, 1] 863
[1, 1, 1, 1] 866
[1, 1, 1, 1] 885
[1, 1, 1, 1] 887
[1, 1, 1, 1] 906
[1, 1, 1, 1] 924
[1, 1, 1, 1] 934
[1, 1, 1, 1] 940
[1, 1, 1, 1] 941
[1, 1, 1, 1] 955
[1, 1, 1, 1] 969
[1, 1, 1, 1] 975
[1, 1, 1, 1] 981
[1, 1, 1, 1] 986
[0, 1, 1, 1] 502
[0, 1, 1, 1] 503
[0, 1, 1, 1] 506
[0, 1, 1, 1] 514
[0, 1, 1, 1] 533
[0, 1, 1, 1] 535
[0, 1, 1, 1] 542
[0, 1, 1, 1] 542
[0, 1, 1, 1] 550
[0, 1, 1, 1] 565
[0, 1, 1, 1] 569
[0, 1, 1, 1] 569
[0, 1, 1, 1] 574
[0, 1, 1, 1] 586
[0, 1, 1, 1] 587
[0, 1, 1, 1] 588
[0, 1, 1, 1] 589
[0, 1, 1, 1] 596
[0, 1, 1, 1] 599
[0, 1, 1, 1] 614
[0, 1, 1, 1] 619
[0, 1, 1, 1] 621
[0, 1, 1, 1] 624
[0, 1, 1, 1] 629
[0, 1, 1, 1] 643
[0, 1, 1, 1] 647
[0, 1, 1, 1] 674
[0, 1, 1, 1] 679
[0, 1, 1, 1] 687
[0, 1, 1, 1] 689
[0, 1, 1, 1] 694
[0, 1, 1, 1] 698
[0, 1, 1, 1] 699
[0, 1, 1, 1] 702
[0, 1, 1, 1] 707
[0, 1, 1, 1] 708
[0, 1, 1, 1] 708
[0, 1, 1, 1] 714
[0, 1, 1, 1] 724
[0, 1, 1, 1] 731
[0, 1, 1, 1] 732
[0, 1, 1, 1] 736
[0, 1, 1, 1] 747
[0, 0, 1, 1] 251
[0, 0, 1, 1] 252
[0, 0, 1, 1] 256
[0, 0, 1, 1] 273
[0, 0, 1, 1] 273
[0, 0, 1, 1] 279
[0, 0, 1, 1] 281
[0, 0, 1, 1] 293
[0, 0, 1, 1] 295
[0, 0, 1, 1] 295
[0, 0, 1, 1] 300
[0, 0, 1, 1] 303
[0, 0, 1, 1] 311
[0, 0, 1, 1] 312
[0, 0, 1, 1] 325
[0, 0, 1, 1] 330
[0, 0, 1, 1] 335
[0, 0, 1, 1] 335
[0, 0, 1, 1] 342
[0, 0, 1, 1] 358
[0, 0, 1, 1] 370
[0, 0, 1, 1] 381
[0, 0, 1, 1] 385
[0, 0, 1, 1] 387
[0, 0, 1, 1] 403
[0, 0, 1, 1] 419
[0, 0, 1, 1] 428
[0, 0, 1, 1] 434
[0, 0, 1, 1] 440
[0, 0, 1, 1] 448
[0, 0, 1, 1] 461
[0, 0, 1, 1] 462
[0, 0, 1, 1] 475
[0, 0, 1, 1] 482
[0, 0, 1, 1] 490
[0, 0, 1, 1] 491
[0, 0, 0, 1] 4
[0, 0, 0, 1] 14
[0, 0, 0, 1] 20
[0, 0, 0, 1] 23
[0, 0, 0, 1] 25
[0, 0, 0, 1] 26
[0, 0, 0, 1] 33
[0, 0, 0, 1] 36
[0, 0, 0, 1] 36
[0, 0, 0, 1] 46
[0, 0, 0, 1] 63
[0, 0, 0, 1] 76
[0, 0, 0, 1] 82
[0, 0, 0, 1] 91
[0, 0, 0, 1] 98
[0, 0, 0, 1] 103
[0, 0, 0, 1] 104
[0, 0, 0, 1] 106
[0, 0, 0, 1] 109
[0, 0, 0, 1] 113
[0, 0, 0, 1] 115
[0, 0, 0, 1] 118
[0, 0, 0, 1] 120
[0, 0, 0, 1] 128
[0, 0, 0, 1] 134
[0, 0, 0, 1] 134
[0, 0, 0, 1] 154
[0, 0, 0, 1] 160
[0, 0, 0, 1] 168
[0, 0, 0, 1] 173
[0, 0, 0, 1] 182
[0, 0, 0, 1] 193
[0, 0, 0, 1] 196
[0, 0, 0, 1] 197
[0, 0, 0, 1] 200
[0, 0, 0, 1] 201
[0, 0, 0, 1] 216
[0, 0, 0, 1] 217
[0, 0, 0, 1] 221
[0, 0, 0, 1] 228
[0, 0, 0, 1] 243
[0, 0, 0, 1] 248
