VARIABLES 150
NB_OBJ 4
ITEMS
[1, 1, 1, 1] 759
[1, 1, 1, 1] 761
[1, 1, 1, 1] 771
[1, 1, 1, 1] 777
[1, 1, 1, 1] 779
[1, 1, 1, 1] 780
[1, 1, 1, 1] 783
[1, 1, 1, 1] 784
[1, 1, 1, 1] 793
[1, 1, 1, 1] 796
[1, 1, 1, 1] 798
[1, 1, 1, 1] 806
[1, 1, 1, 1] 808
[1, 1, 1, 1] 812
[1, 1, 1, 1] 818
[1, 1, 1, 1] 818
[1, 1, 1, 1] 825
[1, 1, 1, 1] 832
[1, 1, 1, 1] 838
[1, 1, 1, 1] 849
[1, 1, 1, 1] 877
[1, 1, 1, 1] 881
[1, 1, 1, 1] 885
[1, 1, 1, 1] 885
[1, 1, 1, 1] 892
[1, 1, 1, 1] 895
[1, 1, 1, 1] 897
[1, 1, 1, 1] 898
[1, 1, 1, 1] 899
[1, 1, 1, 1] 901
[1, 1, 1, 1] 903
[1, 1, 1, 1] 911
[1, 1, 1, 1] 919
[1, 1, 1, 1] 920
[1, 1, 1, 1] 932
[1, 1, 1, 1] 943
[1, 1, 1, 1] 947
[1, 1, 1, 1] 962
[1, 1, 1, 1] 963
[1, 1, 1, 1] 967
[1, 1, 1, 1] 968
[1, 1, 1, 1] 969
[1, 1, 1, 1] 973
[1, 1, 1, 1] 974
[1, 1, 1, 1] 975
[1, 1, 1, 1] 991
[0, 1, 1, 1] 503
[0, 1, 1, 1] 510
[0, 1, 1, 1] 513
[0, 1, 1, 1] 513
[0, 1, 1, 1] 519
[0, 1, 1, 1] 522
[0, 1, 1, 1] 522
[0, 1, 1, 1] 535
[0, 1, 1, 1] 552
[0, 1, 1, 1] 567
[0, 1, 1, 1] 568
[0, 1, 1, 1] 587
[0, 1, 1, 1] 599
[0, 1, 1, 1] 602
[0, 1, 1, 1] 603
[0, 1, 1, 1] 617
[0, 1, 1, 1] 619
[0, 1, 1, 1] 627
[0, 1, 1, 1] 629
[0, 1, 1, 1] 634
[0, 1, 1, 1] 635
[0, 1, 1, 1] 638
[0, 1, 1, 1] 639
[0, 1, 1, 1] 642
[0, 1, 1, 1] 647
[0, 1, 1, 1] 648
[0, 1, 1, 1] 649
[0, 1, 1, 1] 653
[0, 1, 1, 1] 653
[0, 1, 1, 1] 673
[0, 1, 1, 1] 674
[0, 1, 1, 1] 678
[0, 1, 1, 1] 680
[0, 1, 1, 1] 684
[0, 1, 1, 1] 689
[0, 1, 1, 1] 701
[0, 1, 1, 1] 703
[0, 1, 1, 1] 707
[0, 1, 1, 1] 716
[0, 1, 1, 1] 722
[0, 1, 1, 1] 729
[0, 1, 1, 1] 741
[0, 0, 1, 1] 261
[0, 0, 1, 1] 279
[0, 0, 1, 1] 308
[0, 0, 1, 1] 316
[0, 0, 1, 1] 322
[0, 0, 1, 1] 346
[0, 0, 1, 1] 347
[0, 0, 1, 1] 354
[0, 0, 1, 1] 357
[0, 0, 1, 1] 366
[0, 0, 1, 1] 376
[0, 0, 1, 1] 389
[0, 0, 1, 1] 390
[0, 0, 1, 1] 391
[0, 0, 1, 1] 395
[0, 0, 1, 1] 401
[0, 0, 1, 1] 420
[0, 0, 1, 1] 425
[0, 0, 1, 1] 453
[0, 0, 1, 1] 454
[0, 0, 1, 1] 454
[0, 0, 1, 1] 465
[0, 0, 1, 1] 472
[0, 0, 1, 1] 475
[0, 0, 1, 1] 480
[0, 0, 1, 1] 498
[0, 0, 1, 1] 500
[0, 0, 0, 1] 3
[0, 0, 0, 1] 14
[0, 0, 0, 1] 16
[0, 0, 0, 1] 19
[0, 0, 0, 1] 22
[0, 0, 0, 1] 44
[0, 0, 0, 1] 47
[0, 0, 0, 1] 47
[0, 0, 0, 1] 48
[0, 0, 0, 1] 51
[0, 0, 0, 1] 57
[0, 0, 0, 1] 71
[0, 0, 0, 1] 88
[0, 0, 0, 1] 109
[0, 0, 0, 1] 118
[0, 0, 0, 1] 136
[0, 0, 0, 1] 142
[0, 0, 0, 1] 155
[0, 0, 0, 1] 156
[0, 0, 0, 1] 163
[0, 0, 0, 1] 167
[0, 0, 0, 1] 174
[0, 0, 0, 1] 176
[0, 0, 0, 1] 183
[0, 0, 0, 1] 198
[0, 0, 0, 1] 209
[0, 0, 0, 1] 211
[0, 0, 0, 1] 218
[0, 0, 0, 1] 229
[0, 0, 0, 1] 230
[0, 0, 0, 1] 231
[0, 0, 0, 1] 235
[0, 0, 0, 1] 243
[0, 0, 0, 1] 248
[0, 0, 0, 1] 250
