VARIABLES 150
NB_OBJ 4
ITEMS
[1, 1, 1, 1] 753
[1, 1, 1, 1] 755
[1, 1, 1, 1] 766
[1, 1, 1, 1] 770
[1, 1, 1, 1] 779
[1, 1, 1, 1] 781
[1, 1, 1, 1] 785
[1, 1, 1, 1] 789
[1, 1, 1, 1] 789
[1, 1, 1, 1] 789
[1, 1, 1, 1] 798
[1, 1, 1, 1] 805
[1, 1, 1, 1] 812
[1, 1, 1, 1] 815
[1, 1, 1, 1] 818
[1, 1, 1, 1] 818
[1, 1, 1, 1] 828
[1, 1, 1, 1] 836
[1, 1, 1, 1] 853
[1, 1, 1, 1] 857
[1, 1, 1, 1] 869
[1, 1, 1, 1] 885
[1, 1, 1, 1] 890
[1, 1, 1, 1] 894
[1, 1, 1, 1] 896
[1, 1, 1, 1] 898
[1, 1, 1, 1] 905
[1, 1, 1, 1] 905
[1, 1, 1, 1] 920
[1, 1, 1, 1] 924
[1, 1, 1, 1] 945
[1, 1, 1, 1] 951
[1, 1, 1, 1] 957
[1, 1, 1, 1] 964
[1, 1, 1, 1] 967
[1, 1, 1, 1] 967
[1, 1, 1, 1] 982
[1, 1, 1, 1] 994
[1, 1, 1, 1] 996
[1, 1, 1, 1] 997
[0, 1, 1, 1] 513
[0, 1, 1, 1] 515
[0, 1, 1, 1] 518
[0, 1, 1, 1] 525
[0, 1, 1, 1] 531
[0, 1, 1, 1] 543
[0, 1, 1, 1] 561
[0, 1, 1, 1] 569
[0, 1, 1, 1] 570
[0, 1, 1, 1] 576
[0, 1, 1, 1] 579
[0, 1, 1, 1] 580
[0, 1, 1, 1] 586
[0, 1, 1, 1] 589
[0, 1, 1, 1] 592
[0, 1, 1, 1] 608
[0, 1, 1, 1] 616
[0, 1, 1, 1] 616
[0, 1, 1, 1] 629
[0, 1, 1, 1] 630
[0, 1, 1, 1] 631
[0, 1, 1, 1] 636
[0, 1, 1, 1] 642
[0, 1, 1, 1] 646
[0, 1, 1, 1] 646
[0, 1, 1, 1] 651
[0, 1, 1, 1] 655
[0, 1, 1, 1] 662
[0, 1, 1, 1] 664
[0, 1, 1, 1] 666
[0, 1, 1, 1] 666
[0, 1, 1, 1] 685
[0, 1, 1, 1] 687
[0, 1, 1, 1] 689
[0, 1, 1, 1] 707
[0, 1, 1, 1] 708
[0, 1, 1, 1] 721
[0, 1, 1, 1] 739
[0, 1, 1, 1] 740
[0, 1, 1, 1] 740
[0, 0, 1, 1] 252
[0, 0, 1, 1] 271
[0, 0, 1, 1] 271
[0, 0, 1, 1] 285
[0, 0, 1, 1] 291
[0, 0, 1, 1] 313
[0, 0, 1, 1] 345
[0, 0, 1, 1] 353
[0, 0, 1, 1] 361
[0, 0, 1, 1] 363
[0, 0, 1, 1] 367
[0, 0, 1, 1] 368
[0, 0, 1, 1] 373
[0, 0, 1, 1] 384
[0, 0, 1, 1] 388
[0, 0, 1, 1] 404
[0, 0, 1, 1] 404
[0, 0, 1, 1] 405
[0, 0, 1, 1] 407
[0, 0, 1, 1] 412
[0, 0, 1, 1] 412
[0, 0, 1, 1] 413
[0, 0, 1, 1] 415
[0, 0, 1, 1] 432
[0, 0, 1, 1] 433
[0, 0, 1, 1] 436
[0, 0, 1, 1] 437
[0, 0, 1, 1] 438
[0, 0, 1, 1] 450
[0, 0, 1, 1] 452
[0, 0, 1, 1] 454
[0, 0, 1, 1] 462
[0, 0, 1, 1] 472
[0, 0, 1, 1] 484
[0, 0, 0, 1] 3
[0, 0, 0, 1] 8
[0, 0, 0, 1] 9
[0, 0, 0, 1] 16
[0, 0, 0, 1] 28
[0, 0, 0, 1] 32
[0, 0, 0, 1] 36
[0, 0, 0, 1] 59
[0, 0, 0, 1] 59
[0, 0, 0, 1] 68
[0, 0, 0, 1] 68
[0, 0, 0, 1] 78
[0, 0, 0, 1] 83
[0, 0, 0, 1] 86
[0, 0, 0, 1] 86
[0, 0, 0, 1] 89
[0, 0, 0, 1] 96
[0, 0, 0, 1] 98
[0, 0, 0, 1] 101
[0, 0, 0, 1] 108
[0, 0, 0, 1] 109
[0, 0, 0, 1] 127
[0, 0, 0, 1] 133
[0, 0, 0, 1] 134
[0, 0, 0, 1] 137
[0, 0, 0, 1] 141
[0, 0, 0, 1] 142
[0, 0, 0, 1] 144
[0, 0, 0, 1] 150
[0, 0, 0, 1] 151
[0, 0, 0, 1] 179
[0, 0, 0, 1] 204
[0, 0, 0, 1] 213
[0, 0, 0, 1] 215
[0, 0, 0, 1] 229
[0, 0, 0, 1] 241
