VARIABLES 150
NB_OBJ 4
ITEMS
[1, 1, 1, 1] 750
[1, 1, 1, 1] 758
[1, 1, 1, 1] 761
[1, 1, 1, 1] 770
[1, 1, 1, 1] 772
[1, 1, 1, 1] 783
[1, 1, 1, 1] 784
[1, 1, 1, 1] 791
[1, 1, 1, 1] 794
[1, 1, 1, 1] 806
[1, 1, 1, 1] 814
[1, 1, 1, 1] 837
[1, 1, 1, 1] 840
[1, 1, 1, 1] 842
[1, 1, 1, 1] 855
[1, 1, 1, 1] 864
[1, 1, 1, 1] 864
[1, 1, 1, 1] 889
[1, 1, 1, 1] 897
[1, 1, 1, 1] 900
[1, 1, 1, 1] 904
[1, 1, 1, 1] 905
[1, 1, 1, 1] 906
[1, 1, 1, 1] 908
[1, 1, 1, 1] 920
[1, 1, 1, 1] 932
[1, 1, 1, 1] 934
[1, 1, 1, 1] 937
[1, 1, 1, 1] 946
[1, 1, 1, 1] 948
[1, 1, 1, 1] 959
[1, 1, 1, 1] 960
[1, 1, 1, 1] 969
[1, 1, 1, 1] 974
[1, 1, 1, 1] 976
[1, 1, 1, 1] 982
[1, 1, 1, 1] 997
[0, 1, 1, 1] 506
[0, 1, 1, 1] 509
[0, 1, 1, 1] 517
[0, 1, 1, 1] 549
[0, 1, 1, 1] 553
[0, 1, 1, 1] 556
[0, 1, 1, 1] 559
[0, 1, 1, 1] 565
[0, 1, 1, 1] 569
[0, 1, 1, 1] 574
[0, 1, 1, 1] 575
[0, 1, 1, 1] 575
[0, 1, 1, 1] 576
[0, 1, 1, 1] 577
[0, 1, 1, 1] 592
[0, 1, 1, 1] 600
[0, 1, 1, 1] 600
[0, 1, 1, 1] 600
[0, 1, 1, 1] 615
[0, 1, 1, 1] 623
[0, 1, 1, 1] 628
[0, 1, 1, 1] 629
[0, 1, 1, 1] 630
[0, 1, 1, 1] 632
[0, 1, 1, 1] 639
[0, 1, 1, 1] 643
[0, 1, 1, 1] 643
[0, 1, 1, 1] 654
[0, 1, 1, 1] 656
[0, 1, 1, 1] 666
[0, 1, 1, 1] 672
[0, 1, 1, 1] 674
[0, 1, 1, 1] 695
[0, 1, 1, 1] 706
[0, 1, 1, 1] 724
[0, 1, 1, 1] 728
[0, 1, 1, 1] 733
[0, 1, 1, 1] 743
[0, 0, 1, 1] 252
[0, 0, 1, 1] 255
[0, 0, 1, 1] 255
[0, 0, 1, 1] 257
[0, 0, 1, 1] 261
[0, 0, 1, 1] 261
[0, 0, 1, 1] 281
[0, 0, 1, 1] 286
[0, 0, 1, 1] 294
[0, 0, 1, 1] 304
[0, 0, 1, 1] 308
[0, 0, 1, 1] 309
[0, 0, 1, 1] 320
[0, 0, 1, 1] 325
[0, 0, 1, 1] 325
[0, 0, 1, 1] 344
[0, 0, 1, 1] 354
[0, 0, 1, 1] 372
[0, 0, 1, 1] 376
[0, 0, 1, 1] 377
[0, 0, 1, 1] 385
[0, 0, 1, 1] 390
[0, 0, 1, 1] 394
[0, 0, 1, 1] 412
[0, 0, 1, 1] 414
[0, 0, 1, 1] 418
[0, 0, 1, 1] 441
[0, 0, 1, 1] 446
[0, 0, 1, 1] 448
[0, 0, 1, 1] 454
[0, 0, 1, 1] 458
[0, 0, 1, 1] 468
[0, 0, 1, 1] 470
[0, 0, 1, 1] 493
[0, 0, 0, 1] 12
[0, 0, 0, 1] 22
[0, 0, 0, 1] 22
[0, 0, 0, 1] 33
[0, 0, 0, 1] 35
[0, 0, 0, 1] 53
[0, 0, 0, 1] 55
[0, 0, 0, 1] 55
[0, 0, 0, 1] 68
[0, 0, 0, 1] 71
[0, 0, 0, 1] 75
[0, 0, 0, 1] 78
[0, 0, 0, 1] 79
[0, 0, 0, 1] 81
[0, 0, 0, 1] 86
[0, 0, 0, 1] 97
[0, 0, 0, 1] 103
[0, 0, 0, 1] 111
[0, 0, 0, 1] 120
[0, 0, 0, 1] 124
[0, 0, 0, 1] 124
[0, 0, 0, 1] 142
[0, 0, 0, 1] 143
[0, 0, 0, 1] 148
[0, 0, 0, 1] 150
[0, 0, 0, 1] 151
[0, 0, 0, 1] 161
[0, 0, 0, 1] 169
[0, 0, 0, 1] 177
[0, 0, 0, 1] 194
[0, 0, 0, 1] 203
[0, 0, 0, 1] 207
[0, 0, 0, 1] 208
[0, 0, 0, 1] 208
[0, 0, 0, 1] 215
[0, 0, 0, 1] 241
[0, 0, 0, 1] 243
[0, 0, 0, 1] 244
[0, 0, 0, 1] 245
[0, 0, 0, 1] 245
[0, 0, 0, 1] 249
