VARIABLES 150
NB_OBJ 4
ITEMS
[1, 1, 1, 1] 756
[1, 1, 1, 1] 758
[1, 1, 1, 1] 763
[1, 1, 1, 1] 772
[1, 1, 1, 1] 773
[1, 1, 1, 1] 778
[1, 1, 1, 1] 782
[1, 1, 1, 1] 782
[1, 1, 1, 1] 791
[1, 1, 1, 1] 807
[1, 1, 1, 1] 820
[1, 1, 1, 1] 829
[1, 1, 1, 1] 832
[1, 1, 1, 1] 832
[1, 1, 1, 1] 837
[1, 1, 1, 1] 839
[1, 1, 1, 1] 842
[1, 1, 1, 1] 842
[1, 1, 1, 1] 844
[1, 1, 1, 1] 852
[1, 1, 1, 1] 854
[1, 1, 1, 1] 858
[1, 1, 1, 1] 865
[1, 1, 1, 1] 866
[1, 1, 1, 1] 880
[1, 1, 1, 1] 884
[1, 1, 1, 1] 888
[1, 1, 1, 1] 898
[1, 1, 1, 1] 902
[1, 1, 1, 1] 920
[1, 1, 1, 1] 936
[1, 1, 1, 1] 941
[1, 1, 1, 1] 950
[1, 1, 1, 1] 953
[1, 1, 1, 1] 957
[1, 1, 1, 1] 958
[1, 1, 1, 1] 966
[1, 1, 1, 1] 978
[1, 1, 1, 1] 979
[1, 1, 1, 1] 991
[1, 1, 1, 1] 996
[1, 1, 1, 1] 1000
[0, 1, 1, 1] 503
[0, 1, 1, 1] 504
[0, 1, 1, 1] 507
[0, 1, 1, 1] 516
[0, 1, 1, 1] 521
[0, 1, 1, 1] 527
[0, 1, 1, 1] 535
[0, 1, 1, 1] 541
[0, 1, 1, 1] 543
[0, 1, 1, 1] 545
[0, 1, 1, 1] 567
[0, 1, 1, 1] 569
[0, 1, 1, 1] 571
[0, 1, 1, 1] 584
[0, 1, 1, 1] 586
[0, 1, 1, 1] 596
[0, 1, 1, 1] 598
[0, 1, 1, 1] 608
[0, 1, 1, 1] 616
[0, 1, 1, 1] 627
[0, 1, 1, 1] 631
[0, 1, 1, 1] 634
[0, 1, 1, 1] 637
[0, 1, 1, 1] 642
[0, 1, 1, 1] 657
[0, 1, 1, 1] 669
[0, 1, 1, 1] 673
[0, 1, 1, 1] 681
[0, 1, 1, 1] 683
[0, 1, 1, 1] 689
[0, 1, 1, 1] 689
[0, 1, 1, 1] 698
[0, 1, 1, 1] 699
[0, 1, 1, 1] 701
[0, 1, 1, 1] 704
[0, 1, 1, 1] 729
[0, 1, 1, 1] 749
[0, 0, 1, 1] 255
[0, 0, 1, 1] 266
[0, 0, 1, 1] 273
[0, 0, 1, 1] 280
[0, 0, 1, 1] 283
[0, 0, 1, 1] 286
[0, 0, 1, 1] 287
[0, 0, 1, 1] 313
[0, 0, 1, 1] 314
[0, 0, 1, 1] 317
[0, 0, 1, 1] 321
[0, 0, 1, 1] 331
[0, 0, 1, 1] 338
[0, 0, 1, 1] 341
[0, 0, 1, 1] 346
[0, 0, 1, 1] 360
[0, 0, 1, 1] 364
[0, 0, 1, 1] 365
[0, 0, 1, 1] 365
[0, 0, 1, 1] 392
[0, 0, 1, 1] 392
[0, 0, 1, 1] 417
[0, 0, 1, 1] 426
[0, 0, 1, 1] 428
[0, 0, 1, 1] 440
[0, 0, 1, 1] 450
[0, 0, 1, 1] 455
[0, 0, 1, 1] 470
[0, 0, 1, 1] 475
[0, 0, 1, 1] 475
[0, 0, 1, 1] 476
[0, 0, 1, 1] 478
[0, 0, 1, 1] 494
[0, 0, 1, 1] 496
[0, 0, 1, 1] 496
[0, 0, 1, 1] 497
[0, 0, 1, 1] 498
[0, 0, 1, 1] 499
[0, 0, 0, 1] 2
[0, 0, 0, 1] 9
[0, 0, 0, 1] 15
[0, 0, 0, 1] 23
[0, 0, 0, 1] 28
[0, 0, 0, 1] 31
[0, 0, 0, 1] 48
[0, 0, 0, 1] 55
[0, 0, 0, 1] 70
[0, 0, 0, 1] 76
[0, 0, 0, 1] 79
[0, 0, 0, 1] 92
[0, 0, 0, 1] 96
[0, 0, 0, 1] 100
[0, 0, 0, 1] 102
[0, 0, 0, 1] 106
[0, 0, 0, 1] 110
[0, 0, 0, 1] 121
[0, 0, 0, 1] 130
[0, 0, 0, 1] 132
[0, 0, 0, 1] 135
[0, 0, 0, 1] 159
[0, 0, 0, 1] 160
[0, 0, 0, 1] 160
[0, 0, 0, 1] 179
[0, 0, 0, 1] 182
[0, 0, 0, 1] 185
[0, 0, 0, 1] 216
[0, 0, 0, 1] 220
[0, 0, 0, 1] 226
[0, 0, 0, 1] 243
[0, 0, 0, 1] 248
[0, 0, 0, 1] 249
