VARIABLES 150
NB_OBJ 4
ITEMS
[1, 1, 1, 1] 759
[1, 1, 1, 1] 772
[1, 1, 1, 1] 774
[1, 1, 1, 1] 781
[1, 1, 1, 1] 786
[1, 1, 1, 1] 786
[1, 1, 1, 1] 789
[1, 1, 1, 1] 793
[1, 1, 1, 1] 798
[1, 1, 1, 1] 799
[1, 1, 1, 1] 803
[1, 1, 1, 1] 803
[1, 1, 1, 1] 833
[1, 1, 1, 1] 837
[1, 1, 1, 1] 840
[1, 1, 1, 1] 843
[1, 1, 1, 1] 844
[1, 1, 1, 1] 847
[1, 1, 1, 1] 852
[1, 1, 1, 1] 858
[1, 1, 1, 1] 873
[1, 1, 1, 1] 890
[1, 1, 1, 1] 893
[1, 1, 1, 1] 907
[1, 1, 1, 1] 908
[1, 1, 1, 1] 920
[1, 1, 1, 1] 932
[1, 1, 1, 1] 933
[1, 1, 1, 1] 939
[1, 1, 1, 1] 941
[1, 1, 1, 1] 946
[1, 1, 1, 1] 946
[1, 1, 1, 1] 953
[1, 1, 1, 1] 955
[1, 1, 1, 1] 958
[1, 1, 1, 1] 960
[1, 1, 1, 1] 971
[1, 1, 1, 1] 975
[1, 1, 1, 1] 992
[1, 1, 1, 1] 995
[1, 1, 1, 1] 995
[0, 1, 1, 1] 501
[0, 1, 1, 1] 503
[0, 1, 1, 1] 503
[0, 1, 1, 1] 517
[0, 1, 1, 1] 524
[0, 1, 1, 1] 527
[0, 1, 1, 1] 537
[0, 1, 1, 1] 555
[0, 1, 1, 1] 560
[0, 1, 1, 1] 585
[0, 1, 1, 1] 605
[0, 1, 1, 1] 607
[0, 1, 1, 1] 619
[0, 1, 1, 1] 638
[0, 1, 1, 1] 646
[0, 1, 1, 1] 649
[0, 1, 1, 1] 651
[0, 1, 1, 1] 661
[0, 1, 1, 1] 668
[0, 1, 1, 1] 674
[0, 1, 1, 1] 683
[0, 1, 1, 1] 717
[0, 1, 1, 1] 718
[0, 1, 1, 1] 736
[0, 1, 1, 1] 737
[0, 1, 1, 1] 748
[0, 1, 1, 1] 750
[0, 0, 1, 1] 252
[0, 0, 1, 1] 256
[0, 0, 1, 1] 260
[0, 0, 1, 1] 263
[0, 0, 1, 1] 263
[0, 0, 1, 1] 270
[0, 0, 1, 1] 270
[0, 0, 1, 1] 279
[0, 0, 1, 1] 281
[0, 0, 1, 1] 283
[0, 0, 1, 1] 309
[0, 0, 1, 1] 322
[0, 0, 1, 1] 330
[0, 0, 1, 1] 331
[0, 0, 1, 1] 333
[0, 0, 1, 1] 347
[0, 0, 1, 1] 365
[0, 0, 1, 1] 376
[0, 0, 1, 1] 376
[0, 0, 1, 1] 383
[0, 0, 1, 1] 385
[0, 0, 1, 1] 401
[0, 0, 1, 1] 402
[0, 0, 1, 1] 412
[0, 0, 1, 1] 422
[0, 0, 1, 1] 425
[0, 0, 1, 1] 434
[0, 0, 1, 1] 435
[0, 0, 1, 1] 439
[0, 0, 1, 1] 443
[0, 0, 1, 1] 446
[0, 0, 1, 1] 449
[0, 0, 1, 1] 452
[0, 0, 1, 1] 468
[0, 0, 1, 1] 484
[0, 0, 0, 1] 2
[0, 0, 0, 1] 5
[0, 0, 0, 1] 12
[0, 0, 0, 1] 16
[0, 0, 0, 1] 29
[0, 0, 0, 1] 33
[0, 0, 0, 1] 39
[0, 0, 0, 1] 58
[0, 0, 0, 1] 61
[0, 0, 0, 1] 67
[0, 0, 0, 1] 69
[0, 0, 0, 1] 70
[0, 0, 0, 1] 75
[0, 0, 0, 1] 97
[0, 0, 0, 1] 100
[0, 0, 0, 1] 100
[0, 0, 0, 1] 102
[0, 0, 0, 1] 111
[0, 0, 0, 1] 114
[0, 0, 0, 1] 122
[0, 0, 0, 1] 123
[0, 0, 0, 1] 129
[0, 0, 0, 1] 152
[0, 0, 0, 1] 153
[0, 0, 0, 1] 156
[0, 0, 0, 1] 159
[0, 0, 0, 1] 171
[0, 0, 0, 1] 174
[0, 0, 0, 1] 182
[0, 0, 0, 1] 185
[0, 0, 0, 1] 187
[0, 0, 0, 1] 187
[0, 0, 0, 1] 190
[0, 0, 0, 1] 191
[0, 0, 0, 1] 193
[0, 0, 0, 1] 194
[0, 0, 0, 1] 194
[0, 0, 0, 1] 202
[0, 0, 0, 1] 212
[0, 0, 0, 1] 214
[0, 0, 0, 1] 219
[0, 0, 0, 1] 219
[0, 0, 0, 1] 220
[0, 0, 0, 1] 230
[0, 0, 0, 1] 236
[0, 0, 0, 1] 242
[0, 0, 0, 1] 250
