VARIABLES 150
NB_OBJ 4
ITEMS
[1, 1, 1, 1] 753
[1, 1, 1, 1] 754
[1, 1, 1, 1] 764
[1, 1, 1, 1] 780
[1, 1, 1, 1] 782
[1, 1, 1, 1] 783
[1, 1, 1, 1] 786
[1, 1, 1, 1] 791
[1, 1, 1, 1] 795
[1, 1, 1, 1] 803
[1, 1, 1, 1] 807
[1, 1, 1, 1] 813
[1, 1, 1, 1] 814
[1, 1, 1, 1] 819
[1, 1, 1, 1] 822
[1, 1, 1, 1] 823
[1, 1, 1, 1] 825
[1, 1, 1, 1] 836
[1, 1, 1, 1] 836
[1, 1, 1, 1] 837
[1, 1, 1, 1] 842
[1, 1, 1, 1] 842
[1, 1, 1, 1] 865
[1, 1, 1, 1] 866
[1, 1, 1, 1] 879
[1, 1, 1, 1] 925
[1, 1, 1, 1] 927
[1, 1, 1, 1] 935
[1, 1, 1, 1] 941
[1, 1, 1, 1] 944
[1, 1, 1, 1] 953
[1, 1, 1, 1] 955
[1, 1, 1, 1] 957
[1, 1, 1, 1] 957
[1, 1, 1, 1] 961
[1, 1, 1, 1] 990
[1, 1, 1, 1] 992
[1, 1, 1, 1] 995
[1, 1, 1, 1] 996
[0, 1, 1, 1] 505
[0, 1, 1, 1] 526
[0, 1, 1, 1] 533
[0, 1, 1, 1] 544
[0, 1, 1, 1] 551
[0, 1, 1, 1] 559
[0, 1, 1, 1] 565
[0, 1, 1, 1] 577
[0, 1, 1, 1] 577
[0, 1, 1, 1] 586
[0, 1, 1, 1] 593
[0, 1, 1, 1] 595
[0, 1, 1, 1] 596
[0, 1, 1, 1] 603
[0, 1, 1, 1] 614
[0, 1, 1, 1] 617
[0, 1, 1, 1] 619
[0, 1, 1, 1] 629
[0, 1, 1, 1] 638
[0, 1, 1, 1] 653
[0, 1, 1, 1] 660
[0, 1, 1, 1] 663
[0, 1, 1, 1] 664
[0, 1, 1, 1] 680
[0, 1, 1, 1] 686
[0, 1, 1, 1] 702
[0, 1, 1, 1] 709
[0, 1, 1, 1] 722
[0, 1, 1, 1] 732
[0, 1, 1, 1] 733
[0, 1, 1, 1] 736
[0, 1, 1, 1] 738
[0, 1, 1, 1] 739
[0, 1, 1, 1] 748
[0, 0, 1, 1] 266
[0, 0, 1, 1] 270
[0, 0, 1, 1] 282
[0, 0, 1, 1] 283
[0, 0, 1, 1] 285
[0, 0, 1, 1] 291
[0, 0, 1, 1] 294
[0, 0, 1, 1] 304
[0, 0, 1, 1] 310
[0, 0, 1, 1] 310
[0, 0, 1, 1] 320
[0, 0, 1, 1] 323
[0, 0, 1, 1] 329
[0, 0, 1, 1] 335
[0, 0, 1, 1] 336
[0, 0, 1, 1] 340
[0, 0, 1, 1] 352
[0, 0, 1, 1] 363
[0, 0, 1, 1] 374
[0, 0, 1, 1] 380
[0, 0, 1, 1] 386
[0, 0, 1, 1] 389
[0, 0, 1, 1] 389
[0, 0, 1, 1] 389
[0, 0, 1, 1] 395
[0, 0, 1, 1] 399
[0, 0, 1, 1] 402
[0, 0, 1, 1] 408
[0, 0, 1, 1] 421
[0, 0, 1, 1] 422
[0, 0, 1, 1] 422
[0, 0, 1, 1] 423
[0, 0, 1, 1] 428
[0, 0, 1, 1] 445
[0, 0, 1, 1] 465
[0, 0, 1, 1] 470
[0, 0, 1, 1] 480
[0, 0, 1, 1] 482
[0, 0, 1, 1] 485
[0, 0, 1, 1] 500
[0, 0, 1, 1] 500
[0, 0, 0, 1] 20
[0, 0, 0, 1] 37
[0, 0, 0, 1] 38
[0, 0, 0, 1] 40
[0, 0, 0, 1] 50
[0, 0, 0, 1] 94
[0, 0, 0, 1] 96
[0, 0, 0, 1] 103
[0, 0, 0, 1] 108
[0, 0, 0, 1] 110
[0, 0, 0, 1] 114
[0, 0, 0, 1] 117
[0, 0, 0, 1] 119
[0, 0, 0, 1] 126
[0, 0, 0, 1] 130
[0, 0, 0, 1] 130
[0, 0, 0, 1] 134
[0, 0, 0, 1] 145
[0, 0, 0, 1] 156
[0, 0, 0, 1] 160
[0, 0, 0, 1] 160
[0, 0, 0, 1] 161
[0, 0, 0, 1] 162
[0, 0, 0, 1] 170
[0, 0, 0, 1] 176
[0, 0, 0, 1] 178
[0, 0, 0, 1] 183
[0, 0, 0, 1] 187
[0, 0, 0, 1] 189
[0, 0, 0, 1] 204
[0, 0, 0, 1] 212
[0, 0, 0, 1] 230
[0, 0, 0, 1] 235
[0, 0, 0, 1] 239
[0, 0, 0, 1] 245
[0, 0, 0, 1] 250
