VARIABLES 150
NB_OBJ 4
ITEMS
[1, 1, 1, 1] 751
[1, 1, 1, 1] 752
[1, 1, 1, 1] 753
[1, 1, 1, 1] 755
[1, 1, 1, 1] 761
[1, 1, 1, 1] 765
[1, 1, 1, 1] 773
[1, 1, 1, 1] 775
[1, 1, 1, 1] 781
[1, 1, 1, 1] 784
[1, 1, 1, 1] 787
[1, 1, 1, 1] 791
[1, 1, 1, 1] 793
[1, 1, 1, 1] 794
[1, 1, 1, 1] 806
[1, 1, 1, 1] 812
[1, 1, 1, 1] 815
[1, 1, 1, 1] 819
[1, 1, 1, 1] 820
[1, 1, 1, 1] 820
[1, 1, 1, 1] 837
[1, 1, 1, 1] 862
[1, 1, 1, 1] 866
[1, 1, 1, 1] 869
[1, 1, 1, 1] 876
[1, 1, 1, 1] 877
[1, 1, 1, 1] 877
[1, 1, 1, 1] 879
[1, 1, 1, 1] 886
[1, 1, 1, 1] 888
[1, 1, 1, 1] 889
[1, 1, 1, 1] 890
[1, 1, 1, 1] 898
[1, 1, 1, 1] 903
[1, 1, 1, 1] 909
[1, 1, 1, 1] 911
[1, 1, 1, 1] 938
[1, 1, 1, 1] 939
[1, 1, 1, 1] 946
[1, 1, 1, 1] 964
[1, 1, 1, 1] 988
[1, 1, 1, 1] 992
[1, 1, 1, 1] 993
[0, 1, 1, 1] 505
[0, 1, 1, 1] 526
[0, 1, 1, 1] 530
[0, 1, 1, 1] 536
[0, 1, 1, 1] 538
[0, 1, 1, 1] 539
[0, 1, 1, 1] 550
[0, 1, 1, 1] 551
[0, 1, 1, 1] 557
[0, 1, 1, 1] 565
[0, 1, 1, 1] 568
[0, 1, 1, 1] 581
[0, 1, 1, 1] 584
[0, 1, 1, 1] 589
[0, 1, 1, 1] 604
[0, 1, 1, 1] 630
[0, 1, 1, 1] 634
[0, 1, 1, 1] 641
[0, 1, 1, 1] 641
[0, 1, 1, 1] 644
[0, 1, 1, 1] 647
[0, 1, 1, 1] 652
[0, 1, 1, 1] 654
[0, 1, 1, 1] 659
[0, 1, 1, 1] 666
[0, 1, 1, 1] 667
[0, 1, 1, 1] 668
[0, 1, 1, 1] 675
[0, 1, 1, 1] 676
[0, 1, 1, 1] 676
[0, 1, 1, 1] 677
[0, 1, 1, 1] 678
[0, 1, 1, 1] 690
[0, 1, 1, 1] 699
[0, 1, 1, 1] 718
[0, 1, 1, 1] 725
[0, 1, 1, 1] 733
[0, 1, 1, 1] 739
[0, 1, 1, 1] 750
[0, 0, 1, 1] 261
[0, 0, 1, 1] 278
[0, 0, 1, 1] 278
[0, 0, 1, 1] 287
[0, 0, 1, 1] 287
[0, 0, 1, 1] 290
[0, 0, 1, 1] 296
[0, 0, 1, 1] 300
[0, 0, 1, 1] 302
[0, 0, 1, 1] 309
[0, 0, 1, 1] 324
[0, 0, 1, 1] 334
[0, 0, 1, 1] 344
[0, 0, 1, 1] 350
[0, 0, 1, 1] 359
[0, 0, 1, 1] 360
[0, 0, 1, 1] 361
[0, 0, 1, 1] 365
[0, 0, 1, 1] 365
[0, 0, 1, 1] 368
[0, 0, 1, 1] 370
[0, 0, 1, 1] 377
[0, 0, 1, 1] 382
[0, 0, 1, 1] 399
[0, 0, 1, 1] 404
[0, 0, 1, 1] 409
[0, 0, 1, 1] 410
[0, 0, 1, 1] 414
[0, 0, 1, 1] 417
[0, 0, 1, 1] 419
[0, 0, 1, 1] 421
[0, 0, 1, 1] 424
[0, 0, 1, 1] 425
[0, 0, 1, 1] 427
[0, 0, 1, 1] 427
[0, 0, 1, 1] 429
[0, 0, 1, 1] 459
[0, 0, 1, 1] 469
[0, 0, 1, 1] 470
[0, 0, 1, 1] 486
[0, 0, 1, 1] 489
[0, 0, 1, 1] 492
[0, 0, 0, 1] 11
[0, 0, 0, 1] 47
[0, 0, 0, 1] 47
[0, 0, 0, 1] 56
[0, 0, 0, 1] 87
[0, 0, 0, 1] 89
[0, 0, 0, 1] 96
[0, 0, 0, 1] 96
[0, 0, 0, 1] 104
[0, 0, 0, 1] 107
[0, 0, 0, 1] 110
[0, 0, 0, 1] 125
[0, 0, 0, 1] 126
[0, 0, 0, 1] 153
[0, 0, 0, 1] 156
[0, 0, 0, 1] 164
[0, 0, 0, 1] 165
[0, 0, 0, 1] 169
[0, 0, 0, 1] 176
[0, 0, 0, 1] 194
[0, 0, 0, 1] 194
[0, 0, 0, 1] 204
[0, 0, 0, 1] 217
[0, 0, 0, 1] 231
[0, 0, 0, 1] 233
[0, 0, 0, 1] 250
