VARIABLES 150
NB_OBJ 4
ITEMS
[1, 1, 1, 1] 750
[1, 1, 1, 1] 763
[1, 1, 1, 1] 768
[1, 1, 1, 1] 783
[1, 1, 1, 1] 794
[1, 1, 1, 1] 796
[1, 1, 1, 1] 797
[1, 1, 1, 1] 811
[1, 1, 1, 1] 811
[1, 1, 1, 1] 819
[1, 1, 1, 1] 825
[1, 1, 1, 1] 843
[1, 1, 1, 1] 847
[1, 1, 1, 1] 852
[1, 1, 1, 1] 864
[1, 1, 1, 1] 884
[1, 1, 1, 1] 890
[1, 1, 1, 1] 894
[1, 1, 1, 1] 900
[1, 1, 1, 1] 902
[1, 1, 1, 1] 910
[1, 1, 1, 1] 916
[1, 1, 1, 1] 916
[1, 1, 1, 1] 922
[1, 1, 1, 1] 923
[1, 1, 1, 1] 947
[1, 1, 1, 1] 959
[1, 1, 1, 1] 970
[1, 1, 1, 1] 971
[1, 1, 1, 1] 976
[1, 1, 1, 1] 982
[1, 1, 1, 1] 986
[1, 1, 1, 1] 994
[1, 1, 1, 1] 996
[0, 1, 1, 1] 500
[0, 1, 1, 1] 502
[0, 1, 1, 1] 505
[0, 1, 1, 1] 511
[0, 1, 1, 1] 517
[0, 1, 1, 1] 519
[0, 1, 1, 1] 524
[0, 1, 1, 1] 531
[0, 1, 1, 1] 535
[0, 1, 1, 1] 536
[0, 1, 1, 1] 542
[0, 1, 1, 1] 549
[0, 1, 1, 1] 559
[0, 1, 1, 1] 566
[0, 1, 1, 1] 568
[0, 1, 1, 1] 586
[0, 1, 1, 1] 588
[0, 1, 1, 1] 605
[0, 1, 1, 1] 622
[0, 1, 1, 1] 629
[0, 1, 1, 1] 635
[0, 1, 1, 1] 639
[0, 1, 1, 1] 642
[0, 1, 1, 1] 676
[0, 1, 1, 1] 685
[0, 1, 1, 1] 693
[0, 1, 1, 1] 696
[0, 1, 1, 1] 709
[0, 1, 1, 1] 714
[0, 1, 1, 1] 718
[0, 1, 1, 1] 719
[0, 1, 1, 1] 733
[0, 1, 1, 1] 734
[0, 1, 1, 1] 735
[0, 1, 1, 1] 742
[0, 1, 1, 1] 746
[0, 0, 1, 1] 250
[0, 0, 1, 1] 261
[0, 0, 1, 1] 274
[0, 0, 1, 1] 283
[0, 0, 1, 1] 290
[0, 0, 1, 1] 299
[0, 0, 1, 1] 311
[0, 0, 1, 1] 314
[0, 0, 1, 1] 315
[0, 0, 1, 1] 317
[0, 0, 1, 1] 317
[0, 0, 1, 1] 318
[0, 0, 1, 1] 330
[0, 0, 1, 1] 345
[0, 0, 1, 1] 350
[0, 0, 1, 1] 361
[0, 0, 1, 1] 364
[0, 0, 1, 1] 364
[0, 0, 1, 1] 364
[0, 0, 1, 1] 365
[0, 0, 1, 1] 366
[0, 0, 1, 1] 371
[0, 0, 1, 1] 383
[0, 0, 1, 1] 390
[0, 0, 1, 1] 391
[0, 0, 1, 1] 416
[0, 0, 1, 1] 418
[0, 0, 1, 1] 424
[0, 0, 1, 1] 430
[0, 0, 1, 1] 433
[0, 0, 1, 1] 436
[0, 0, 1, 1] 438
[0, 0, 1, 1] 440
[0, 0, 1, 1] 442
[0, 0, 1, 1] 443
[0, 0, 1, 1] 449
[0, 0, 1, 1] 458
[0, 0, 1, 1] 460
[0, 0, 1, 1] 462
[0, 0, 1, 1] 469
[0, 0, 1, 1] 469
[0, 0, 1, 1] 471
[0, 0, 1, 1] 498
[0, 0, 1, 1] 499
[0, 0, 0, 1] 7
[0, 0, 0, 1] 13
[0, 0, 0, 1] 15
[0, 0, 0, 1] 20
[0, 0, 0, 1] 34
[0, 0, 0, 1] 45
[0, 0, 0, 1] 54
[0, 0, 0, 1] 70
[0, 0, 0, 1] 70
[0, 0, 0, 1] 79
[0, 0, 0, 1] 81
[0, 0, 0, 1] 86
[0, 0, 0, 1] 100
[0, 0, 0, 1] 102
[0, 0, 0, 1] 103
[0, 0, 0, 1] 105
[0, 0, 0, 1] 105
[0, 0, 0, 1] 114
[0, 0, 0, 1] 131
[0, 0, 0, 1] 146
[0, 0, 0, 1] 149
[0, 0, 0, 1] 153
[0, 0, 0, 1] 158
[0, 0, 0, 1] 158
[0, 0, 0, 1] 170
[0, 0, 0, 1] 170
[0, 0, 0, 1] 175
[0, 0, 0, 1] 177
[0, 0, 0, 1] 183
[0, 0, 0, 1] 185
[0, 0, 0, 1] 196
[0, 0, 0, 1] 204
[0, 0, 0, 1] 204
[0, 0, 0, 1] 214
[0, 0, 0, 1] 222
[0, 0, 0, 1] 226
