VARIABLES 150
NB_OBJ 4
ITEMS
[1, 1, 1, 1] 777
[1, 1, 1, 1] 779
[1, 1, 1, 1] 781
[1, 1, 1, 1] 800
[1, 1, 1, 1] 827
[1, 1, 1, 1] 829
[1, 1, 1, 1] 830
[1, 1, 1, 1] 834
[1, 1, 1, 1] 835
[1, 1, 1, 1] 840
[1, 1, 1, 1] 845
[1, 1, 1, 1] 846
[1, 1, 1, 1] 857
[1, 1, 1, 1] 864
[1, 1, 1, 1] 868
[1, 1, 1, 1] 873
[1, 1, 1, 1] 879
[1, 1, 1, 1] 883
[1, 1, 1, 1] 888
[1, 1, 1, 1] 890
[1, 1, 1, 1] 894
[1, 1, 1, 1] 898
[1, 1, 1, 1] 906
[1, 1, 1, 1] 915
[1, 1, 1, 1] 919
[1, 1, 1, 1] 923
[1, 1, 1, 1] 927
[1, 1, 1, 1] 928
[1, 1, 1, 1] 939
[1, 1, 1, 1] 946
[1, 1, 1, 1] 950
[1, 1, 1, 1] 953
[1, 1, 1, 1] 954
[1, 1, 1, 1] 955
[1, 1, 1, 1] 965
[1, 1, 1, 1] 970
[1, 1, 1, 1] 978
[1, 1, 1, 1] 979
[1, 1, 1, 1] 981
[1, 1, 1, 1] 991
[1, 1, 1, 1] 997
[0, 1, 1, 1] 507
[0, 1, 1, 1] 514
[0, 1, 1, 1] 526
[0, 1, 1, 1] 527
[0, 1, 1, 1] 527
[0, 1, 1, 1] 533
[0, 1, 1, 1] 549
[0, 1, 1, 1] 552
[0, 1, 1, 1] 558
[0, 1, 1, 1] 562
[0, 1, 1, 1] 565
[0, 1, 1, 1] 567
[0, 1, 1, 1] 573
[0, 1, 1, 1] 573
[0, 1, 1, 1] 601
[0, 1, 1, 1] 603
[0, 1, 1, 1] 620
[0, 1, 1, 1] 632
[0, 1, 1, 1] 649
[0, 1, 1, 1] 652
[0, 1, 1, 1] 657
[0, 1, 1, 1] 665
[0, 1, 1, 1] 668
[0, 1, 1, 1] 669
[0, 1, 1, 1] 669
[0, 1, 1, 1] 676
[0, 1, 1, 1] 684
[0, 1, 1, 1] 685
[0, 1, 1, 1] 692
[0, 1, 1, 1] 696
[0, 1, 1, 1] 704
[0, 1, 1, 1] 705
[0, 1, 1, 1] 716
[0, 1, 1, 1] 717
[0, 1, 1, 1] 721
[0, 1, 1, 1] 724
[0, 1, 1, 1] 726
[0, 1, 1, 1] 730
[0, 1, 1, 1] 746
[0, 0, 1, 1] 257
[0, 0, 1, 1] 266
[0, 0, 1, 1] 269
[0, 0, 1, 1] 272
[0, 0, 1, 1] 278
[0, 0, 1, 1] 286
[0, 0, 1, 1] 286
[0, 0, 1, 1] 290
[0, 0, 1, 1] 294
[0, 0, 1, 1] 296
[0, 0, 1, 1] 306
[0, 0, 1, 1] 307
[0, 0, 1, 1] 314
[0, 0, 1, 1] 315
[0, 0, 1, 1] 316
[0, 0, 1, 1] 331
[0, 0, 1, 1] 335
[0, 0, 1, 1] 339
[0, 0, 1, 1] 346
[0, 0, 1, 1] 346
[0, 0, 1, 1] 348
[0, 0, 1, 1] 354
[0, 0, 1, 1] 360
[0, 0, 1, 1] 363
[0, 0, 1, 1] 410
[0, 0, 1, 1] 411
[0, 0, 1, 1] 425
[0, 0, 1, 1] 432
[0, 0, 1, 1] 433
[0, 0, 1, 1] 434
[0, 0, 1, 1] 435
[0, 0, 1, 1] 459
[0, 0, 1, 1] 463
[0, 0, 1, 1] 466
[0, 0, 1, 1] 468
[0, 0, 1, 1] 485
[0, 0, 1, 1] 487
[0, 0, 1, 1] 489
[0, 0, 1, 1] 490
[0, 0, 1, 1] 494
[0, 0, 1, 1] 499
[0, 0, 0, 1] 3
[0, 0, 0, 1] 4
[0, 0, 0, 1] 5
[0, 0, 0, 1] 5
[0, 0, 0, 1] 9
[0, 0, 0, 1] 22
[0, 0, 0, 1] 32
[0, 0, 0, 1] 40
[0, 0, 0, 1] 47
[0, 0, 0, 1] 55
[0, 0, 0, 1] 57
[0, 0, 0, 1] 78
[0, 0, 0, 1] 78
[0, 0, 0, 1] 88
[0, 0, 0, 1] 88
[0, 0, 0, 1] 90
[0, 0, 0, 1] 96
[0, 0, 0, 1] 120
[0, 0, 0, 1] 133
[0, 0, 0, 1] 141
[0, 0, 0, 1] 146
[0, 0, 0, 1] 155
[0, 0, 0, 1] 183
[0, 0, 0, 1] 197
[0, 0, 0, 1] 202
[0, 0, 0, 1] 204
[0, 0, 0, 1] 212
[0, 0, 0, 1] 234
[0, 0, 0, 1] 249
