VARIABLES 150
NB_OBJ 4
ITEMS
[1, 1, 1, 1] 765
[1, 1, 1, 1] 771
[1, 1, 1, 1] 780
[1, 1, 1, 1] 782
[1, 1, 1, 1] 784
[1, 1, 1, 1] 788
[1, 1, 1, 1] 797
[1, 1, 1, 1] 798
[1, 1, 1, 1] 799
[1, 1, 1, 1] 804
[1, 1, 1, 1] 813
[1, 1, 1, 1] 816
[1, 1, 1, 1] 828
[1, 1, 1, 1] 829
[1, 1, 1, 1] 833
[1, 1, 1, 1] 853
[1, 1, 1, 1] 858
[1, 1, 1, 1] 860
[1, 1, 1, 1] 871
[1, 1, 1, 1] 875
[1, 1, 1, 1] 876
[1, 1, 1, 1] 878
[1, 1, 1, 1] 880
[1, 1, 1, 1] 881
[1, 1, 1, 1] 887
[1, 1, 1, 1] 900
[1, 1, 1, 1] 918
[1, 1, 1, 1] 925
[1, 1, 1, 1] 926
[1, 1, 1, 1] 927
[1, 1, 1, 1] 934
[1, 1, 1, 1] 942
[1, 1, 1, 1] 950
[1, 1, 1, 1] 954
[1, 1, 1, 1] 966
[1, 1, 1, 1] 970
[1, 1, 1, 1] 982
[1, 1, 1, 1] 984
[1, 1, 1, 1] 998
[0, 1, 1, 1] 519
[0, 1, 1, 1] 528
[0, 1, 1, 1] 532
[0, 1, 1, 1] 543
[0, 1, 1, 1] 548
[0, 1, 1, 1] 548
[0, 1, 1, 1] 550
[0, 1, 1, 1] 552
[0, 1, 1, 1] 556
[0, 1, 1, 1] 558
[0, 1, 1, 1] 563
[0, 1, 1, 1] 622
[0, 1, 1, 1] 627
[0, 1, 1, 1] 629
[0, 1, 1, 1] 631
[0, 1, 1, 1] 632
[0, 1, 1, 1] 639
[0, 1, 1, 1] 639
[0, 1, 1, 1] 643
[0, 1, 1, 1] 653
[0, 1, 1, 1] 664
[0, 1, 1, 1] 665
[0, 1, 1, 1] 669
[0, 1, 1, 1] 671
[0, 1, 1, 1] 680
[0, 1, 1, 1] 695
[0, 1, 1, 1] 712
[0, 1, 1, 1] 722
[0, 1, 1, 1] 726
[0, 1, 1, 1] 733
[0, 1, 1, 1] 734
[0, 1, 1, 1] 735
[0, 1, 1, 1] 744
[0, 1, 1, 1] 750
[0, 0, 1, 1] 263
[0, 0, 1, 1] 267
[0, 0, 1, 1] 278
[0, 0, 1, 1] 281
[0, 0, 1, 1] 286
[0, 0, 1, 1] 301
[0, 0, 1, 1] 302
[0, 0, 1, 1] 315
[0, 0, 1, 1] 328
[0, 0, 1, 1] 361
[0, 0, 1, 1] 367
[0, 0, 1, 1] 374
[0, 0, 1, 1] 377
[0, 0, 1, 1] 378
[0, 0, 1, 1] 380
[0, 0, 1, 1] 394
[0, 0, 1, 1] 398
[0, 0, 1, 1] 401
[0, 0, 1, 1] 404
[0, 0, 1, 1] 408
[0, 0, 1, 1] 414
[0, 0, 1, 1] 415
[0, 0, 1, 1] 415
[0, 0, 1, 1] 421
[0, 0, 1, 1] 422
[0, 0, 1, 1] 429
[0, 0, 1, 1] 476
[0, 0, 1, 1] 477
[0, 0, 1, 1] 492
[0, 0, 1, 1] 492
[0, 0, 0, 1] 6
[0, 0, 0, 1] 32
[0, 0, 0, 1] 32
[0, 0, 0, 1] 35
[0, 0, 0, 1] 56
[0, 0, 0, 1] 56
[0, 0, 0, 1] 58
[0, 0, 0, 1] 59
[0, 0, 0, 1] 63
[0, 0, 0, 1] 65
[0, 0, 0, 1] 71
[0, 0, 0, 1] 73
[0, 0, 0, 1] 78
[0, 0, 0, 1] 82
[0, 0, 0, 1] 106
[0, 0, 0, 1] 112
[0, 0, 0, 1] 117
[0, 0, 0, 1] 119
[0, 0, 0, 1] 123
[0, 0, 0, 1] 136
[0, 0, 0, 1] 137
[0, 0, 0, 1] 152
[0, 0, 0, 1] 157
[0, 0, 0, 1] 162
[0, 0, 0, 1] 162
[0, 0, 0, 1] 167
[0, 0, 0, 1] 173
[0, 0, 0, 1] 173
[0, 0, 0, 1] 174
[0, 0, 0, 1] 177
[0, 0, 0, 1] 178
[0, 0, 0, 1] 178
[0, 0, 0, 1] 184
[0, 0, 0, 1] 185
[0, 0, 0, 1] 188
[0, 0, 0, 1] 193
[0, 0, 0, 1] 193
[0, 0, 0, 1] 197
[0, 0, 0, 1] 199
[0, 0, 0, 1] 204
[0, 0, 0, 1] 208
[0, 0, 0, 1] 212
[0, 0, 0, 1] 213
[0, 0, 0, 1] 217
[0, 0, 0, 1] 219
[0, 0, 0, 1] 228
[0, 0, 0, 1] 229
