VARIABLES 150
NB_OBJ 4
ITEMS
[1, 1, 1, 1] 754
[1, 1, 1, 1] 758
[1, 1, 1, 1] 761
[1, 1, 1, 1] 763
[1, 1, 1, 1] 766
[1, 1, 1, 1] 771
[1, 1, 1, 1] 772
[1, 1, 1, 1] 776
[1, 1, 1, 1] 780
[1, 1, 1, 1] 788
[1, 1, 1, 1] 791
[1, 1, 1, 1] 796
[1, 1, 1, 1] 803
[1, 1, 1, 1] 809
[1, 1, 1, 1] 815
[1, 1, 1, 1] 844
[1, 1, 1, 1] 850
[1, 1, 1, 1] 851
[1, 1, 1, 1] 855
[1, 1, 1, 1] 859
[1, 1, 1, 1] 860
[1, 1, 1, 1] 865
[1, 1, 1, 1] 870
[1, 1, 1, 1] 871
[1, 1, 1, 1] 892
[1, 1, 1, 1] 894
[1, 1, 1, 1] 897
[1, 1, 1, 1] 901
[1, 1, 1, 1] 902
[1, 1, 1, 1] 904
[1, 1, 1, 1] 914
[1, 1, 1, 1] 915
[1, 1, 1, 1] 929
[1, 1, 1, 1] 937
[1, 1, 1, 1] 942
[1, 1, 1, 1] 948
[1, 1, 1, 1] 950
[1, 1, 1, 1] 951
[1, 1, 1, 1] 960
[1, 1, 1, 1] 963
[1, 1, 1, 1] 966
[1, 1, 1, 1] 996
[1, 1, 1, 1] 997
[1, 1, 1, 1] 999
[0, 1, 1, 1] 506
[0, 1, 1, 1] 517
[0, 1, 1, 1] 517
[0, 1, 1, 1] 524
[0, 1, 1, 1] 529
[0, 1, 1, 1] 529
[0, 1, 1, 1] 544
[0, 1, 1, 1] 545
[0, 1, 1, 1] 551
[0, 1, 1, 1] 557
[0, 1, 1, 1] 562
[0, 1, 1, 1] 570
[0, 1, 1, 1] 574
[0, 1, 1, 1] 583
[0, 1, 1, 1] 592
[0, 1, 1, 1] 594
[0, 1, 1, 1] 612
[0, 1, 1, 1] 624
[0, 1, 1, 1] 625
[0, 1, 1, 1] 637
[0, 1, 1, 1] 657
[0, 1, 1, 1] 658
[0, 1, 1, 1] 661
[0, 1, 1, 1] 685
[0, 1, 1, 1] 691
[0, 1, 1, 1] 694
[0, 1, 1, 1] 694
[0, 1, 1, 1] 694
[0, 1, 1, 1] 717
[0, 1, 1, 1] 721
[0, 1, 1, 1] 722
[0, 1, 1, 1] 725
[0, 1, 1, 1] 726
[0, 1, 1, 1] 728
[0, 1, 1, 1] 735
[0, 1, 1, 1] 746
[0, 0, 1, 1] 259
[0, 0, 1, 1] 262
[0, 0, 1, 1] 263
[0, 0, 1, 1] 293
[0, 0, 1, 1] 294
[0, 0, 1, 1] 307
[0, 0, 1, 1] 314
[0, 0, 1, 1] 335
[0, 0, 1, 1] 343
[0, 0, 1, 1] 345
[0, 0, 1, 1] 367
[0, 0, 1, 1] 381
[0, 0, 1, 1] 385
[0, 0, 1, 1] 398
[0, 0, 1, 1] 414
[0, 0, 1, 1] 422
[0, 0, 1, 1] 426
[0, 0, 1, 1] 441
[0, 0, 1, 1] 444
[0, 0, 1, 1] 445
[0, 0, 1, 1] 457
[0, 0, 1, 1] 458
[0, 0, 1, 1] 462
[0, 0, 1, 1] 462
[0, 0, 1, 1] 465
[0, 0, 1, 1] 465
[0, 0, 1, 1] 466
[0, 0, 1, 1] 471
[0, 0, 1, 1] 475
[0, 0, 1, 1] 478
[0, 0, 1, 1] 479
[0, 0, 1, 1] 480
[0, 0, 1, 1] 484
[0, 0, 1, 1] 496
[0, 0, 1, 1] 497
[0, 0, 1, 1] 500
[0, 0, 0, 1] 6
[0, 0, 0, 1] 13
[0, 0, 0, 1] 19
[0, 0, 0, 1] 29
[0, 0, 0, 1] 37
[0, 0, 0, 1] 58
[0, 0, 0, 1] 59
[0, 0, 0, 1] 64
[0, 0, 0, 1] 65
[0, 0, 0, 1] 68
[0, 0, 0, 1] 69
[0, 0, 0, 1] 75
[0, 0, 0, 1] 91
[0, 0, 0, 1] 100
[0, 0, 0, 1] 107
[0, 0, 0, 1] 111
[0, 0, 0, 1] 123
[0, 0, 0, 1] 124
[0, 0, 0, 1] 126
[0, 0, 0, 1] 130
[0, 0, 0, 1] 137
[0, 0, 0, 1] 137
[0, 0, 0, 1] 147
[0, 0, 0, 1] 151
[0, 0, 0, 1] 156
[0, 0, 0, 1] 159
[0, 0, 0, 1] 162
[0, 0, 0, 1] 181
[0, 0, 0, 1] 190
[0, 0, 0, 1] 206
[0, 0, 0, 1] 226
[0, 0, 0, 1] 229
[0, 0, 0, 1] 244
[0, 0, 0, 1] 245
