VARIABLES 150
NB_OBJ 4
ITEMS
[1, 1, 1, 1] 752
[1, 1, 1, 1] 760
[1, 1, 1, 1] 778
[1, 1, 1, 1] 784
[1, 1, 1, 1] 786
[1, 1, 1, 1] 787
[1, 1, 1, 1] 789
[1, 1, 1, 1] 792
[1, 1, 1, 1] 794
[1, 1, 1, 1] 796
[1, 1, 1, 1] 816
[1, 1, 1, 1] 835
[1, 1, 1, 1] 857
[1, 1, 1, 1] 872
[1, 1, 1, 1] 873
[1, 1, 1, 1] 875
[1, 1, 1, 1] 876
[1, 1, 1, 1] 882
[1, 1, 1, 1] 887
[1, 1, 1, 1] 889
[1, 1, 1, 1] 890
[1, 1, 1, 1] 901
[1, 1, 1, 1] 902
[1, 1, 1, 1] 906
[1, 1, 1, 1] 919
[1, 1, 1, 1] 920
[1, 1, 1, 1] 923
[1, 1, 1, 1] 939
[1, 1, 1, 1] 952
[1, 1, 1, 1] 955
[1, 1, 1, 1] 956
[1, 1, 1, 1] 959
[1, 1, 1, 1] 967
[1, 1, 1, 1] 969
[1, 1, 1, 1] 972
[1, 1, 1, 1] 975
[1, 1, 1, 1] 978
[1, 1, 1, 1] 979
[1, 1, 1, 1] 983
[1, 1, 1, 1] 995
[0, 1, 1, 1] 508
[0, 1, 1, 1] 512
[0, 1, 1, 1] 513
[0, 1, 1, 1] 515
[0, 1, 1, 1] 516
[0, 1, 1, 1] 521
[0, 1, 1, 1] 539
[0, 1, 1, 1] 543
[0, 1, 1, 1] 544
[0, 1, 1, 1] 551
[0, 1, 1, 1] 551
[0, 1, 1, 1] 558
[0, 1, 1, 1] 560
[0, 1, 1, 1] 564
[0, 1, 1, 1] 565
[0, 1, 1, 1] 565
[0, 1, 1, 1] 568
[0, 1, 1, 1] 576
[0, 1, 1, 1] 579
[0, 1, 1, 1] 601
[0, 1, 1, 1] 612
[0, 1, 1, 1] 619
[0, 1, 1, 1] 629
[0, 1, 1, 1] 642
[0, 1, 1, 1] 653
[0, 1, 1, 1] 657
[0, 1, 1, 1] 661
[0, 1, 1, 1] 663
[0, 1, 1, 1] 672
[0, 1, 1, 1] 676
[0, 1, 1, 1] 678
[0, 1, 1, 1] 680
[0, 1, 1, 1] 685
[0, 1, 1, 1] 685
[0, 1, 1, 1] 697
[0, 1, 1, 1] 703
[0, 1, 1, 1] 719
[0, 1, 1, 1] 721
[0, 1, 1, 1] 721
[0, 1, 1, 1] 726
[0, 1, 1, 1] 728
[0, 1, 1, 1] 731
[0, 1, 1, 1] 732
[0, 1, 1, 1] 733
[0, 1, 1, 1] 733
[0, 1, 1, 1] 741
[0, 0, 1, 1] 253
[0, 0, 1, 1] 260
[0, 0, 1, 1] 263
[0, 0, 1, 1] 271
[0, 0, 1, 1] 287
[0, 0, 1, 1] 302
[0, 0, 1, 1] 314
[0, 0, 1, 1] 324
[0, 0, 1, 1] 339
[0, 0, 1, 1] 341
[0, 0, 1, 1] 345
[0, 0, 1, 1] 353
[0, 0, 1, 1] 364
[0, 0, 1, 1] 376
[0, 0, 1, 1] 378
[0, 0, 1, 1] 379
[0, 0, 1, 1] 386
[0, 0, 1, 1] 386
[0, 0, 1, 1] 387
[0, 0, 1, 1] 392
[0, 0, 1, 1] 427
[0, 0, 1, 1] 428
[0, 0, 1, 1] 440
[0, 0, 1, 1] 445
[0, 0, 1, 1] 481
[0, 0, 1, 1] 499
[0, 0, 0, 1] 7
[0, 0, 0, 1] 8
[0, 0, 0, 1] 18
[0, 0, 0, 1] 37
[0, 0, 0, 1] 48
[0, 0, 0, 1] 50
[0, 0, 0, 1] 51
[0, 0, 0, 1] 59
[0, 0, 0, 1] 62
[0, 0, 0, 1] 65
[0, 0, 0, 1] 67
[0, 0, 0, 1] 70
[0, 0, 0, 1] 89
[0, 0, 0, 1] 100
[0, 0, 0, 1] 106
[0, 0, 0, 1] 117
[0, 0, 0, 1] 121
[0, 0, 0, 1] 121
[0, 0, 0, 1] 122
[0, 0, 0, 1] 123
[0, 0, 0, 1] 139
[0, 0, 0, 1] 153
[0, 0, 0, 1] 167
[0, 0, 0, 1] 169
[0, 0, 0, 1] 176
[0, 0, 0, 1] 176
[0, 0, 0, 1] 179
[0, 0, 0, 1] 182
[0, 0, 0, 1] 189
[0, 0, 0, 1] 191
[0, 0, 0, 1] 198
[0, 0, 0, 1] 206
[0, 0, 0, 1] 207
[0, 0, 0, 1] 221
[0, 0, 0, 1] 226
[0, 0, 0, 1] 233
[0, 0, 0, 1] 239
[0, 0, 0, 1] 244
