VARIABLES 150
NB_OBJ 4
ITEMS
[1, 1, 1, 1] 759
[1, 1, 1, 1] 771
[1, 1, 1, 1] 775
[1, 1, 1, 1] 775
[1, 1, 1, 1] 787
[1, 1, 1, 1] 788
[1, 1, 1, 1] 790
[1, 1, 1, 1] 796
[1, 1, 1, 1] 800
[1, 1, 1, 1] 818
[1, 1, 1, 1] 848
[1, 1, 1, 1] 853
[1, 1, 1, 1] 854
[1, 1, 1, 1] 857
[1, 1, 1, 1] 878
[1, 1, 1, 1] 880
[1, 1, 1, 1] 889
[1, 1, 1, 1] 890
[1, 1, 1, 1] 897
[1, 1, 1, 1] 901
[1, 1, 1, 1] 903
[1, 1, 1, 1] 905
[1, 1, 1, 1] 924
[1, 1, 1, 1] 928
[1, 1, 1, 1] 940
[1, 1, 1, 1] 955
[1, 1, 1, 1] 962
[1, 1, 1, 1] 963
[1, 1, 1, 1] 971
[1, 1, 1, 1] 974
[1, 1, 1, 1] 985
[1, 1, 1, 1] 995
[1, 1, 1, 1] 997
[0, 1, 1, 1] 511
[0, 1, 1, 1] 513
[0, 1, 1, 1] 525
[0, 1, 1, 1] 528
[0, 1, 1, 1] 529
[0, 1, 1, 1] 532
[0, 1, 1, 1] 545
[0, 1, 1, 1] 547
[0, 1, 1, 1] 553
[0, 1, 1, 1] 553
[0, 1, 1, 1] 557
[0, 1, 1, 1] 567
[0, 1, 1, 1] 572
[0, 1, 1, 1] 584
[0, 1, 1, 1] 586
[0, 1, 1, 1] 597
[0, 1, 1, 1] 607
[0, 1, 1, 1] 608
[0, 1, 1, 1] 610
[0, 1, 1, 1] 619
[0, 1, 1, 1] 635
[0, 1, 1, 1] 668
[0, 1, 1, 1] 671
[0, 1, 1, 1] 671
[0, 1, 1, 1] 677
[0, 1, 1, 1] 678
[0, 1, 1, 1] 678
[0, 1, 1, 1] 684
[0, 1, 1, 1] 696
[0, 1, 1, 1] 698
[0, 1, 1, 1] 705
[0, 1, 1, 1] 710
[0, 1, 1, 1] 723
[0, 1, 1, 1] 728
[0, 1, 1, 1] 729
[0, 1, 1, 1] 729
[0, 1, 1, 1] 743
[0, 1, 1, 1] 747
[0, 0, 1, 1] 250
[0, 0, 1, 1] 262
[0, 0, 1, 1] 286
[0, 0, 1, 1] 294
[0, 0, 1, 1] 296
[0, 0, 1, 1] 297
[0, 0, 1, 1] 301
[0, 0, 1, 1] 311
[0, 0, 1, 1] 316
[0, 0, 1, 1] 316
[0, 0, 1, 1] 316
[0, 0, 1, 1] 317
[0, 0, 1, 1] 321
[0, 0, 1, 1] 326
[0, 0, 1, 1] 327
[0, 0, 1, 1] 331
[0, 0, 1, 1] 333
[0, 0, 1, 1] 361
[0, 0, 1, 1] 366
[0, 0, 1, 1] 376
[0, 0, 1, 1] 383
[0, 0, 1, 1] 393
[0, 0, 1, 1] 400
[0, 0, 1, 1] 403
[0, 0, 1, 1] 408
[0, 0, 1, 1] 418
[0, 0, 1, 1] 430
[0, 0, 1, 1] 431
[0, 0, 1, 1] 432
[0, 0, 1, 1] 434
[0, 0, 1, 1] 443
[0, 0, 1, 1] 448
[0, 0, 1, 1] 454
[0, 0, 1, 1] 455
[0, 0, 1, 1] 465
[0, 0, 1, 1] 466
[0, 0, 1, 1] 469
[0, 0, 1, 1] 478
[0, 0, 1, 1] 479
[0, 0, 1, 1] 486
[0, 0, 1, 1] 488
[0, 0, 1, 1] 494
[0, 0, 1, 1] 497
[0, 0, 0, 1] 1
[0, 0, 0, 1] 5
[0, 0, 0, 1] 9
[0, 0, 0, 1] 11
[0, 0, 0, 1] 32
[0, 0, 0, 1] 39
[0, 0, 0, 1] 41
[0, 0, 0, 1] 57
[0, 0, 0, 1] 61
[0, 0, 0, 1] 63
[0, 0, 0, 1] 64
[0, 0, 0, 1] 74
[0, 0, 0, 1] 77
[0, 0, 0, 1] 78
[0, 0, 0, 1] 83
[0, 0, 0, 1] 88
[0, 0, 0, 1] 93
[0, 0, 0, 1] 104
[0, 0, 0, 1] 115
[0, 0, 0, 1] 117
[0, 0, 0, 1] 119
[0, 0, 0, 1] 123
[0, 0, 0, 1] 144
[0, 0, 0, 1] 163
[0, 0, 0, 1] 164
[0, 0, 0, 1] 168
[0, 0, 0, 1] 174
[0, 0, 0, 1] 179
[0, 0, 0, 1] 186
[0, 0, 0, 1] 211
[0, 0, 0, 1] 213
[0, 0, 0, 1] 227
[0, 0, 0, 1] 230
[0, 0, 0, 1] 235
[0, 0, 0, 1] 247
[0, 0, 0, 1] 250
