VARIABLES 150
NB_OBJ 4
ITEMS
[1, 1, 1, 1] 752
[1, 1, 1, 1] 754
[1, 1, 1, 1] 754
[1, 1, 1, 1] 755
[1, 1, 1, 1] 757
[1, 1, 1, 1] 765
[1, 1, 1, 1] 766
[1, 1, 1, 1] 767
[1, 1, 1, 1] 777
[1, 1, 1, 1] 777
[1, 1, 1, 1] 779
[1, 1, 1, 1] 780
[1, 1, 1, 1] 786
[1, 1, 1, 1] 790
[1, 1, 1, 1] 800
[1, 1, 1, 1] 844
[1, 1, 1, 1] 847
[1, 1, 1, 1] 872
[1, 1, 1, 1] 878
[1, 1, 1, 1] 898
[1, 1, 1, 1] 900
[1, 1, 1, 1] 902
[1, 1, 1, 1] 905
[1, 1, 1, 1] 918
[1, 1, 1, 1] 923
[1, 1, 1, 1] 941
[1, 1, 1, 1] 942
[1, 1, 1, 1] 945
[1, 1, 1, 1] 948
[1, 1, 1, 1] 950
[1, 1, 1, 1] 956
[1, 1, 1, 1] 958
[1, 1, 1, 1] 965
[1, 1, 1, 1] 966
[1, 1, 1, 1] 977
[1, 1, 1, 1] 984
[1, 1, 1, 1] 992
[1, 1, 1, 1] 993
[0, 1, 1, 1] 507
[0, 1, 1, 1] 524
[0, 1, 1, 1] 535
[0, 1, 1, 1] 540
[0, 1, 1, 1] 544
[0, 1, 1, 1] 552
[0, 1, 1, 1] 555
[0, 1, 1, 1] 556
[0, 1, 1, 1] 564
[0, 1, 1, 1] 572
[0, 1, 1, 1] 575
[0, 1, 1, 1] 585
[0, 1, 1, 1] 596
[0, 1, 1, 1] 617
[0, 1, 1, 1] 625
[0, 1, 1, 1] 645
[0, 1, 1, 1] 647
[0, 1, 1, 1] 653
[0, 1, 1, 1] 656
[0, 1, 1, 1] 665
[0, 1, 1, 1] 679
[0, 1, 1, 1] 682
[0, 1, 1, 1] 683
[0, 1, 1, 1] 691
[0, 1, 1, 1] 694
[0, 1, 1, 1] 700
[0, 1, 1, 1] 702
[0, 1, 1, 1] 710
[0, 1, 1, 1] 729
[0, 1, 1, 1] 731
[0, 1, 1, 1] 731
[0, 1, 1, 1] 741
[0, 1, 1, 1] 743
[0, 1, 1, 1] 744
[0, 0, 1, 1] 258
[0, 0, 1, 1] 262
[0, 0, 1, 1] 269
[0, 0, 1, 1] 272
[0, 0, 1, 1] 287
[0, 0, 1, 1] 292
[0, 0, 1, 1] 304
[0, 0, 1, 1] 306
[0, 0, 1, 1] 365
[0, 0, 1, 1] 366
[0, 0, 1, 1] 379
[0, 0, 1, 1] 390
[0, 0, 1, 1] 390
[0, 0, 1, 1] 393
[0, 0, 1, 1] 397
[0, 0, 1, 1] 398
[0, 0, 1, 1] 399
[0, 0, 1, 1] 417
[0, 0, 1, 1] 418
[0, 0, 1, 1] 419
[0, 0, 1, 1] 438
[0, 0, 1, 1] 439
[0, 0, 1, 1] 441
[0, 0, 1, 1] 448
[0, 0, 1, 1] 453
[0, 0, 1, 1] 457
[0, 0, 1, 1] 466
[0, 0, 1, 1] 470
[0, 0, 1, 1] 478
[0, 0, 1, 1] 484
[0, 0, 1, 1] 490
[0, 0, 1, 1] 491
[0, 0, 1, 1] 493
[0, 0, 1, 1] 497
[0, 0, 0, 1] 4
[0, 0, 0, 1] 6
[0, 0, 0, 1] 7
[0, 0, 0, 1] 26
[0, 0, 0, 1] 29
[0, 0, 0, 1] 31
[0, 0, 0, 1] 46
[0, 0, 0, 1] 56
[0, 0, 0, 1] 59
[0, 0, 0, 1] 60
[0, 0, 0, 1] 72
[0, 0, 0, 1] 72
[0, 0, 0, 1] 74
[0, 0, 0, 1] 81
[0, 0, 0, 1] 83
[0, 0, 0, 1] 85
[0, 0, 0, 1] 91
[0, 0, 0, 1] 94
[0, 0, 0, 1] 96
[0, 0, 0, 1] 104
[0, 0, 0, 1] 106
[0, 0, 0, 1] 112
[0, 0, 0, 1] 119
[0, 0, 0, 1] 128
[0, 0, 0, 1] 130
[0, 0, 0, 1] 140
[0, 0, 0, 1] 145
[0, 0, 0, 1] 148
[0, 0, 0, 1] 158
[0, 0, 0, 1] 158
[0, 0, 0, 1] 167
[0, 0, 0, 1] 172
[0, 0, 0, 1] 183
[0, 0, 0, 1] 189
[0, 0, 0, 1] 193
[0, 0, 0, 1] 197
[0, 0, 0, 1] 199
[0, 0, 0, 1] 202
[0, 0, 0, 1] 203
[0, 0, 0, 1] 218
[0, 0, 0, 1] 218
[0, 0, 0, 1] 228
[0, 0, 0, 1] 239
[0, 0, 0, 1] 243
