VARIABLES 150
NB_OBJ 4
ITEMS
[1, 1, 1, 1] 757
[1, 1, 1, 1] 769
[1, 1, 1, 1] 781
[1, 1, 1, 1] 794
[1, 1, 1, 1] 802
[1, 1, 1, 1] 809
[1, 1, 1, 1] 812
[1, 1, 1, 1] 821
[1, 1, 1, 1] 821
[1, 1, 1, 1] 823
[1, 1, 1, 1] 825
[1, 1, 1, 1] 834
[1, 1, 1, 1] 835
[1, 1, 1, 1] 835
[1, 1, 1, 1] 838
[1, 1, 1, 1] 861
[1, 1, 1, 1] 866
[1, 1, 1, 1] 873
[1, 1, 1, 1] 873
[1, 1, 1, 1] 906
[1, 1, 1, 1] 906
[1, 1, 1, 1] 914
[1, 1, 1, 1] 916
[1, 1, 1, 1] 920
[1, 1, 1, 1] 928
[1, 1, 1, 1] 928
[1, 1, 1, 1] 931
[1, 1, 1, 1] 932
[1, 1, 1, 1] 933
[1, 1, 1, 1] 945
[1, 1, 1, 1] 961
[1, 1, 1, 1] 963
[1, 1, 1, 1] 966
[0, 1, 1, 1] 504
[0, 1, 1, 1] 507
[0, 1, 1, 1] 508
[0, 1, 1, 1] 524
[0, 1, 1, 1] 545
[0, 1, 1, 1] 549
[0, 1, 1, 1] 559
[0, 1, 1, 1] 560
[0, 1, 1, 1] 561
[0, 1, 1, 1] 566
[0, 1, 1, 1] 573
[0, 1, 1, 1] 575
[0, 1, 1, 1] 577
[0, 1, 1, 1] 579
[0, 1, 1, 1] 579
[0, 1, 1, 1] 615
[0, 1, 1, 1] 618
[0, 1, 1, 1] 621
[0, 1, 1, 1] 622
[0, 1, 1, 1] 626
[0, 1, 1, 1] 629
[0, 1, 1, 1] 631
[0, 1, 1, 1] 647
[0, 1, 1, 1] 654
[0, 1, 1, 1] 671
[0, 1, 1, 1] 674
[0, 1, 1, 1] 681
[0, 1, 1, 1] 684
[0, 1, 1, 1] 690
[0, 1, 1, 1] 691
[0, 1, 1, 1] 705
[0, 1, 1, 1] 709
[0, 1, 1, 1] 721
[0, 1, 1, 1] 723
[0, 1, 1, 1] 741
[0, 1, 1, 1] 747
[0, 0, 1, 1] 252
[0, 0, 1, 1] 254
[0, 0, 1, 1] 255
[0, 0, 1, 1] 259
[0, 0, 1, 1] 270
[0, 0, 1, 1] 270
[0, 0, 1, 1] 276
[0, 0, 1, 1] 282
[0, 0, 1, 1] 287
[0, 0, 1, 1] 294
[0, 0, 1, 1] 300
[0, 0, 1, 1] 306
[0, 0, 1, 1] 307
[0, 0, 1, 1] 320
[0, 0, 1, 1] 325
[0, 0, 1, 1] 335
[0, 0, 1, 1] 338
[0, 0, 1, 1] 340
[0, 0, 1, 1] 346
[0, 0, 1, 1] 347
[0, 0, 1, 1] 375
[0, 0, 1, 1] 375
[0, 0, 1, 1] 385
[0, 0, 1, 1] 386
[0, 0, 1, 1] 388
[0, 0, 1, 1] 397
[0, 0, 1, 1] 398
[0, 0, 1, 1] 409
[0, 0, 1, 1] 410
[0, 0, 1, 1] 411
[0, 0, 1, 1] 429
[0, 0, 1, 1] 431
[0, 0, 1, 1] 441
[0, 0, 1, 1] 447
[0, 0, 1, 1] 452
[0, 0, 1, 1] 454
[0, 0, 1, 1] 458
[0, 0, 1, 1] 467
[0, 0, 1, 1] 468
[0, 0, 1, 1] 471
[0, 0, 1, 1] 471
[0, 0, 1, 1] 480
[0, 0, 1, 1] 486
[0, 0, 1, 1] 487
[0, 0, 1, 1] 491
[0, 0, 0, 1] 10
[0, 0, 0, 1] 15
[0, 0, 0, 1] 19
[0, 0, 0, 1] 20
[0, 0, 0, 1] 20
[0, 0, 0, 1] 25
[0, 0, 0, 1] 27
[0, 0, 0, 1] 28
[0, 0, 0, 1] 33
[0, 0, 0, 1] 52
[0, 0, 0, 1] 62
[0, 0, 0, 1] 66
[0, 0, 0, 1] 67
[0, 0, 0, 1] 72
[0, 0, 0, 1] 73
[0, 0, 0, 1] 86
[0, 0, 0, 1] 99
[0, 0, 0, 1] 104
[0, 0, 0, 1] 107
[0, 0, 0, 1] 109
[0, 0, 0, 1] 110
[0, 0, 0, 1] 113
[0, 0, 0, 1] 113
[0, 0, 0, 1] 128
[0, 0, 0, 1] 132
[0, 0, 0, 1] 134
[0, 0, 0, 1] 152
[0, 0, 0, 1] 154
[0, 0, 0, 1] 175
[0, 0, 0, 1] 178
[0, 0, 0, 1] 181
[0, 0, 0, 1] 193
[0, 0, 0, 1] 193
[0, 0, 0, 1] 209
[0, 0, 0, 1] 236
[0, 0, 0, 1] 249
