VARIABLES 150
NB_OBJ 4
ITEMS
[1, 1, 1, 1] 751
[1, 1, 1, 1] 755
[1, 1, 1, 1] 757
[1, 1, 1, 1] 775
[1, 1, 1, 1] 786
[1, 1, 1, 1] 795
[1, 1, 1, 1] 800
[1, 1, 1, 1] 812
[1, 1, 1, 1] 817
[1, 1, 1, 1] 837
[1, 1, 1, 1] 845
[1, 1, 1, 1] 867
[1, 1, 1, 1] 868
[1, 1, 1, 1] 878
[1, 1, 1, 1] 878
[1, 1, 1, 1] 886
[1, 1, 1, 1] 898
[1, 1, 1, 1] 899
[1, 1, 1, 1] 908
[1, 1, 1, 1] 909
[1, 1, 1, 1] 930
[1, 1, 1, 1] 932
[1, 1, 1, 1] 938
[1, 1, 1, 1] 951
[1, 1, 1, 1] 952
[1, 1, 1, 1] 953
[1, 1, 1, 1] 954
[1, 1, 1, 1] 969
[1, 1, 1, 1] 972
[1, 1, 1, 1] 988
[1, 1, 1, 1] 990
[1, 1, 1, 1] 991
[1, 1, 1, 1] 995
[1, 1, 1, 1] 998
[0, 1, 1, 1] 524
[0, 1, 1, 1] 525
[0, 1, 1, 1] 532
[0, 1, 1, 1] 533
[0, 1, 1, 1] 535
[0, 1, 1, 1] 541
[0, 1, 1, 1] 548
[0, 1, 1, 1] 555
[0, 1, 1, 1] 558
[0, 1, 1, 1] 562
[0, 1, 1, 1] 585
[0, 1, 1, 1] 591
[0, 1, 1, 1] 592
[0, 1, 1, 1] 603
[0, 1, 1, 1] 604
[0, 1, 1, 1] 618
[0, 1, 1, 1] 622
[0, 1, 1, 1] 640
[0, 1, 1, 1] 641
[0, 1, 1, 1] 663
[0, 1, 1, 1] 665
[0, 1, 1, 1] 673
[0, 1, 1, 1] 678
[0, 1, 1, 1] 686
[0, 1, 1, 1] 718
[0, 1, 1, 1] 737
[0, 0, 1, 1] 269
[0, 0, 1, 1] 273
[0, 0, 1, 1] 277
[0, 0, 1, 1] 277
[0, 0, 1, 1] 281
[0, 0, 1, 1] 281
[0, 0, 1, 1] 282
[0, 0, 1, 1] 283
[0, 0, 1, 1] 285
[0, 0, 1, 1] 286
[0, 0, 1, 1] 287
[0, 0, 1, 1] 290
[0, 0, 1, 1] 301
[0, 0, 1, 1] 302
[0, 0, 1, 1] 311
[0, 0, 1, 1] 320
[0, 0, 1, 1] 321
[0, 0, 1, 1] 321
[0, 0, 1, 1] 321
[0, 0, 1, 1] 327
[0, 0, 1, 1] 332
[0, 0, 1, 1] 346
[0, 0, 1, 1] 353
[0, 0, 1, 1] 360
[0, 0, 1, 1] 361
[0, 0, 1, 1] 362
[0, 0, 1, 1] 364
[0, 0, 1, 1] 371
[0, 0, 1, 1] 377
[0, 0, 1, 1] 384
[0, 0, 1, 1] 388
[0, 0, 1, 1] 397
[0, 0, 1, 1] 414
[0, 0, 1, 1] 417
[0, 0, 1, 1] 427
[0, 0, 1, 1] 428
[0, 0, 1, 1] 445
[0, 0, 1, 1] 457
[0, 0, 1, 1] 467
[0, 0, 1, 1] 468
[0, 0, 1, 1] 473
[0, 0, 1, 1] 476
[0, 0, 1, 1] 479
[0, 0, 1, 1] 479
[0, 0, 1, 1] 481
[0, 0, 1, 1] 492
[0, 0, 1, 1] 493
[0, 0, 0, 1] 7
[0, 0, 0, 1] 8
[0, 0, 0, 1] 11
[0, 0, 0, 1] 26
[0, 0, 0, 1] 27
[0, 0, 0, 1] 32
[0, 0, 0, 1] 49
[0, 0, 0, 1] 58
[0, 0, 0, 1] 59
[0, 0, 0, 1] 72
[0, 0, 0, 1] 81
[0, 0, 0, 1] 81
[0, 0, 0, 1] 83
[0, 0, 0, 1] 87
[0, 0, 0, 1] 91
[0, 0, 0, 1] 94
[0, 0, 0, 1] 98
[0, 0, 0, 1] 101
[0, 0, 0, 1] 105
[0, 0, 0, 1] 106
[0, 0, 0, 1] 117
[0, 0, 0, 1] 123
[0, 0, 0, 1] 125
[0, 0, 0, 1] 135
[0, 0, 0, 1] 147
[0, 0, 0, 1] 148
[0, 0, 0, 1] 160
[0, 0, 0, 1] 168
[0, 0, 0, 1] 178
[0, 0, 0, 1] 180
[0, 0, 0, 1] 183
[0, 0, 0, 1] 185
[0, 0, 0, 1] 187
[0, 0, 0, 1] 189
[0, 0, 0, 1] 191
[0, 0, 0, 1] 208
[0, 0, 0, 1] 213
[0, 0, 0, 1] 226
[0, 0, 0, 1] 226
[0, 0, 0, 1] 233
[0, 0, 0, 1] 243
[0, 0, 0, 1] 246
[0, 0, 0, 1] 249
