VARIABLES 150
NB_OBJ 4
ITEMS
[1, 1, 1, 1] 750
[1, 1, 1, 1] 766
[1, 1, 1, 1] 782
[1, 1, 1, 1] 783
[1, 1, 1, 1] 783
[1, 1, 1, 1] 788
[1, 1, 1, 1] 791
[1, 1, 1, 1] 800
[1, 1, 1, 1] 803
[1, 1, 1, 1] 807
[1, 1, 1, 1] 807
[1, 1, 1, 1] 809
[1, 1, 1, 1] 812
[1, 1, 1, 1] 816
[1, 1, 1, 1] 819
[1, 1, 1, 1] 825
[1, 1, 1, 1] 830
[1, 1, 1, 1] 837
[1, 1, 1, 1] 846
[1, 1, 1, 1] 858
[1, 1, 1, 1] 860
[1, 1, 1, 1] 863
[1, 1, 1, 1] 869
[1, 1, 1, 1] 873
[1, 1, 1, 1] 876
[1, 1, 1, 1] 878
[1, 1, 1, 1] 882
[1, 1, 1, 1] 898
[1, 1, 1, 1] 913
[1, 1, 1, 1] 925
[1, 1, 1, 1] 931
[1, 1, 1, 1] 932
[1, 1, 1, 1] 935
[1, 1, 1, 1] 937
[1, 1, 1, 1] 938
[1, 1, 1, 1] 947
[1, 1, 1, 1] 947
[1, 1, 1, 1] 950
[1, 1, 1, 1] 953
[1, 1, 1, 1] 954
[1, 1, 1, 1] 957
[1, 1, 1, 1] 958
[1, 1, 1, 1] 962
[1, 1, 1, 1] 965
[1, 1, 1, 1] 966
[1, 1, 1, 1] 968
[1, 1, 1, 1] 977
[1, 1, 1, 1] 986
[1, 1, 1, 1] 987
[0, 1, 1, 1] 512
[0, 1, 1, 1] 525
[0, 1, 1, 1] 532
[0, 1, 1, 1] 536
[0, 1, 1, 1] 539
[0, 1, 1, 1] 545
[0, 1, 1, 1] 556
[0, 1, 1, 1] 562
[0, 1, 1, 1] 581
[0, 1, 1, 1] 587
[0, 1, 1, 1] 591
[0, 1, 1, 1] 601
[0, 1, 1, 1] 602
[0, 1, 1, 1] 613
[0, 1, 1, 1] 640
[0, 1, 1, 1] 646
[0, 1, 1, 1] 658
[0, 1, 1, 1] 678
[0, 1, 1, 1] 684
[0, 1, 1, 1] 687
[0, 1, 1, 1] 689
[0, 1, 1, 1] 693
[0, 1, 1, 1] 702
[0, 1, 1, 1] 726
[0, 1, 1, 1] 731
[0, 1, 1, 1] 733
[0, 1, 1, 1] 745
[0, 0, 1, 1] 267
[0, 0, 1, 1] 274
[0, 0, 1, 1] 276
[0, 0, 1, 1] 276
[0, 0, 1, 1] 295
[0, 0, 1, 1] 308
[0, 0, 1, 1] 312
[0, 0, 1, 1] 315
[0, 0, 1, 1] 315
[0, 0, 1, 1] 319
[0, 0, 1, 1] 321
[0, 0, 1, 1] 324
[0, 0, 1, 1] 331
[0, 0, 1, 1] 333
[0, 0, 1, 1] 343
[0, 0, 1, 1] 344
[0, 0, 1, 1] 354
[0, 0, 1, 1] 358
[0, 0, 1, 1] 365
[0, 0, 1, 1] 371
[0, 0, 1, 1] 383
[0, 0, 1, 1] 387
[0, 0, 1, 1] 388
[0, 0, 1, 1] 391
[0, 0, 1, 1] 399
[0, 0, 1, 1] 403
[0, 0, 1, 1] 405
[0, 0, 1, 1] 415
[0, 0, 1, 1] 419
[0, 0, 1, 1] 430
[0, 0, 1, 1] 433
[0, 0, 1, 1] 443
[0, 0, 1, 1] 461
[0, 0, 1, 1] 462
[0, 0, 1, 1] 466
[0, 0, 1, 1] 476
[0, 0, 1, 1] 476
[0, 0, 1, 1] 489
[0, 0, 1, 1] 492
[0, 0, 1, 1] 495
[0, 0, 0, 1] 3
[0, 0, 0, 1] 7
[0, 0, 0, 1] 14
[0, 0, 0, 1] 27
[0, 0, 0, 1] 30
[0, 0, 0, 1] 49
[0, 0, 0, 1] 54
[0, 0, 0, 1] 69
[0, 0, 0, 1] 71
[0, 0, 0, 1] 73
[0, 0, 0, 1] 85
[0, 0, 0, 1] 93
[0, 0, 0, 1] 97
[0, 0, 0, 1] 100
[0, 0, 0, 1] 109
[0, 0, 0, 1] 124
[0, 0, 0, 1] 130
[0, 0, 0, 1] 131
[0, 0, 0, 1] 141
[0, 0, 0, 1] 142
[0, 0, 0, 1] 142
[0, 0, 0, 1] 143
[0, 0, 0, 1] 147
[0, 0, 0, 1] 149
[0, 0, 0, 1] 155
[0, 0, 0, 1] 170
[0, 0, 0, 1] 171
[0, 0, 0, 1] 188
[0, 0, 0, 1] 192
[0, 0, 0, 1] 199
[0, 0, 0, 1] 211
[0, 0, 0, 1] 214
[0, 0, 0, 1] 234
[0, 0, 0, 1] 246
