VARIABLES 150
NB_OBJ 4
ITEMS
[1, 1, 1, 1] 751
[1, 1, 1, 1] 763
[1, 1, 1, 1] 768
[1, 1, 1, 1] 769
[1, 1, 1, 1] 777
[1, 1, 1, 1] 796
[1, 1, 1, 1] 813
[1, 1, 1, 1] 814
[1, 1, 1, 1] 814
[1, 1, 1, 1] 825
[1, 1, 1, 1] 831
[1, 1, 1, 1] 852
[1, 1, 1, 1] 857
[1, 1, 1, 1] 857
[1, 1, 1, 1] 859
[1, 1, 1, 1] 862
[1, 1, 1, 1] 863
[1, 1, 1, 1] 871
[1, 1, 1, 1] 891
[1, 1, 1, 1] 906
[1, 1, 1, 1] 910
[1, 1, 1, 1] 915
[1, 1, 1, 1] 919
[1, 1, 1, 1] 922
[1, 1, 1, 1] 936
[1, 1, 1, 1] 940
[1, 1, 1, 1] 951
[1, 1, 1, 1] 955
[1, 1, 1, 1] 957
[1, 1, 1, 1] 958
[1, 1, 1, 1] 962
[1, 1, 1, 1] 962
[1, 1, 1, 1] 972
[1, 1, 1, 1] 987
[1, 1, 1, 1] 995
[0, 1, 1, 1] 500
[0, 1, 1, 1] 503
[0, 1, 1, 1] 505
[0, 1, 1, 1] 515
[0, 1, 1, 1] 530
[0, 1, 1, 1] 549
[0, 1, 1, 1] 556
[0, 1, 1, 1] 558
[0, 1, 1, 1] 561
[0, 1, 1, 1] 567
[0, 1, 1, 1] 575
[0, 1, 1, 1] 580
[0, 1, 1, 1] 596
[0, 1, 1, 1] 598
[0, 1, 1, 1] 617
[0, 1, 1, 1] 617
[0, 1, 1, 1] 618
[0, 1, 1, 1] 624
[0, 1, 1, 1] 624
[0, 1, 1, 1] 630
[0, 1, 1, 1] 635
[0, 1, 1, 1] 637
[0, 1, 1, 1] 638
[0, 1, 1, 1] 641
[0, 1, 1, 1] 645
[0, 1, 1, 1] 646
[0, 1, 1, 1] 657
[0, 1, 1, 1] 673
[0, 1, 1, 1] 681
[0, 1, 1, 1] 688
[0, 1, 1, 1] 690
[0, 1, 1, 1] 697
[0, 1, 1, 1] 701
[0, 1, 1, 1] 728
[0, 1, 1, 1] 729
[0, 1, 1, 1] 729
[0, 1, 1, 1] 729
[0, 1, 1, 1] 729
[0, 1, 1, 1] 738
[0, 1, 1, 1] 748
[0, 0, 1, 1] 251
[0, 0, 1, 1] 253
[0, 0, 1, 1] 257
[0, 0, 1, 1] 262
[0, 0, 1, 1] 263
[0, 0, 1, 1] 268
[0, 0, 1, 1] 268
[0, 0, 1, 1] 272
[0, 0, 1, 1] 276
[0, 0, 1, 1] 277
[0, 0, 1, 1] 290
[0, 0, 1, 1] 297
[0, 0, 1, 1] 301
[0, 0, 1, 1] 311
[0, 0, 1, 1] 312
[0, 0, 1, 1] 330
[0, 0, 1, 1] 332
[0, 0, 1, 1] 333
[0, 0, 1, 1] 339
[0, 0, 1, 1] 342
[0, 0, 1, 1] 351
[0, 0, 1, 1] 353
[0, 0, 1, 1] 366
[0, 0, 1, 1] 368
[0, 0, 1, 1] 376
[0, 0, 1, 1] 377
[0, 0, 1, 1] 380
[0, 0, 1, 1] 391
[0, 0, 1, 1] 395
[0, 0, 1, 1] 399
[0, 0, 1, 1] 405
[0, 0, 1, 1] 406
[0, 0, 1, 1] 407
[0, 0, 1, 1] 412
[0, 0, 1, 1] 422
[0, 0, 1, 1] 427
[0, 0, 1, 1] 430
[0, 0, 1, 1] 433
[0, 0, 1, 1] 448
[0, 0, 1, 1] 450
[0, 0, 1, 1] 457
[0, 0, 1, 1] 458
[0, 0, 1, 1] 460
[0, 0, 1, 1] 463
[0, 0, 1, 1] 468
[0, 0, 1, 1] 489
[0, 0, 0, 1] 3
[0, 0, 0, 1] 8
[0, 0, 0, 1] 10
[0, 0, 0, 1] 12
[0, 0, 0, 1] 19
[0, 0, 0, 1] 44
[0, 0, 0, 1] 45
[0, 0, 0, 1] 46
[0, 0, 0, 1] 63
[0, 0, 0, 1] 81
[0, 0, 0, 1] 89
[0, 0, 0, 1] 97
[0, 0, 0, 1] 100
[0, 0, 0, 1] 103
[0, 0, 0, 1] 121
[0, 0, 0, 1] 123
[0, 0, 0, 1] 131
[0, 0, 0, 1] 136
[0, 0, 0, 1] 152
[0, 0, 0, 1] 169
[0, 0, 0, 1] 170
[0, 0, 0, 1] 176
[0, 0, 0, 1] 184
[0, 0, 0, 1] 185
[0, 0, 0, 1] 190
[0, 0, 0, 1] 207
[0, 0, 0, 1] 224
[0, 0, 0, 1] 236
[0, 0, 0, 1] 242
