VARIABLES 150
NB_OBJ 4
ITEMS
[1, 1, 1, 1] 756
[1, 1, 1, 1] 757
[1, 1, 1, 1] 766
[1, 1, 1, 1] 767
[1, 1, 1, 1] 768
[1, 1, 1, 1] 785
[1, 1, 1, 1] 792
[1, 1, 1, 1] 804
[1, 1, 1, 1] 806
[1, 1, 1, 1] 824
[1, 1, 1, 1] 827
[1, 1, 1, 1] 827
[1, 1, 1, 1] 853
[1, 1, 1, 1] 865
[1, 1, 1, 1] 865
[1, 1, 1, 1] 875
[1, 1, 1, 1] 892
[1, 1, 1, 1] 911
[1, 1, 1, 1] 918
[1, 1, 1, 1] 929
[1, 1, 1, 1] 933
[1, 1, 1, 1] 933
[1, 1, 1, 1] 941
[1, 1, 1, 1] 949
[1, 1, 1, 1] 954
[1, 1, 1, 1] 955
[1, 1, 1, 1] 969
[1, 1, 1, 1] 989
[1, 1, 1, 1] 995
[1, 1, 1, 1] 998
[0, 1, 1, 1] 508
[0, 1, 1, 1] 515
[0, 1, 1, 1] 525
[0, 1, 1, 1] 527
[0, 1, 1, 1] 531
[0, 1, 1, 1] 531
[0, 1, 1, 1] 532
[0, 1, 1, 1] 540
[0, 1, 1, 1] 546
[0, 1, 1, 1] 546
[0, 1, 1, 1] 546
[0, 1, 1, 1] 553
[0, 1, 1, 1] 553
[0, 1, 1, 1] 566
[0, 1, 1, 1] 580
[0, 1, 1, 1] 595
[0, 1, 1, 1] 623
[0, 1, 1, 1] 628
[0, 1, 1, 1] 631
[0, 1, 1, 1] 633
[0, 1, 1, 1] 637
[0, 1, 1, 1] 643
[0, 1, 1, 1] 644
[0, 1, 1, 1] 645
[0, 1, 1, 1] 648
[0, 1, 1, 1] 648
[0, 1, 1, 1] 649
[0, 1, 1, 1] 649
[0, 1, 1, 1] 652
[0, 1, 1, 1] 652
[0, 1, 1, 1] 656
[0, 1, 1, 1] 660
[0, 1, 1, 1] 668
[0, 1, 1, 1] 677
[0, 1, 1, 1] 678
[0, 1, 1, 1] 679
[0, 1, 1, 1] 681
[0, 1, 1, 1] 686
[0, 1, 1, 1] 703
[0, 1, 1, 1] 706
[0, 1, 1, 1] 710
[0, 1, 1, 1] 715
[0, 1, 1, 1] 720
[0, 1, 1, 1] 732
[0, 1, 1, 1] 733
[0, 1, 1, 1] 745
[0, 1, 1, 1] 749
[0, 0, 1, 1] 254
[0, 0, 1, 1] 261
[0, 0, 1, 1] 274
[0, 0, 1, 1] 282
[0, 0, 1, 1] 299
[0, 0, 1, 1] 300
[0, 0, 1, 1] 304
[0, 0, 1, 1] 319
[0, 0, 1, 1] 321
[0, 0, 1, 1] 327
[0, 0, 1, 1] 331
[0, 0, 1, 1] 337
[0, 0, 1, 1] 349
[0, 0, 1, 1] 353
[0, 0, 1, 1] 369
[0, 0, 1, 1] 389
[0, 0, 1, 1] 390
[0, 0, 1, 1] 390
[0, 0, 1, 1] 394
[0, 0, 1, 1] 406
[0, 0, 1, 1] 409
[0, 0, 1, 1] 411
[0, 0, 1, 1] 412
[0, 0, 1, 1] 415
[0, 0, 1, 1] 424
[0, 0, 1, 1] 428
[0, 0, 1, 1] 432
[0, 0, 1, 1] 441
[0, 0, 1, 1] 459
[0, 0, 1, 1] 462
[0, 0, 1, 1] 466
[0, 0, 1, 1] 472
[0, 0, 1, 1] 476
[0, 0, 1, 1] 479
[0, 0, 1, 1] 479
[0, 0, 1, 1] 480
[0, 0, 1, 1] 484
[0, 0, 1, 1] 493
[0, 0, 1, 1] 496
[0, 0, 0, 1] 6
[0, 0, 0, 1] 7
[0, 0, 0, 1] 31
[0, 0, 0, 1] 37
[0, 0, 0, 1] 41
[0, 0, 0, 1] 50
[0, 0, 0, 1] 53
[0, 0, 0, 1] 59
[0, 0, 0, 1] 86
[0, 0, 0, 1] 87
[0, 0, 0, 1] 105
[0, 0, 0, 1] 105
[0, 0, 0, 1] 107
[0, 0, 0, 1] 115
[0, 0, 0, 1] 122
[0, 0, 0, 1] 128
[0, 0, 0, 1] 140
[0, 0, 0, 1] 143
[0, 0, 0, 1] 152
[0, 0, 0, 1] 166
[0, 0, 0, 1] 166
[0, 0, 0, 1] 167
[0, 0, 0, 1] 175
[0, 0, 0, 1] 182
[0, 0, 0, 1] 200
[0, 0, 0, 1] 205
[0, 0, 0, 1] 216
[0, 0, 0, 1] 222
[0, 0, 0, 1] 224
[0, 0, 0, 1] 226
[0, 0, 0, 1] 228
[0, 0, 0, 1] 232
[0, 0, 0, 1] 241
[0, 0, 0, 1] 246
