VARIABLES 150
NB_OBJ 4
ITEMS
[1, 1, 1, 1] 771
[1, 1, 1, 1] 781
[1, 1, 1, 1] 784
[1, 1, 1, 1] 790
[1, 1, 1, 1] 805
[1, 1, 1, 1] 813
[1, 1, 1, 1] 819
[1, 1, 1, 1] 823
[1, 1, 1, 1] 831
[1, 1, 1, 1] 832
[1, 1, 1, 1] 836
[1, 1, 1, 1] 861
[1, 1, 1, 1] 869
[1, 1, 1, 1] 875
[1, 1, 1, 1] 880
[1, 1, 1, 1] 888
[1, 1, 1, 1] 894
[1, 1, 1, 1] 902
[1, 1, 1, 1] 904
[1, 1, 1, 1] 908
[1, 1, 1, 1] 913
[1, 1, 1, 1] 925
[1, 1, 1, 1] 926
[1, 1, 1, 1] 927
[1, 1, 1, 1] 932
[1, 1, 1, 1] 933
[1, 1, 1, 1] 936
[1, 1, 1, 1] 946
[1, 1, 1, 1] 964
[1, 1, 1, 1] 965
[1, 1, 1, 1] 969
[1, 1, 1, 1] 983
[1, 1, 1, 1] 989
[0, 1, 1, 1] 504
[0, 1, 1, 1] 519
[0, 1, 1, 1] 526
[0, 1, 1, 1] 532
[0, 1, 1, 1] 536
[0, 1, 1, 1] 540
[0, 1, 1, 1] 541
[0, 1, 1, 1] 546
[0, 1, 1, 1] 552
[0, 1, 1, 1] 561
[0, 1, 1, 1] 563
[0, 1, 1, 1] 572
[0, 1, 1, 1] 608
[0, 1, 1, 1] 614
[0, 1, 1, 1] 622
[0, 1, 1, 1] 637
[0, 1, 1, 1] 658
[0, 1, 1, 1] 664
[0, 1, 1, 1] 673
[0, 1, 1, 1] 678
[0, 1, 1, 1] 680
[0, 1, 1, 1] 684
[0, 1, 1, 1] 689
[0, 1, 1, 1] 703
[0, 1, 1, 1] 708
[0, 1, 1, 1] 709
[0, 1, 1, 1] 718
[0, 1, 1, 1] 725
[0, 1, 1, 1] 729
[0, 1, 1, 1] 737
[0, 1, 1, 1] 745
[0, 1, 1, 1] 746
[0, 0, 1, 1] 260
[0, 0, 1, 1] 260
[0, 0, 1, 1] 261
[0, 0, 1, 1] 281
[0, 0, 1, 1] 282
[0, 0, 1, 1] 286
[0, 0, 1, 1] 288
[0, 0, 1, 1] 292
[0, 0, 1, 1] 294
[0, 0, 1, 1] 296
[0, 0, 1, 1] 300
[0, 0, 1, 1] 303
[0, 0, 1, 1] 303
[0, 0, 1, 1] 313
[0, 0, 1, 1] 318
[0, 0, 1, 1] 333
[0, 0, 1, 1] 338
[0, 0, 1, 1] 345
[0, 0, 1, 1] 348
[0, 0, 1, 1] 356
[0, 0, 1, 1] 372
[0, 0, 1, 1] 383
[0, 0, 1, 1] 391
[0, 0, 1, 1] 405
[0, 0, 1, 1] 408
[0, 0, 1, 1] 409
[0, 0, 1, 1] 412
[0, 0, 1, 1] 422
[0, 0, 1, 1] 423
[0, 0, 1, 1] 425
[0, 0, 1, 1] 433
[0, 0, 1, 1] 434
[0, 0, 1, 1] 441
[0, 0, 1, 1] 445
[0, 0, 1, 1] 448
[0, 0, 1, 1] 455
[0, 0, 1, 1] 462
[0, 0, 1, 1] 467
[0, 0, 1, 1] 470
[0, 0, 1, 1] 477
[0, 0, 1, 1] 496
[0, 0, 1, 1] 499
[0, 0, 0, 1] 1
[0, 0, 0, 1] 3
[0, 0, 0, 1] 8
[0, 0, 0, 1] 12
[0, 0, 0, 1] 21
[0, 0, 0, 1] 32
[0, 0, 0, 1] 41
[0, 0, 0, 1] 41
[0, 0, 0, 1] 44
[0, 0, 0, 1] 45
[0, 0, 0, 1] 46
[0, 0, 0, 1] 54
[0, 0, 0, 1] 61
[0, 0, 0, 1] 63
[0, 0, 0, 1] 66
[0, 0, 0, 1] 67
[0, 0, 0, 1] 78
[0, 0, 0, 1] 79
[0, 0, 0, 1] 79
[0, 0, 0, 1] 84
[0, 0, 0, 1] 112
[0, 0, 0, 1] 122
[0, 0, 0, 1] 128
[0, 0, 0, 1] 129
[0, 0, 0, 1] 134
[0, 0, 0, 1] 146
[0, 0, 0, 1] 148
[0, 0, 0, 1] 151
[0, 0, 0, 1] 152
[0, 0, 0, 1] 158
[0, 0, 0, 1] 158
[0, 0, 0, 1] 180
[0, 0, 0, 1] 180
[0, 0, 0, 1] 186
[0, 0, 0, 1] 195
[0, 0, 0, 1] 195
[0, 0, 0, 1] 203
[0, 0, 0, 1] 205
[0, 0, 0, 1] 207
[0, 0, 0, 1] 213
[0, 0, 0, 1] 213
[0, 0, 0, 1] 215
[0, 0, 0, 1] 220
