VARIABLES 150
NB_OBJ 4
ITEMS
[1, 1, 1, 1] 754
[1, 1, 1, 1] 762
[1, 1, 1, 1] 770
[1, 1, 1, 1] 782
[1, 1, 1, 1] 795
[1, 1, 1, 1] 801
[1, 1, 1, 1] 803
[1, 1, 1, 1] 804
[1, 1, 1, 1] 804
[1, 1, 1, 1] 810
[1, 1, 1, 1] 811
[1, 1, 1, 1] 828
[1, 1, 1, 1] 842
[1, 1, 1, 1] 842
[1, 1, 1, 1] 850
[1, 1, 1, 1] 856
[1, 1, 1, 1] 865
[1, 1, 1, 1] 867
[1, 1, 1, 1] 885
[1, 1, 1, 1] 888
[1, 1, 1, 1] 891
[1, 1, 1, 1] 906
[1, 1, 1, 1] 926
[1, 1, 1, 1] 943
[1, 1, 1, 1] 967
[1, 1, 1, 1] 968
[1, 1, 1, 1] 972
[1, 1, 1, 1] 976
[1, 1, 1, 1] 980
[1, 1, 1, 1] 984
[1, 1, 1, 1] 998
[1, 1, 1, 1] 1000
[0, 1, 1, 1] 502
[0, 1, 1, 1] 503
[0, 1, 1, 1] 505
[0, 1, 1, 1] 510
[0, 1, 1, 1] 536
[0, 1, 1, 1] 538
[0, 1, 1, 1] 543
[0, 1, 1, 1] 569
[0, 1, 1, 1] 572
[0, 1, 1, 1] 572
[0, 1, 1, 1] 576
[0, 1, 1, 1] 599
[0, 1, 1, 1] 605
[0, 1, 1, 1] 610
[0, 1, 1, 1] 648
[0, 1, 1, 1] 651
[0, 1, 1, 1] 653
[0, 1, 1, 1] 661
[0, 1, 1, 1] 661
[0, 1, 1, 1] 665
[0, 1, 1, 1] 690
[0, 1, 1, 1] 691
[0, 1, 1, 1] 692
[0, 1, 1, 1] 695
[0, 1, 1, 1] 702
[0, 1, 1, 1] 706
[0, 1, 1, 1] 712
[0, 1, 1, 1] 712
[0, 1, 1, 1] 715
[0, 1, 1, 1] 717
[0, 1, 1, 1] 720
[0, 1, 1, 1] 736
[0, 1, 1, 1] 740
[0, 1, 1, 1] 741
[0, 1, 1, 1] 745
[0, 1, 1, 1] 745
[0, 0, 1, 1] 251
[0, 0, 1, 1] 252
[0, 0, 1, 1] 255
[0, 0, 1, 1] 272
[0, 0, 1, 1] 291
[0, 0, 1, 1] 294
[0, 0, 1, 1] 297
[0, 0, 1, 1] 298
[0, 0, 1, 1] 317
[0, 0, 1, 1] 318
[0, 0, 1, 1] 326
[0, 0, 1, 1] 326
[0, 0, 1, 1] 329
[0, 0, 1, 1] 343
[0, 0, 1, 1] 352
[0, 0, 1, 1] 356
[0, 0, 1, 1] 358
[0, 0, 1, 1] 371
[0, 0, 1, 1] 384
[0, 0, 1, 1] 390
[0, 0, 1, 1] 391
[0, 0, 1, 1] 395
[0, 0, 1, 1] 399
[0, 0, 1, 1] 402
[0, 0, 1, 1] 408
[0, 0, 1, 1] 417
[0, 0, 1, 1] 427
[0, 0, 1, 1] 434
[0, 0, 1, 1] 438
[0, 0, 1, 1] 438
[0, 0, 1, 1] 443
[0, 0, 1, 1] 444
[0, 0, 1, 1] 455
[0, 0, 1, 1] 460
[0, 0, 1, 1] 465
[0, 0, 1, 1] 479
[0, 0, 1, 1] 485
[0, 0, 1, 1] 485
[0, 0, 1, 1] 491
[0, 0, 1, 1] 494
[0, 0, 1, 1] 497
[0, 0, 0, 1] 14
[0, 0, 0, 1] 26
[0, 0, 0, 1] 39
[0, 0, 0, 1] 39
[0, 0, 0, 1] 55
[0, 0, 0, 1] 61
[0, 0, 0, 1] 75
[0, 0, 0, 1] 77
[0, 0, 0, 1] 98
[0, 0, 0, 1] 100
[0, 0, 0, 1] 108
[0, 0, 0, 1] 112
[0, 0, 0, 1] 130
[0, 0, 0, 1] 138
[0, 0, 0, 1] 139
[0, 0, 0, 1] 144
[0, 0, 0, 1] 144
[0, 0, 0, 1] 157
[0, 0, 0, 1] 158
[0, 0, 0, 1] 168
[0, 0, 0, 1] 174
[0, 0, 0, 1] 178
[0, 0, 0, 1] 180
[0, 0, 0, 1] 182
[0, 0, 0, 1] 184
[0, 0, 0, 1] 184
[0, 0, 0, 1] 185
[0, 0, 0, 1] 192
[0, 0, 0, 1] 199
[0, 0, 0, 1] 203
[0, 0, 0, 1] 203
[0, 0, 0, 1] 204
[0, 0, 0, 1] 204
[0, 0, 0, 1] 204
[0, 0, 0, 1] 207
[0, 0, 0, 1] 222
[0, 0, 0, 1] 222
[0, 0, 0, 1] 236
[0, 0, 0, 1] 243
[0, 0, 0, 1] 244
[0, 0, 0, 1] 249
