VARIABLES 150
NB_OBJ 4
ITEMS
[1, 1, 1, 1] 752
[1, 1, 1, 1] 752
[1, 1, 1, 1] 753
[1, 1, 1, 1] 758
[1, 1, 1, 1] 759
[1, 1, 1, 1] 761
[1, 1, 1, 1] 766
[1, 1, 1, 1] 770
[1, 1, 1, 1] 770
[1, 1, 1, 1] 772
[1, 1, 1, 1] 787
[1, 1, 1, 1] 789
[1, 1, 1, 1] 797
[1, 1, 1, 1] 799
[1, 1, 1, 1] 809
[1, 1, 1, 1] 812
[1, 1, 1, 1] 817
[1, 1, 1, 1] 826
[1, 1, 1, 1] 828
[1, 1, 1, 1] 837
[1, 1, 1, 1] 855
[1, 1, 1, 1] 878
[1, 1, 1, 1] 888
[1, 1, 1, 1] 919
[1, 1, 1, 1] 923
[1, 1, 1, 1] 924
[1, 1, 1, 1] 926
[1, 1, 1, 1] 928
[1, 1, 1, 1] 945
[1, 1, 1, 1] 945
[1, 1, 1, 1] 952
[1, 1, 1, 1] 957
[1, 1, 1, 1] 961
[1, 1, 1, 1] 989
[1, 1, 1, 1] 997
[1, 1, 1, 1] 999
[0, 1, 1, 1] 503
[0, 1, 1, 1] 510
[0, 1, 1, 1] 516
[0, 1, 1, 1] 526
[0, 1, 1, 1] 526
[0, 1, 1, 1] 527
[0, 1, 1, 1] 530
[0, 1, 1, 1] 538
[0, 1, 1, 1] 538
[0, 1, 1, 1] 540
[0, 1, 1, 1] 552
[0, 1, 1, 1] 556
[0, 1, 1, 1] 567
[0, 1, 1, 1] 571
[0, 1, 1, 1] 577
[0, 1, 1, 1] 588
[0, 1, 1, 1] 589
[0, 1, 1, 1] 590
[0, 1, 1, 1] 621
[0, 1, 1, 1] 621
[0, 1, 1, 1] 625
[0, 1, 1, 1] 631
[0, 1, 1, 1] 632
[0, 1, 1, 1] 636
[0, 1, 1, 1] 643
[0, 1, 1, 1] 646
[0, 1, 1, 1] 653
[0, 1, 1, 1] 653
[0, 1, 1, 1] 657
[0, 1, 1, 1] 660
[0, 1, 1, 1] 666
[0, 1, 1, 1] 667
[0, 1, 1, 1] 670
[0, 1, 1, 1] 677
[0, 1, 1, 1] 685
[0, 1, 1, 1] 686
[0, 1, 1, 1] 687
[0, 1, 1, 1] 692
[0, 1, 1, 1] 705
[0, 1, 1, 1] 707
[0, 1, 1, 1] 725
[0, 1, 1, 1] 726
[0, 1, 1, 1] 727
[0, 1, 1, 1] 728
[0, 1, 1, 1] 730
[0, 1, 1, 1] 744
[0, 1, 1, 1] 745
[0, 1, 1, 1] 746
[0, 1, 1, 1] 749
[0, 0, 1, 1] 274
[0, 0, 1, 1] 279
[0, 0, 1, 1] 280
[0, 0, 1, 1] 305
[0, 0, 1, 1] 312
[0, 0, 1, 1] 313
[0, 0, 1, 1] 316
[0, 0, 1, 1] 319
[0, 0, 1, 1] 325
[0, 0, 1, 1] 361
[0, 0, 1, 1] 362
[0, 0, 1, 1] 367
[0, 0, 1, 1] 369
[0, 0, 1, 1] 374
[0, 0, 1, 1] 376
[0, 0, 1, 1] 381
[0, 0, 1, 1] 386
[0, 0, 1, 1] 395
[0, 0, 1, 1] 405
[0, 0, 1, 1] 405
[0, 0, 1, 1] 407
[0, 0, 1, 1] 424
[0, 0, 1, 1] 429
[0, 0, 1, 1] 435
[0, 0, 1, 1] 439
[0, 0, 1, 1] 441
[0, 0, 1, 1] 478
[0, 0, 1, 1] 478
[0, 0, 1, 1] 481
[0, 0, 1, 1] 484
[0, 0, 1, 1] 488
[0, 0, 1, 1] 490
[0, 0, 1, 1] 491
[0, 0, 1, 1] 495
[0, 0, 0, 1] 5
[0, 0, 0, 1] 17
[0, 0, 0, 1] 20
[0, 0, 0, 1] 29
[0, 0, 0, 1] 32
[0, 0, 0, 1] 46
[0, 0, 0, 1] 46
[0, 0, 0, 1] 59
[0, 0, 0, 1] 79
[0, 0, 0, 1] 86
[0, 0, 0, 1] 97
[0, 0, 0, 1] 98
[0, 0, 0, 1] 107
[0, 0, 0, 1] 110
[0, 0, 0, 1] 115
[0, 0, 0, 1] 118
[0, 0, 0, 1] 137
[0, 0, 0, 1] 151
[0, 0, 0, 1] 154
[0, 0, 0, 1] 171
[0, 0, 0, 1] 176
[0, 0, 0, 1] 178
[0, 0, 0, 1] 191
[0, 0, 0, 1] 213
[0, 0, 0, 1] 222
[0, 0, 0, 1] 234
[0, 0, 0, 1] 238
[0, 0, 0, 1] 245
[0, 0, 0, 1] 247
[0, 0, 0, 1] 248
[0, 0, 0, 1] 249
