VARIABLES 150
NB_OBJ 4
ITEMS
[1, 1, 1, 1] 760
[1, 1, 1, 1] 761
[1, 1, 1, 1] 763
[1, 1, 1, 1] 772
[1, 1, 1, 1] 783
[1, 1, 1, 1] 785
[1, 1, 1, 1] 806
[1, 1, 1, 1] 806
[1, 1, 1, 1] 813
[1, 1, 1, 1] 816
[1, 1, 1, 1] 816
[1, 1, 1, 1] 821
[1, 1, 1, 1] 824
[1, 1, 1, 1] 839
[1, 1, 1, 1] 842
[1, 1, 1, 1] 844
[1, 1, 1, 1] 844
[1, 1, 1, 1] 845
[1, 1, 1, 1] 849
[1, 1, 1, 1] 861
[1, 1, 1, 1] 861
[1, 1, 1, 1] 864
[1, 1, 1, 1] 875
[1, 1, 1, 1] 883
[1, 1, 1, 1] 893
[1, 1, 1, 1] 900
[1, 1, 1, 1] 902
[1, 1, 1, 1] 908
[1, 1, 1, 1] 913
[1, 1, 1, 1] 923
[1, 1, 1, 1] 925
[1, 1, 1, 1] 935
[1, 1, 1, 1] 938
[1, 1, 1, 1] 947
[1, 1, 1, 1] 948
[1, 1, 1, 1] 953
[1, 1, 1, 1] 981
[1, 1, 1, 1] 997
[0, 1, 1, 1] 500
[0, 1, 1, 1] 502
[0, 1, 1, 1] 504
[0, 1, 1, 1] 508
[0, 1, 1, 1] 514
[0, 1, 1, 1] 524
[0, 1, 1, 1] 529
[0, 1, 1, 1] 530
[0, 1, 1, 1] 534
[0, 1, 1, 1] 539
[0, 1, 1, 1] 547
[0, 1, 1, 1] 549
[0, 1, 1, 1] 569
[0, 1, 1, 1] 577
[0, 1, 1, 1] 579
[0, 1, 1, 1] 586
[0, 1, 1, 1] 590
[0, 1, 1, 1] 596
[0, 1, 1, 1] 598
[0, 1, 1, 1] 599
[0, 1, 1, 1] 600
[0, 1, 1, 1] 615
[0, 1, 1, 1] 619
[0, 1, 1, 1] 620
[0, 1, 1, 1] 627
[0, 1, 1, 1] 631
[0, 1, 1, 1] 674
[0, 1, 1, 1] 687
[0, 1, 1, 1] 688
[0, 1, 1, 1] 692
[0, 1, 1, 1] 693
[0, 1, 1, 1] 693
[0, 1, 1, 1] 705
[0, 1, 1, 1] 706
[0, 1, 1, 1] 710
[0, 1, 1, 1] 713
[0, 1, 1, 1] 719
[0, 1, 1, 1] 728
[0, 1, 1, 1] 733
[0, 1, 1, 1] 745
[0, 1, 1, 1] 746
[0, 1, 1, 1] 748
[0, 0, 1, 1] 260
[0, 0, 1, 1] 262
[0, 0, 1, 1] 262
[0, 0, 1, 1] 265
[0, 0, 1, 1] 267
[0, 0, 1, 1] 284
[0, 0, 1, 1] 288
[0, 0, 1, 1] 299
[0, 0, 1, 1] 308
[0, 0, 1, 1] 314
[0, 0, 1, 1] 314
[0, 0, 1, 1] 315
[0, 0, 1, 1] 319
[0, 0, 1, 1] 327
[0, 0, 1, 1] 357
[0, 0, 1, 1] 362
[0, 0, 1, 1] 383
[0, 0, 1, 1] 392
[0, 0, 1, 1] 401
[0, 0, 1, 1] 403
[0, 0, 1, 1] 406
[0, 0, 1, 1] 409
[0, 0, 1, 1] 411
[0, 0, 1, 1] 421
[0, 0, 1, 1] 429
[0, 0, 1, 1] 430
[0, 0, 1, 1] 438
[0, 0, 1, 1] 447
[0, 0, 1, 1] 450
[0, 0, 1, 1] 457
[0, 0, 1, 1] 469
[0, 0, 1, 1] 471
[0, 0, 1, 1] 481
[0, 0, 1, 1] 491
[0, 0, 1, 1] 492
[0, 0, 1, 1] 494
[0, 0, 0, 1] 7
[0, 0, 0, 1] 14
[0, 0, 0, 1] 23
[0, 0, 0, 1] 32
[0, 0, 0, 1] 48
[0, 0, 0, 1] 56
[0, 0, 0, 1] 57
[0, 0, 0, 1] 63
[0, 0, 0, 1] 64
[0, 0, 0, 1] 73
[0, 0, 0, 1] 108
[0, 0, 0, 1] 128
[0, 0, 0, 1] 132
[0, 0, 0, 1] 142
[0, 0, 0, 1] 157
[0, 0, 0, 1] 167
[0, 0, 0, 1] 168
[0, 0, 0, 1] 174
[0, 0, 0, 1] 182
[0, 0, 0, 1] 185
[0, 0, 0, 1] 193
[0, 0, 0, 1] 197
[0, 0, 0, 1] 205
[0, 0, 0, 1] 207
[0, 0, 0, 1] 207
[0, 0, 0, 1] 208
[0, 0, 0, 1] 210
[0, 0, 0, 1] 212
[0, 0, 0, 1] 215
[0, 0, 0, 1] 217
[0, 0, 0, 1] 223
[0, 0, 0, 1] 226
[0, 0, 0, 1] 243
[0, 0, 0, 1] 244
