VARIABLES 150
NB_OBJ 4
ITEMS
[1, 1, 1, 1] 755
[1, 1, 1, 1] 762
[1, 1, 1, 1] 762
[1, 1, 1, 1] 765
[1, 1, 1, 1] 767
[1, 1, 1, 1] 773
[1, 1, 1, 1] 782
[1, 1, 1, 1] 785
[1, 1, 1, 1] 797
[1, 1, 1, 1] 805
[1, 1, 1, 1] 813
[1, 1, 1, 1] 823
[1, 1, 1, 1] 831
[1, 1, 1, 1] 835
[1, 1, 1, 1] 841
[1, 1, 1, 1] 842
[1, 1, 1, 1] 843
[1, 1, 1, 1] 854
[1, 1, 1, 1] 855
[1, 1, 1, 1] 870
[1, 1, 1, 1] 880
[1, 1, 1, 1] 883
[1, 1, 1, 1] 906
[1, 1, 1, 1] 906
[1, 1, 1, 1] 927
[1, 1, 1, 1] 939
[1, 1, 1, 1] 953
[1, 1, 1, 1] 963
[1, 1, 1, 1] 972
[1, 1, 1, 1] 981
[1, 1, 1, 1] 986
[1, 1, 1, 1] 997
[1, 1, 1, 1] 998
[0, 1, 1, 1] 510
[0, 1, 1, 1] 513
[0, 1, 1, 1] 516
[0, 1, 1, 1] 516
[0, 1, 1, 1] 529
[0, 1, 1, 1] 541
[0, 1, 1, 1] 546
[0, 1, 1, 1] 547
[0, 1, 1, 1] 548
[0, 1, 1, 1] 558
[0, 1, 1, 1] 567
[0, 1, 1, 1] 567
[0, 1, 1, 1] 571
[0, 1, 1, 1] 578
[0, 1, 1, 1] 593
[0, 1, 1, 1] 596
[0, 1, 1, 1] 601
[0, 1, 1, 1] 627
[0, 1, 1, 1] 629
[0, 1, 1, 1] 636
[0, 1, 1, 1] 637
[0, 1, 1, 1] 647
[0, 1, 1, 1] 650
[0, 1, 1, 1] 651
[0, 1, 1, 1] 670
[0, 1, 1, 1] 675
[0, 1, 1, 1] 681
[0, 1, 1, 1] 704
[0, 1, 1, 1] 710
[0, 1, 1, 1] 719
[0, 1, 1, 1] 725
[0, 1, 1, 1] 730
[0, 1, 1, 1] 733
[0, 1, 1, 1] 736
[0, 0, 1, 1] 250
[0, 0, 1, 1] 257
[0, 0, 1, 1] 259
[0, 0, 1, 1] 272
[0, 0, 1, 1] 276
[0, 0, 1, 1] 276
[0, 0, 1, 1] 279
[0, 0, 1, 1] 309
[0, 0, 1, 1] 320
[0, 0, 1, 1] 324
[0, 0, 1, 1] 329
[0, 0, 1, 1] 335
[0, 0, 1, 1] 340
[0, 0, 1, 1] 351
[0, 0, 1, 1] 353
[0, 0, 1, 1] 353
[0, 0, 1, 1] 355
[0, 0, 1, 1] 355
[0, 0, 1, 1] 358
[0, 0, 1, 1] 362
[0, 0, 1, 1] 367
[0, 0, 1, 1] 369
[0, 0, 1, 1] 375
[0, 0, 1, 1] 386
[0, 0, 1, 1] 392
[0, 0, 1, 1] 397
[0, 0, 1, 1] 399
[0, 0, 1, 1] 399
[0, 0, 1, 1] 401
[0, 0, 1, 1] 403
[0, 0, 1, 1] 417
[0, 0, 1, 1] 419
[0, 0, 1, 1] 431
[0, 0, 1, 1] 436
[0, 0, 1, 1] 450
[0, 0, 1, 1] 456
[0, 0, 1, 1] 457
[0, 0, 1, 1] 467
[0, 0, 1, 1] 472
[0, 0, 1, 1] 479
[0, 0, 1, 1] 479
[0, 0, 1, 1] 487
[0, 0, 0, 1] 5
[0, 0, 0, 1] 5
[0, 0, 0, 1] 6
[0, 0, 0, 1] 37
[0, 0, 0, 1] 40
[0, 0, 0, 1] 49
[0, 0, 0, 1] 54
[0, 0, 0, 1] 64
[0, 0, 0, 1] 75
[0, 0, 0, 1] 79
[0, 0, 0, 1] 96
[0, 0, 0, 1] 98
[0, 0, 0, 1] 99
[0, 0, 0, 1] 99
[0, 0, 0, 1] 103
[0, 0, 0, 1] 103
[0, 0, 0, 1] 106
[0, 0, 0, 1] 128
[0, 0, 0, 1] 132
[0, 0, 0, 1] 142
[0, 0, 0, 1] 147
[0, 0, 0, 1] 149
[0, 0, 0, 1] 152
[0, 0, 0, 1] 157
[0, 0, 0, 1] 159
[0, 0, 0, 1] 160
[0, 0, 0, 1] 166
[0, 0, 0, 1] 179
[0, 0, 0, 1] 189
[0, 0, 0, 1] 191
[0, 0, 0, 1] 191
[0, 0, 0, 1] 215
[0, 0, 0, 1] 218
[0, 0, 0, 1] 223
[0, 0, 0, 1] 229
[0, 0, 0, 1] 230
[0, 0, 0, 1] 230
[0, 0, 0, 1] 235
[0, 0, 0, 1] 237
[0, 0, 0, 1] 239
[0, 0, 0, 1] 239
