VARIABLES 150
NB_OBJ 4
ITEMS
[1, 1, 1, 1] 751
[1, 1, 1, 1] 752
[1, 1, 1, 1] 754
[1, 1, 1, 1] 772
[1, 1, 1, 1] 776
[1, 1, 1, 1] 777
[1, 1, 1, 1] 790
[1, 1, 1, 1] 806
[1, 1, 1, 1] 822
[1, 1, 1, 1] 827
[1, 1, 1, 1] 829
[1, 1, 1, 1] 833
[1, 1, 1, 1] 837
[1, 1, 1, 1] 850
[1, 1, 1, 1] 855
[1, 1, 1, 1] 856
[1, 1, 1, 1] 858
[1, 1, 1, 1] 861
[1, 1, 1, 1] 864
[1, 1, 1, 1] 868
[1, 1, 1, 1] 870
[1, 1, 1, 1] 877
[1, 1, 1, 1] 896
[1, 1, 1, 1] 900
[1, 1, 1, 1] 905
[1, 1, 1, 1] 909
[1, 1, 1, 1] 924
[1, 1, 1, 1] 954
[1, 1, 1, 1] 956
[1, 1, 1, 1] 958
[1, 1, 1, 1] 962
[1, 1, 1, 1] 964
[1, 1, 1, 1] 965
[1, 1, 1, 1] 968
[1, 1, 1, 1] 971
[1, 1, 1, 1] 991
[1, 1, 1, 1] 1000
[0, 1, 1, 1] 507
[0, 1, 1, 1] 508
[0, 1, 1, 1] 527
[0, 1, 1, 1] 529
[0, 1, 1, 1] 535
[0, 1, 1, 1] 538
[0, 1, 1, 1] 549
[0, 1, 1, 1] 549
[0, 1, 1, 1] 552
[0, 1, 1, 1] 555
[0, 1, 1, 1] 559
[0, 1, 1, 1] 578
[0, 1, 1, 1] 582
[0, 1, 1, 1] 601
[0, 1, 1, 1] 618
[0, 1, 1, 1] 619
[0, 1, 1, 1] 620
[0, 1, 1, 1] 620
[0, 1, 1, 1] 626
[0, 1, 1, 1] 628
[0, 1, 1, 1] 634
[0, 1, 1, 1] 638
[0, 1, 1, 1] 651
[0, 1, 1, 1] 686
[0, 1, 1, 1] 687
[0, 1, 1, 1] 694
[0, 1, 1, 1] 695
[0, 1, 1, 1] 700
[0, 1, 1, 1] 703
[0, 1, 1, 1] 704
[0, 1, 1, 1] 712
[0, 1, 1, 1] 728
[0, 1, 1, 1] 732
[0, 1, 1, 1] 733
[0, 1, 1, 1] 737
[0, 0, 1, 1] 263
[0, 0, 1, 1] 263
[0, 0, 1, 1] 265
[0, 0, 1, 1] 266
[0, 0, 1, 1] 267
[0, 0, 1, 1] 269
[0, 0, 1, 1] 275
[0, 0, 1, 1] 275
[0, 0, 1, 1] 287
[0, 0, 1, 1] 292
[0, 0, 1, 1] 293
[0, 0, 1, 1] 296
[0, 0, 1, 1] 308
[0, 0, 1, 1] 310
[0, 0, 1, 1] 310
[0, 0, 1, 1] 311
[0, 0, 1, 1] 316
[0, 0, 1, 1] 319
[0, 0, 1, 1] 322
[0, 0, 1, 1] 327
[0, 0, 1, 1] 349
[0, 0, 1, 1] 350
[0, 0, 1, 1] 358
[0, 0, 1, 1] 360
[0, 0, 1, 1] 362
[0, 0, 1, 1] 374
[0, 0, 1, 1] 377
[0, 0, 1, 1] 390
[0, 0, 1, 1] 390
[0, 0, 1, 1] 391
[0, 0, 1, 1] 401
[0, 0, 1, 1] 403
[0, 0, 1, 1] 405
[0, 0, 1, 1] 408
[0, 0, 1, 1] 421
[0, 0, 1, 1] 427
[0, 0, 1, 1] 429
[0, 0, 1, 1] 440
[0, 0, 1, 1] 448
[0, 0, 1, 1] 474
[0, 0, 1, 1] 483
[0, 0, 1, 1] 483
[0, 0, 1, 1] 484
[0, 0, 1, 1] 486
[0, 0, 0, 1] 1
[0, 0, 0, 1] 6
[0, 0, 0, 1] 21
[0, 0, 0, 1] 40
[0, 0, 0, 1] 56
[0, 0, 0, 1] 72
[0, 0, 0, 1] 90
[0, 0, 0, 1] 104
[0, 0, 0, 1] 106
[0, 0, 0, 1] 113
[0, 0, 0, 1] 122
[0, 0, 0, 1] 126
[0, 0, 0, 1] 130
[0, 0, 0, 1] 130
[0, 0, 0, 1] 146
[0, 0, 0, 1] 153
[0, 0, 0, 1] 160
[0, 0, 0, 1] 161
[0, 0, 0, 1] 168
[0, 0, 0, 1] 168
[0, 0, 0, 1] 191
[0, 0, 0, 1] 196
[0, 0, 0, 1] 200
[0, 0, 0, 1] 201
[0, 0, 0, 1] 203
[0, 0, 0, 1] 206
[0, 0, 0, 1] 209
[0, 0, 0, 1] 234
[0, 0, 0, 1] 235
[0, 0, 0, 1] 238
[0, 0, 0, 1] 242
[0, 0, 0, 1] 243
[0, 0, 0, 1] 243
[0, 0, 0, 1] 249
