VARIABLES 150
NB_OBJ 4
ITEMS
[1, 1, 1, 1] 751
[1, 1, 1, 1] 753
[1, 1, 1, 1] 757
[1, 1, 1, 1] 757
[1, 1, 1, 1] 760
[1, 1, 1, 1] 761
[1, 1, 1, 1] 763
[1, 1, 1, 1] 779
[1, 1, 1, 1] 787
[1, 1, 1, 1] 789
[1, 1, 1, 1] 797
[1, 1, 1, 1] 809
[1, 1, 1, 1] 815
[1, 1, 1, 1] 820
[1, 1, 1, 1] 826
[1, 1, 1, 1] 835
[1, 1, 1, 1] 838
[1, 1, 1, 1] 851
[1, 1, 1, 1] 851
[1, 1, 1, 1] 860
[1, 1, 1, 1] 862
[1, 1, 1, 1] 864
[1, 1, 1, 1] 871
[1, 1, 1, 1] 879
[1, 1, 1, 1] 886
[1, 1, 1, 1] 890
[1, 1, 1, 1] 895
[1, 1, 1, 1] 904
[1, 1, 1, 1] 907
[1, 1, 1, 1] 911
[1, 1, 1, 1] 923
[1, 1, 1, 1] 927
[1, 1, 1, 1] 934
[1, 1, 1, 1] 937
[1, 1, 1, 1] 938
[1, 1, 1, 1] 940
[1, 1, 1, 1] 971
[1, 1, 1, 1] 974
[1, 1, 1, 1] 988
[1, 1, 1, 1] 990
[1, 1, 1, 1] 993
[1, 1, 1, 1] 997
[0, 1, 1, 1] 502
[0, 1, 1, 1] 505
[0, 1, 1, 1] 523
[0, 1, 1, 1] 555
[0, 1, 1, 1] 557
[0, 1, 1, 1] 561
[0, 1, 1, 1] 572
[0, 1, 1, 1] 575
[0, 1, 1, 1] 583
[0, 1, 1, 1] 594
[0, 1, 1, 1] 597
[0, 1, 1, 1] 606
[0, 1, 1, 1] 612
[0, 1, 1, 1] 620
[0, 1, 1, 1] 621
[0, 1, 1, 1] 623
[0, 1, 1, 1] 634
[0, 1, 1, 1] 642
[0, 1, 1, 1] 645
[0, 1, 1, 1] 646
[0, 1, 1, 1] 649
[0, 1, 1, 1] 653
[0, 1, 1, 1] 655
[0, 1, 1, 1] 665
[0, 1, 1, 1] 666
[0, 1, 1, 1] 675
[0, 1, 1, 1] 701
[0, 1, 1, 1] 702
[0, 1, 1, 1] 704
[0, 1, 1, 1] 705
[0, 1, 1, 1] 705
[0, 1, 1, 1] 707
[0, 1, 1, 1] 717
[0, 1, 1, 1] 727
[0, 1, 1, 1] 733
[0, 1, 1, 1] 737
[0, 1, 1, 1] 739
[0, 1, 1, 1] 741
[0, 1, 1, 1] 744
[0, 0, 1, 1] 253
[0, 0, 1, 1] 254
[0, 0, 1, 1] 262
[0, 0, 1, 1] 267
[0, 0, 1, 1] 281
[0, 0, 1, 1] 289
[0, 0, 1, 1] 289
[0, 0, 1, 1] 297
[0, 0, 1, 1] 310
[0, 0, 1, 1] 347
[0, 0, 1, 1] 358
[0, 0, 1, 1] 364
[0, 0, 1, 1] 365
[0, 0, 1, 1] 377
[0, 0, 1, 1] 381
[0, 0, 1, 1] 393
[0, 0, 1, 1] 410
[0, 0, 1, 1] 411
[0, 0, 1, 1] 421
[0, 0, 1, 1] 424
[0, 0, 1, 1] 431
[0, 0, 1, 1] 438
[0, 0, 1, 1] 441
[0, 0, 1, 1] 463
[0, 0, 1, 1] 470
[0, 0, 1, 1] 480
[0, 0, 1, 1] 483
[0, 0, 1, 1] 485
[0, 0, 0, 1] 2
[0, 0, 0, 1] 4
[0, 0, 0, 1] 5
[0, 0, 0, 1] 28
[0, 0, 0, 1] 30
[0, 0, 0, 1] 31
[0, 0, 0, 1] 37
[0, 0, 0, 1] 49
[0, 0, 0, 1] 53
[0, 0, 0, 1] 59
[0, 0, 0, 1] 73
[0, 0, 0, 1] 77
[0, 0, 0, 1] 78
[0, 0, 0, 1] 85
[0, 0, 0, 1] 86
[0, 0, 0, 1] 91
[0, 0, 0, 1] 98
[0, 0, 0, 1] 101
[0, 0, 0, 1] 101
[0, 0, 0, 1] 108
[0, 0, 0, 1] 111
[0, 0, 0, 1] 111
[0, 0, 0, 1] 112
[0, 0, 0, 1] 114
[0, 0, 0, 1] 120
[0, 0, 0, 1] 126
[0, 0, 0, 1] 127
[0, 0, 0, 1] 127
[0, 0, 0, 1] 130
[0, 0, 0, 1] 140
[0, 0, 0, 1] 148
[0, 0, 0, 1] 152
[0, 0, 0, 1] 175
[0, 0, 0, 1] 176
[0, 0, 0, 1] 184
[0, 0, 0, 1] 193
[0, 0, 0, 1] 193
[0, 0, 0, 1] 204
[0, 0, 0, 1] 211
[0, 0, 0, 1] 222
[0, 0, 0, 1] 228
