VARIABLES 150
NB_OBJ 4
ITEMS
[1, 1, 1, 1] 757
[1, 1, 1, 1] 763
[1, 1, 1, 1] 774
[1, 1, 1, 1] 798
[1, 1, 1, 1] 800
[1, 1, 1, 1] 805
[1, 1, 1, 1] 810
[1, 1, 1, 1] 810
[1, 1, 1, 1] 815
[1, 1, 1, 1] 827
[1, 1, 1, 1] 828
[1, 1, 1, 1] 839
[1, 1, 1, 1] 846
[1, 1, 1, 1] 871
[1, 1, 1, 1] 878
[1, 1, 1, 1] 885
[1, 1, 1, 1] 891
[1, 1, 1, 1] 900
[1, 1, 1, 1] 901
[1, 1, 1, 1] 905
[1, 1, 1, 1] 921
[1, 1, 1, 1] 947
[1, 1, 1, 1] 951
[1, 1, 1, 1] 955
[1, 1, 1, 1] 965
[1, 1, 1, 1] 966
[1, 1, 1, 1] 967
[1, 1, 1, 1] 969
[1, 1, 1, 1] 971
[1, 1, 1, 1] 974
[1, 1, 1, 1] 984
[1, 1, 1, 1] 987
[1, 1, 1, 1] 998
[0, 1, 1, 1] 504
[0, 1, 1, 1] 514
[0, 1, 1, 1] 522
[0, 1, 1, 1] 529
[0, 1, 1, 1] 540
[0, 1, 1, 1] 556
[0, 1, 1, 1] 560
[0, 1, 1, 1] 565
[0, 1, 1, 1] 565
[0, 1, 1, 1] 569
[0, 1, 1, 1] 573
[0, 1, 1, 1] 573
[0, 1, 1, 1] 590
[0, 1, 1, 1] 601
[0, 1, 1, 1] 609
[0, 1, 1, 1] 614
[0, 1, 1, 1] 620
[0, 1, 1, 1] 629
[0, 1, 1, 1] 643
[0, 1, 1, 1] 644
[0, 1, 1, 1] 644
[0, 1, 1, 1] 645
[0, 1, 1, 1] 662
[0, 1, 1, 1] 674
[0, 1, 1, 1] 700
[0, 1, 1, 1] 702
[0, 1, 1, 1] 706
[0, 1, 1, 1] 708
[0, 1, 1, 1] 712
[0, 1, 1, 1] 712
[0, 1, 1, 1] 727
[0, 1, 1, 1] 732
[0, 1, 1, 1] 733
[0, 1, 1, 1] 745
[0, 1, 1, 1] 747
[0, 0, 1, 1] 254
[0, 0, 1, 1] 271
[0, 0, 1, 1] 282
[0, 0, 1, 1] 285
[0, 0, 1, 1] 297
[0, 0, 1, 1] 308
[0, 0, 1, 1] 310
[0, 0, 1, 1] 315
[0, 0, 1, 1] 319
[0, 0, 1, 1] 323
[0, 0, 1, 1] 326
[0, 0, 1, 1] 344
[0, 0, 1, 1] 346
[0, 0, 1, 1] 348
[0, 0, 1, 1] 351
[0, 0, 1, 1] 351
[0, 0, 1, 1] 362
[0, 0, 1, 1] 365
[0, 0, 1, 1] 374
[0, 0, 1, 1] 377
[0, 0, 1, 1] 384
[0, 0, 1, 1] 391
[0, 0, 1, 1] 394
[0, 0, 1, 1] 398
[0, 0, 1, 1] 398
[0, 0, 1, 1] 400
[0, 0, 1, 1] 408
[0, 0, 1, 1] 410
[0, 0, 1, 1] 432
[0, 0, 1, 1] 439
[0, 0, 1, 1] 450
[0, 0, 1, 1] 452
[0, 0, 1, 1] 458
[0, 0, 1, 1] 466
[0, 0, 1, 1] 476
[0, 0, 1, 1] 497
[0, 0, 1, 1] 500
[0, 0, 1, 1] 500
[0, 0, 0, 1] 9
[0, 0, 0, 1] 10
[0, 0, 0, 1] 23
[0, 0, 0, 1] 25
[0, 0, 0, 1] 30
[0, 0, 0, 1] 35
[0, 0, 0, 1] 54
[0, 0, 0, 1] 61
[0, 0, 0, 1] 65
[0, 0, 0, 1] 68
[0, 0, 0, 1] 71
[0, 0, 0, 1] 75
[0, 0, 0, 1] 83
[0, 0, 0, 1] 84
[0, 0, 0, 1] 85
[0, 0, 0, 1] 86
[0, 0, 0, 1] 89
[0, 0, 0, 1] 100
[0, 0, 0, 1] 107
[0, 0, 0, 1] 111
[0, 0, 0, 1] 113
[0, 0, 0, 1] 118
[0, 0, 0, 1] 122
[0, 0, 0, 1] 132
[0, 0, 0, 1] 141
[0, 0, 0, 1] 148
[0, 0, 0, 1] 157
[0, 0, 0, 1] 157
[0, 0, 0, 1] 162
[0, 0, 0, 1] 166
[0, 0, 0, 1] 171
[0, 0, 0, 1] 176
[0, 0, 0, 1] 183
[0, 0, 0, 1] 186
[0, 0, 0, 1] 198
[0, 0, 0, 1] 209
[0, 0, 0, 1] 217
[0, 0, 0, 1] 220
[0, 0, 0, 1] 228
[0, 0, 0, 1] 228
[0, 0, 0, 1] 241
[0, 0, 0, 1] 245
[0, 0, 0, 1] 249
[0, 0, 0, 1] 249
