VARIABLES 150
NB_OBJ 4
ITEMS
[1, 1, 1, 1] 751
[1, 1, 1, 1] 767
[1, 1, 1, 1] 770
[1, 1, 1, 1] 774
[1, 1, 1, 1] 779
[1, 1, 1, 1] 779
[1, 1, 1, 1] 784
[1, 1, 1, 1] 785
[1, 1, 1, 1] 789
[1, 1, 1, 1] 794
[1, 1, 1, 1] 795
[1, 1, 1, 1] 809
[1, 1, 1, 1] 810
[1, 1, 1, 1] 819
[1, 1, 1, 1] 820
[1, 1, 1, 1] 824
[1, 1, 1, 1] 833
[1, 1, 1, 1] 844
[1, 1, 1, 1] 846
[1, 1, 1, 1] 846
[1, 1, 1, 1] 847
[1, 1, 1, 1] 850
[1, 1, 1, 1] 852
[1, 1, 1, 1] 856
[1, 1, 1, 1] 856
[1, 1, 1, 1] 864
[1, 1, 1, 1] 865
[1, 1, 1, 1] 871
[1, 1, 1, 1] 888
[1, 1, 1, 1] 893
[1, 1, 1, 1] 893
[1, 1, 1, 1] 897
[1, 1, 1, 1] 898
[1, 1, 1, 1] 903
[1, 1, 1, 1] 906
[1, 1, 1, 1] 908
[1, 1, 1, 1] 915
[1, 1, 1, 1] 924
[1, 1, 1, 1] 924
[1, 1, 1, 1] 942
[1, 1, 1, 1] 947
[1, 1, 1, 1] 955
[1, 1, 1, 1] 963
[1, 1, 1, 1] 971
[1, 1, 1, 1] 971
[1, 1, 1, 1] 986
[1, 1, 1, 1] 987
[1, 1, 1, 1] 995
[0, 1, 1, 1] 510
[0, 1, 1, 1] 518
[0, 1, 1, 1] 520
[0, 1, 1, 1] 531
[0, 1, 1, 1] 540
[0, 1, 1, 1] 543
[0, 1, 1, 1] 547
[0, 1, 1, 1] 560
[0, 1, 1, 1] 562
[0, 1, 1, 1] 569
[0, 1, 1, 1] 570
[0, 1, 1, 1] 590
[0, 1, 1, 1] 591
[0, 1, 1, 1] 618
[0, 1, 1, 1] 618
[0, 1, 1, 1] 619
[0, 1, 1, 1] 630
[0, 1, 1, 1] 639
[0, 1, 1, 1] 652
[0, 1, 1, 1] 663
[0, 1, 1, 1] 665
[0, 1, 1, 1] 671
[0, 1, 1, 1] 677
[0, 1, 1, 1] 682
[0, 1, 1, 1] 682
[0, 1, 1, 1] 688
[0, 1, 1, 1] 692
[0, 1, 1, 1] 698
[0, 1, 1, 1] 707
[0, 1, 1, 1] 717
[0, 1, 1, 1] 730
[0, 1, 1, 1] 731
[0, 1, 1, 1] 733
[0, 1, 1, 1] 748
[0, 1, 1, 1] 749
[0, 1, 1, 1] 750
[0, 0, 1, 1] 251
[0, 0, 1, 1] 252
[0, 0, 1, 1] 272
[0, 0, 1, 1] 275
[0, 0, 1, 1] 284
[0, 0, 1, 1] 302
[0, 0, 1, 1] 303
[0, 0, 1, 1] 308
[0, 0, 1, 1] 309
[0, 0, 1, 1] 315
[0, 0, 1, 1] 324
[0, 0, 1, 1] 329
[0, 0, 1, 1] 337
[0, 0, 1, 1] 343
[0, 0, 1, 1] 346
[0, 0, 1, 1] 358
[0, 0, 1, 1] 374
[0, 0, 1, 1] 376
[0, 0, 1, 1] 388
[0, 0, 1, 1] 393
[0, 0, 1, 1] 395
[0, 0, 1, 1] 401
[0, 0, 1, 1] 410
[0, 0, 1, 1] 415
[0, 0, 1, 1] 417
[0, 0, 1, 1] 429
[0, 0, 1, 1] 433
[0, 0, 1, 1] 449
[0, 0, 1, 1] 456
[0, 0, 1, 1] 467
[0, 0, 1, 1] 473
[0, 0, 1, 1] 473
[0, 0, 1, 1] 496
[0, 0, 0, 1] 48
[0, 0, 0, 1] 77
[0, 0, 0, 1] 85
[0, 0, 0, 1] 88
[0, 0, 0, 1] 98
[0, 0, 0, 1] 102
[0, 0, 0, 1] 104
[0, 0, 0, 1] 106
[0, 0, 0, 1] 109
[0, 0, 0, 1] 110
[0, 0, 0, 1] 115
[0, 0, 0, 1] 117
[0, 0, 0, 1] 121
[0, 0, 0, 1] 122
[0, 0, 0, 1] 127
[0, 0, 0, 1] 135
[0, 0, 0, 1] 138
[0, 0, 0, 1] 147
[0, 0, 0, 1] 151
[0, 0, 0, 1] 153
[0, 0, 0, 1] 158
[0, 0, 0, 1] 161
[0, 0, 0, 1] 168
[0, 0, 0, 1] 174
[0, 0, 0, 1] 174
[0, 0, 0, 1] 182
[0, 0, 0, 1] 199
[0, 0, 0, 1] 203
[0, 0, 0, 1] 212
[0, 0, 0, 1] 214
[0, 0, 0, 1] 231
[0, 0, 0, 1] 237
[0, 0, 0, 1] 242
