VARIABLES 150
NB_OBJ 4
ITEMS
[1, 1, 1, 1] 755
[1, 1, 1, 1] 758
[1, 1, 1, 1] 764
[1, 1, 1, 1] 770
[1, 1, 1, 1] 793
[1, 1, 1, 1] 812
[1, 1, 1, 1] 827
[1, 1, 1, 1] 831
[1, 1, 1, 1] 849
[1, 1, 1, 1] 851
[1, 1, 1, 1] 855
[1, 1, 1, 1] 856
[1, 1, 1, 1] 866
[1, 1, 1, 1] 870
[1, 1, 1, 1] 880
[1, 1, 1, 1] 882
[1, 1, 1, 1] 899
[1, 1, 1, 1] 903
[1, 1, 1, 1] 913
[1, 1, 1, 1] 928
[1, 1, 1, 1] 931
[1, 1, 1, 1] 947
[1, 1, 1, 1] 949
[1, 1, 1, 1] 959
[1, 1, 1, 1] 961
[1, 1, 1, 1] 973
[1, 1, 1, 1] 975
[1, 1, 1, 1] 981
[1, 1, 1, 1] 992
[1, 1, 1, 1] 993
[1, 1, 1, 1] 996
[0, 1, 1, 1] 502
[0, 1, 1, 1] 505
[0, 1, 1, 1] 512
[0, 1, 1, 1] 521
[0, 1, 1, 1] 523
[0, 1, 1, 1] 529
[0, 1, 1, 1] 530
[0, 1, 1, 1] 530
[0, 1, 1, 1] 548
[0, 1, 1, 1] 553
[0, 1, 1, 1] 559
[0, 1, 1, 1] 560
[0, 1, 1, 1] 577
[0, 1, 1, 1] 579
[0, 1, 1, 1] 588
[0, 1, 1, 1] 591
[0, 1, 1, 1] 595
[0, 1, 1, 1] 600
[0, 1, 1, 1] 602
[0, 1, 1, 1] 603
[0, 1, 1, 1] 604
[0, 1, 1, 1] 611
[0, 1, 1, 1] 619
[0, 1, 1, 1] 627
[0, 1, 1, 1] 630
[0, 1, 1, 1] 633
[0, 1, 1, 1] 652
[0, 1, 1, 1] 653
[0, 1, 1, 1] 654
[0, 1, 1, 1] 681
[0, 1, 1, 1] 686
[0, 1, 1, 1] 687
[0, 1, 1, 1] 698
[0, 1, 1, 1] 704
[0, 1, 1, 1] 709
[0, 1, 1, 1] 722
[0, 1, 1, 1] 740
[0, 1, 1, 1] 749
[0, 0, 1, 1] 252
[0, 0, 1, 1] 252
[0, 0, 1, 1] 254
[0, 0, 1, 1] 259
[0, 0, 1, 1] 276
[0, 0, 1, 1] 299
[0, 0, 1, 1] 304
[0, 0, 1, 1] 307
[0, 0, 1, 1] 317
[0, 0, 1, 1] 324
[0, 0, 1, 1] 326
[0, 0, 1, 1] 327
[0, 0, 1, 1] 340
[0, 0, 1, 1] 349
[0, 0, 1, 1] 352
[0, 0, 1, 1] 353
[0, 0, 1, 1] 357
[0, 0, 1, 1] 358
[0, 0, 1, 1] 364
[0, 0, 1, 1] 367
[0, 0, 1, 1] 373
[0, 0, 1, 1] 374
[0, 0, 1, 1] 375
[0, 0, 1, 1] 377
[0, 0, 1, 1] 390
[0, 0, 1, 1] 391
[0, 0, 1, 1] 391
[0, 0, 1, 1] 405
[0, 0, 1, 1] 456
[0, 0, 1, 1] 467
[0, 0, 1, 1] 483
[0, 0, 1, 1] 484
[0, 0, 1, 1] 486
[0, 0, 1, 1] 486
[0, 0, 1, 1] 488
[0, 0, 1, 1] 488
[0, 0, 1, 1] 491
[0, 0, 1, 1] 491
[0, 0, 1, 1] 494
[0, 0, 1, 1] 494
[0, 0, 0, 1] 2
[0, 0, 0, 1] 6
[0, 0, 0, 1] 17
[0, 0, 0, 1] 31
[0, 0, 0, 1] 33
[0, 0, 0, 1] 43
[0, 0, 0, 1] 52
[0, 0, 0, 1] 52
[0, 0, 0, 1] 60
[0, 0, 0, 1] 61
[0, 0, 0, 1] 63
[0, 0, 0, 1] 64
[0, 0, 0, 1] 65
[0, 0, 0, 1] 68
[0, 0, 0, 1] 77
[0, 0, 0, 1] 89
[0, 0, 0, 1] 106
[0, 0, 0, 1] 119
[0, 0, 0, 1] 125
[0, 0, 0, 1] 133
[0, 0, 0, 1] 138
[0, 0, 0, 1] 140
[0, 0, 0, 1] 141
[0, 0, 0, 1] 142
[0, 0, 0, 1] 143
[0, 0, 0, 1] 165
[0, 0, 0, 1] 166
[0, 0, 0, 1] 173
[0, 0, 0, 1] 188
[0, 0, 0, 1] 193
[0, 0, 0, 1] 198
[0, 0, 0, 1] 211
[0, 0, 0, 1] 211
[0, 0, 0, 1] 212
[0, 0, 0, 1] 212
[0, 0, 0, 1] 215
[0, 0, 0, 1] 219
[0, 0, 0, 1] 234
[0, 0, 0, 1] 235
[0, 0, 0, 1] 244
[0, 0, 0, 1] 250
