VARIABLES 100
NB_OBJ 3
ITEMS
[1, 1, 1] 88
[1, 1, 1] 89
[1, 1, 1] 92
[1, 1, 1] 133
[1, 1, 1] 134
[1, 1, 1] 146
[1, 1, 1] 172
[1, 1, 1] 174
[1, 1, 1] 179
[1, 1, 1] 184
[1, 1, 1] 220
[1, 1, 1] 242
[1, 1, 1] 270
[1, 1, 1] 283
[1, 1, 1] 315
[1, 1, 1] 323
[1, 1, 1] 344
[1, 1, 1] 379
[1, 1, 1] 405
[1, 1, 1] 456
[1, 1, 1] 478
[1, 1, 1] 492
[1, 1, 1] 568
[1, 1, 1] 576
[1, 1, 1] 619
[1, 1, 1] 625
[1, 1, 1] 631
[1, 1, 1] 722
[1, 1, 1] 775
[1, 1, 1] 786
[1, 1, 1] 787
[1, 1, 1] 854
[1, 1, 1] 934
[1, 1, 1] 967
[1, 1, 1] 971
[1, 1, 1] 999
[1, 1, 1] 999
[0, 1, 1] 39
[0, 1, 1] 59
[0, 1, 1] 60
[0, 1, 1] 70
[0, 1, 1] 109
[0, 1, 1] 122
[0, 1, 1] 133
[0, 1, 1] 155
[0, 1, 1] 162
[0, 1, 1] 171
[0, 1, 1] 256
[0, 1, 1] 298
[0, 1, 1] 393
[0, 1, 1] 527
[0, 1, 1] 538
[0, 1, 1] 587
[0, 1, 1] 593
[0, 1, 1] 595
[0, 1, 1] 616
[0, 1, 1] 624
[0, 1, 1] 668
[0, 1, 1] 674
[0, 1, 1] 675
[0, 1, 1] 745
[0, 1, 1] 777
[0, 1, 1] 785
[0, 1, 1] 791
[0, 1, 1] 801
[0, 1, 1] 845
[0, 1, 1] 883
[0, 1, 1] 939
[0, 1, 1] 969
[0, 1, 1] 979
[0, 0, 1] 21
[0, 0, 1] 26
[0, 0, 1] 105
[0, 0, 1] 145
[0, 0, 1] 209
[0, 0, 1] 226
[0, 0, 1] 238
[0, 0, 1] 272
[0, 0, 1] 276
[0, 0, 1] 312
[0, 0, 1] 339
[0, 0, 1] 349
[0, 0, 1] 370
[0, 0, 1] 395
[0, 0, 1] 396
[0, 0, 1] 479
[0, 0, 1] 511
[0, 0, 1] 646
[0, 0, 1] 664
[0, 0, 1] 712
[0, 0, 1] 745
[0, 0, 1] 777
[0, 0, 1] 795
[0, 0, 1] 813
[0, 0, 1] 830
[0, 0, 1] 835
[0, 0, 1] 862
[0, 0, 1] 867
[0, 0, 1] 957
[0, 0, 1] 966
