VARIABLES 100
NB_OBJ 3
ITEMS
[1, 1, 1] 10
[1, 1, 1] 77
[1, 1, 1] 110
[1, 1, 1] 145
[1, 1, 1] 146
[1, 1, 1] 161
[1, 1, 1] 214
[1, 1, 1] 277
[1, 1, 1] 295
[1, 1, 1] 316
[1, 1, 1] 336
[1, 1, 1] 345
[1, 1, 1] 377
[1, 1, 1] 395
[1, 1, 1] 421
[1, 1, 1] 459
[1, 1, 1] 568
[1, 1, 1] 580
[1, 1, 1] 632
[1, 1, 1] 680
[1, 1, 1] 705
[1, 1, 1] 729
[1, 1, 1] 767
[1, 1, 1] 795
[1, 1, 1] 796
[1, 1, 1] 828
[1, 1, 1] 832
[1, 1, 1] 857
[1, 1, 1] 874
[1, 1, 1] 932
[1, 1, 1] 965
[1, 1, 1] 966
[1, 1, 1] 993
[0, 1, 1] 23
[0, 1, 1] 24
[0, 1, 1] 65
[0, 1, 1] 143
[0, 1, 1] 155
[0, 1, 1] 166
[0, 1, 1] 191
[0, 1, 1] 309
[0, 1, 1] 385
[0, 1, 1] 393
[0, 1, 1] 447
[0, 1, 1] 453
[0, 1, 1] 460
[0, 1, 1] 524
[0, 1, 1] 541
[0, 1, 1] 559
[0, 1, 1] 564
[0, 1, 1] 568
[0, 1, 1] 603
[0, 1, 1] 634
[0, 1, 1] 643
[0, 1, 1] 655
[0, 1, 1] 690
[0, 1, 1] 696
[0, 1, 1] 720
[0, 1, 1] 766
[0, 1, 1] 789
[0, 1, 1] 822
[0, 1, 1] 833
[0, 1, 1] 847
[0, 1, 1] 863
[0, 1, 1] 876
[0, 1, 1] 888
[0, 1, 1] 922
[0, 1, 1] 939
[0, 1, 1] 945
[0, 1, 1] 968
[0, 1, 1] 974
[0, 0, 1] 46
[0, 0, 1] 60
[0, 0, 1] 120
[0, 0, 1] 124
[0, 0, 1] 125
[0, 0, 1] 149
[0, 0, 1] 226
[0, 0, 1] 272
[0, 0, 1] 320
[0, 0, 1] 385
[0, 0, 1] 398
[0, 0, 1] 439
[0, 0, 1] 450
[0, 0, 1] 560
[0, 0, 1] 563
[0, 0, 1] 582
[0, 0, 1] 607
[0, 0, 1] 689
[0, 0, 1] 746
[0, 0, 1] 750
[0, 0, 1] 754
[0, 0, 1] 833
[0, 0, 1] 862
[0, 0, 1] 902
[0, 0, 1] 903
[0, 0, 1] 930
[0, 0, 1] 954
[0, 0, 1] 954
[0, 0, 1] 956
