VARIABLES 100
NB_OBJ 3
ITEMS
[1, 1, 1] 53
[1, 1, 1] 69
[1, 1, 1] 203
[1, 1, 1] 216
[1, 1, 1] 220
[1, 1, 1] 227
[1, 1, 1] 314
[1, 1, 1] 350
[1, 1, 1] 374
[1, 1, 1] 407
[1, 1, 1] 436
[1, 1, 1] 446
[1, 1, 1] 579
[1, 1, 1] 620
[1, 1, 1] 656
[1, 1, 1] 657
[1, 1, 1] 687
[1, 1, 1] 687
[1, 1, 1] 707
[1, 1, 1] 751
[1, 1, 1] 753
[1, 1, 1] 774
[1, 1, 1] 803
[1, 1, 1] 884
[1, 1, 1] 893
[1, 1, 1] 898
[1, 1, 1] 904
[1, 1, 1] 938
[1, 1, 1] 964
[0, 1, 1] 13
[0, 1, 1] 31
[0, 1, 1] 66
[0, 1, 1] 67
[0, 1, 1] 81
[0, 1, 1] 91
[0, 1, 1] 109
[0, 1, 1] 133
[0, 1, 1] 179
[0, 1, 1] 181
[0, 1, 1] 234
[0, 1, 1] 257
[0, 1, 1] 261
[0, 1, 1] 345
[0, 1, 1] 414
[0, 1, 1] 414
[0, 1, 1] 419
[0, 1, 1] 455
[0, 1, 1] 493
[0, 1, 1] 554
[0, 1, 1] 559
[0, 1, 1] 599
[0, 1, 1] 600
[0, 1, 1] 614
[0, 1, 1] 665
[0, 1, 1] 679
[0, 1, 1] 704
[0, 1, 1] 731
[0, 1, 1] 749
[0, 1, 1] 753
[0, 1, 1] 766
[0, 1, 1] 820
[0, 1, 1] 823
[0, 1, 1] 832
[0, 1, 1] 848
[0, 1, 1] 875
[0, 1, 1] 936
[0, 1, 1] 945
[0, 1, 1] 979
[0, 1, 1] 991
[0, 1, 1] 991
[0, 0, 1] 56
[0, 0, 1] 87
[0, 0, 1] 89
[0, 0, 1] 95
[0, 0, 1] 184
[0, 0, 1] 209
[0, 0, 1] 251
[0, 0, 1] 253
[0, 0, 1] 308
[0, 0, 1] 341
[0, 0, 1] 367
[0, 0, 1] 383
[0, 0, 1] 388
[0, 0, 1] 454
[0, 0, 1] 487
[0, 0, 1] 501
[0, 0, 1] 589
[0, 0, 1] 604
[0, 0, 1] 613
[0, 0, 1] 617
[0, 0, 1] 642
[0, 0, 1] 649
[0, 0, 1] 657
[0, 0, 1] 686
[0, 0, 1] 689
[0, 0, 1] 699
[0, 0, 1] 719
[0, 0, 1] 872
[0, 0, 1] 910
[0, 0, 1] 978
