VARIABLES 100
NB_OBJ 3
ITEMS
[1, 1, 1] 35
[1, 1, 1] 96
[1, 1, 1] 162
[1, 1, 1] 166
[1, 1, 1] 190
[1, 1, 1] 217
[1, 1, 1] 280
[1, 1, 1] 287
[1, 1, 1] 366
[1, 1, 1] 375
[1, 1, 1] 385
[1, 1, 1] 390
[1, 1, 1] 392
[1, 1, 1] 410
[1, 1, 1] 447
[1, 1, 1] 449
[1, 1, 1] 489
[1, 1, 1] 510
[1, 1, 1] 567
[1, 1, 1] 574
[1, 1, 1] 654
[1, 1, 1] 709
[1, 1, 1] 709
[1, 1, 1] 720
[1, 1, 1] 727
[1, 1, 1] 731
[1, 1, 1] 747
[1, 1, 1] 758
[1, 1, 1] 776
[1, 1, 1] 867
[1, 1, 1] 883
[1, 1, 1] 883
[1, 1, 1] 902
[1, 1, 1] 903
[1, 1, 1] 944
[1, 1, 1] 963
[0, 1, 1] 7
[0, 1, 1] 27
[0, 1, 1] 160
[0, 1, 1] 194
[0, 1, 1] 271
[0, 1, 1] 299
[0, 1, 1] 361
[0, 1, 1] 367
[0, 1, 1] 371
[0, 1, 1] 392
[0, 1, 1] 403
[0, 1, 1] 443
[0, 1, 1] 443
[0, 1, 1] 471
[0, 1, 1] 501
[0, 1, 1] 542
[0, 1, 1] 573
[0, 1, 1] 584
[0, 1, 1] 630
[0, 1, 1] 741
[0, 1, 1] 748
[0, 1, 1] 752
[0, 1, 1] 776
[0, 1, 1] 859
[0, 1, 1] 876
[0, 1, 1] 890
[0, 1, 1] 909
[0, 1, 1] 916
[0, 1, 1] 917
[0, 0, 1] 15
[0, 0, 1] 16
[0, 0, 1] 114
[0, 0, 1] 119
[0, 0, 1] 161
[0, 0, 1] 204
[0, 0, 1] 246
[0, 0, 1] 251
[0, 0, 1] 264
[0, 0, 1] 279
[0, 0, 1] 340
[0, 0, 1] 371
[0, 0, 1] 377
[0, 0, 1] 384
[0, 0, 1] 388
[0, 0, 1] 403
[0, 0, 1] 430
[0, 0, 1] 450
[0, 0, 1] 579
[0, 0, 1] 605
[0, 0, 1] 614
[0, 0, 1] 636
[0, 0, 1] 644
[0, 0, 1] 667
[0, 0, 1] 678
[0, 0, 1] 689
[0, 0, 1] 729
[0, 0, 1] 757
[0, 0, 1] 758
[0, 0, 1] 806
[0, 0, 1] 826
[0, 0, 1] 838
[0, 0, 1] 847
[0, 0, 1] 884
[0, 0, 1] 916
