VARIABLES 100
NB_OBJ 3
ITEMS
[1, 1, 1] 68
[1, 1, 1] 74
[1, 1, 1] 107
[1, 1, 1] 135
[1, 1, 1] 137
[1, 1, 1] 148
[1, 1, 1] 156
[1, 1, 1] 161
[1, 1, 1] 189
[1, 1, 1] 219
[1, 1, 1] 234
[1, 1, 1] 313
[1, 1, 1] 355
[1, 1, 1] 358
[1, 1, 1] 439
[1, 1, 1] 470
[1, 1, 1] 480
[1, 1, 1] 534
[1, 1, 1] 632
[1, 1, 1] 667
[1, 1, 1] 721
[1, 1, 1] 724
[1, 1, 1] 737
[1, 1, 1] 737
[1, 1, 1] 749
[1, 1, 1] 768
[1, 1, 1] 799
[1, 1, 1] 818
[1, 1, 1] 847
[1, 1, 1] 854
[1, 1, 1] 892
[1, 1, 1] 928
[1, 1, 1] 946
[1, 1, 1] 982
[1, 1, 1] 989
[1, 1, 1] 991
[1, 1, 1] 994
[0, 1, 1] 7
[0, 1, 1] 9
[0, 1, 1] 66
[0, 1, 1] 160
[0, 1, 1] 208
[0, 1, 1] 248
[0, 1, 1] 307
[0, 1, 1] 307
[0, 1, 1] 319
[0, 1, 1] 419
[0, 1, 1] 428
[0, 1, 1] 429
[0, 1, 1] 463
[0, 1, 1] 477
[0, 1, 1] 489
[0, 1, 1] 498
[0, 1, 1] 527
[0, 1, 1] 570
[0, 1, 1] 576
[0, 1, 1] 624
[0, 1, 1] 641
[0, 1, 1] 655
[0, 1, 1] 695
[0, 1, 1] 724
[0, 1, 1] 772
[0, 1, 1] 777
[0, 1, 1] 793
[0, 1, 1] 814
[0, 1, 1] 814
[0, 1, 1] 831
[0, 1, 1] 832
[0, 1, 1] 839
[0, 1, 1] 842
[0, 1, 1] 860
[0, 1, 1] 911
[0, 1, 1] 945
[0, 1, 1] 951
[0, 1, 1] 995
[0, 0, 1] 4
[0, 0, 1] 21
[0, 0, 1] 48
[0, 0, 1] 113
[0, 0, 1] 204
[0, 0, 1] 226
[0, 0, 1] 375
[0, 0, 1] 413
[0, 0, 1] 497
[0, 0, 1] 528
[0, 0, 1] 537
[0, 0, 1] 562
[0, 0, 1] 658
[0, 0, 1] 659
[0, 0, 1] 661
[0, 0, 1] 667
[0, 0, 1] 670
[0, 0, 1] 738
[0, 0, 1] 759
[0, 0, 1] 765
[0, 0, 1] 816
[0, 0, 1] 837
[0, 0, 1] 903
[0, 0, 1] 929
[0, 0, 1] 960
