VARIABLES 100
NB_OBJ 3
ITEMS
[1, 1, 1] 4
[1, 1, 1] 29
[1, 1, 1] 30
[1, 1, 1] 30
[1, 1, 1] 32
[1, 1, 1] 45
[1, 1, 1] 69
[1, 1, 1] 71
[1, 1, 1] 75
[1, 1, 1] 97
[1, 1, 1] 266
[1, 1, 1] 271
[1, 1, 1] 273
[1, 1, 1] 310
[1, 1, 1] 333
[1, 1, 1] 393
[1, 1, 1] 440
[1, 1, 1] 488
[1, 1, 1] 512
[1, 1, 1] 526
[1, 1, 1] 540
[1, 1, 1] 542
[1, 1, 1] 605
[1, 1, 1] 608
[1, 1, 1] 675
[1, 1, 1] 689
[1, 1, 1] 699
[1, 1, 1] 744
[1, 1, 1] 771
[1, 1, 1] 795
[1, 1, 1] 823
[1, 1, 1] 916
[1, 1, 1] 965
[1, 1, 1] 984
[0, 1, 1] 57
[0, 1, 1] 59
[0, 1, 1] 75
[0, 1, 1] 76
[0, 1, 1] 90
[0, 1, 1] 127
[0, 1, 1] 188
[0, 1, 1] 205
[0, 1, 1] 217
[0, 1, 1] 256
[0, 1, 1] 281
[0, 1, 1] 375
[0, 1, 1] 382
[0, 1, 1] 398
[0, 1, 1] 429
[0, 1, 1] 436
[0, 1, 1] 437
[0, 1, 1] 455
[0, 1, 1] 465
[0, 1, 1] 518
[0, 1, 1] 525
[0, 1, 1] 565
[0, 1, 1] 613
[0, 1, 1] 656
[0, 1, 1] 745
[0, 1, 1] 795
[0, 1, 1] 821
[0, 1, 1] 837
[0, 1, 1] 846
[0, 1, 1] 872
[0, 1, 1] 897
[0, 1, 1] 937
[0, 0, 1] 14
[0, 0, 1] 30
[0, 0, 1] 59
[0, 0, 1] 113
[0, 0, 1] 124
[0, 0, 1] 142
[0, 0, 1] 152
[0, 0, 1] 157
[0, 0, 1] 176
[0, 0, 1] 217
[0, 0, 1] 234
[0, 0, 1] 293
[0, 0, 1] 311
[0, 0, 1] 366
[0, 0, 1] 395
[0, 0, 1] 464
[0, 0, 1] 481
[0, 0, 1] 521
[0, 0, 1] 524
[0, 0, 1] 541
[0, 0, 1] 575
[0, 0, 1] 615
[0, 0, 1] 618
[0, 0, 1] 665
[0, 0, 1] 747
[0, 0, 1] 773
[0, 0, 1] 775
[0, 0, 1] 793
[0, 0, 1] 801
[0, 0, 1] 831
[0, 0, 1] 863
[0, 0, 1] 890
[0, 0, 1] 926
[0, 0, 1] 962
