VARIABLES 100
NB_OBJ 3
ITEMS
[1, 1, 1] 27
[1, 1, 1] 38
[1, 1, 1] 104
[1, 1, 1] 111
[1, 1, 1] 124
[1, 1, 1] 143
[1, 1, 1] 172
[1, 1, 1] 174
[1, 1, 1] 176
[1, 1, 1] 294
[1, 1, 1] 320
[1, 1, 1] 321
[1, 1, 1] 376
[1, 1, 1] 378
[1, 1, 1] 379
[1, 1, 1] 399
[1, 1, 1] 472
[1, 1, 1] 504
[1, 1, 1] 507
[1, 1, 1] 521
[1, 1, 1] 604
[1, 1, 1] 651
[1, 1, 1] 652
[1, 1, 1] 713
[1, 1, 1] 794
[1, 1, 1] 828
[1, 1, 1] 864
[1, 1, 1] 885
[1, 1, 1] 897
[1, 1, 1] 913
[1, 1, 1] 921
[0, 1, 1] 4
[0, 1, 1] 5
[0, 1, 1] 75
[0, 1, 1] 79
[0, 1, 1] 128
[0, 1, 1] 131
[0, 1, 1] 152
[0, 1, 1] 177
[0, 1, 1] 184
[0, 1, 1] 196
[0, 1, 1] 239
[0, 1, 1] 240
[0, 1, 1] 246
[0, 1, 1] 246
[0, 1, 1] 250
[0, 1, 1] 251
[0, 1, 1] 307
[0, 1, 1] 316
[0, 1, 1] 350
[0, 1, 1] 355
[0, 1, 1] 367
[0, 1, 1] 384
[0, 1, 1] 466
[0, 1, 1] 484
[0, 1, 1] 503
[0, 1, 1] 518
[0, 1, 1] 542
[0, 1, 1] 567
[0, 1, 1] 620
[0, 1, 1] 638
[0, 1, 1] 642
[0, 1, 1] 644
[0, 1, 1] 648
[0, 1, 1] 668
[0, 1, 1] 699
[0, 1, 1] 702
[0, 1, 1] 705
[0, 1, 1] 706
[0, 1, 1] 835
[0, 1, 1] 862
[0, 1, 1] 862
[0, 0, 1] 18
[0, 0, 1] 63
[0, 0, 1] 70
[0, 0, 1] 75
[0, 0, 1] 97
[0, 0, 1] 107
[0, 0, 1] 113
[0, 0, 1] 128
[0, 0, 1] 128
[0, 0, 1] 132
[0, 0, 1] 144
[0, 0, 1] 211
[0, 0, 1] 367
[0, 0, 1] 439
[0, 0, 1] 530
[0, 0, 1] 557
[0, 0, 1] 599
[0, 0, 1] 666
[0, 0, 1] 722
[0, 0, 1] 742
[0, 0, 1] 751
[0, 0, 1] 821
[0, 0, 1] 853
[0, 0, 1] 863
[0, 0, 1] 898
[0, 0, 1] 933
[0, 0, 1] 957
[0, 0, 1] 976
