VARIABLES 100
NB_OBJ 3
ITEMS
[1, 1, 1] 2
[1, 1, 1] 9
[1, 1, 1] 20
[1, 1, 1] 27
[1, 1, 1] 95
[1, 1, 1] 123
[1, 1, 1] 138
[1, 1, 1] 181
[1, 1, 1] 184
[1, 1, 1] 187
[1, 1, 1] 285
[1, 1, 1] 289
[1, 1, 1] 323
[1, 1, 1] 327
[1, 1, 1] 334
[1, 1, 1] 336
[1, 1, 1] 375
[1, 1, 1] 423
[1, 1, 1] 436
[1, 1, 1] 465
[1, 1, 1] 476
[1, 1, 1] 479
[1, 1, 1] 488
[1, 1, 1] 610
[1, 1, 1] 614
[1, 1, 1] 689
[1, 1, 1] 721
[1, 1, 1] 733
[1, 1, 1] 734
[1, 1, 1] 738
[1, 1, 1] 801
[1, 1, 1] 897
[1, 1, 1] 897
[1, 1, 1] 913
[1, 1, 1] 951
[1, 1, 1] 993
[0, 1, 1] 10
[0, 1, 1] 28
[0, 1, 1] 34
[0, 1, 1] 50
[0, 1, 1] 59
[0, 1, 1] 98
[0, 1, 1] 174
[0, 1, 1] 241
[0, 1, 1] 242
[0, 1, 1] 243
[0, 1, 1] 317
[0, 1, 1] 379
[0, 1, 1] 439
[0, 1, 1] 469
[0, 1, 1] 484
[0, 1, 1] 490
[0, 1, 1] 550
[0, 1, 1] 561
[0, 1, 1] 573
[0, 1, 1] 594
[0, 1, 1] 612
[0, 1, 1] 616
[0, 1, 1] 629
[0, 1, 1] 679
[0, 1, 1] 723
[0, 1, 1] 735
[0, 1, 1] 745
[0, 1, 1] 749
[0, 1, 1] 793
[0, 1, 1] 861
[0, 1, 1] 899
[0, 1, 1] 914
[0, 1, 1] 967
[0, 0, 1] 20
[0, 0, 1] 42
[0, 0, 1] 55
[0, 0, 1] 61
[0, 0, 1] 64
[0, 0, 1] 120
[0, 0, 1] 146
[0, 0, 1] 194
[0, 0, 1] 217
[0, 0, 1] 311
[0, 0, 1] 353
[0, 0, 1] 446
[0, 0, 1] 465
[0, 0, 1] 515
[0, 0, 1] 560
[0, 0, 1] 579
[0, 0, 1] 587
[0, 0, 1] 597
[0, 0, 1] 607
[0, 0, 1] 632
[0, 0, 1] 635
[0, 0, 1] 663
[0, 0, 1] 670
[0, 0, 1] 727
[0, 0, 1] 727
[0, 0, 1] 730
[0, 0, 1] 774
[0, 0, 1] 784
[0, 0, 1] 808
[0, 0, 1] 810
[0, 0, 1] 858
