VARIABLES 100
NB_OBJ 3
ITEMS
[1, 1, 1] 68
[1, 1, 1] 70
[1, 1, 1] 76
[1, 1, 1] 83
[1, 1, 1] 140
[1, 1, 1] 176
[1, 1, 1] 188
[1, 1, 1] 263
[1, 1, 1] 290
[1, 1, 1] 312
[1, 1, 1] 319
[1, 1, 1] 347
[1, 1, 1] 436
[1, 1, 1] 444
[1, 1, 1] 564
[1, 1, 1] 595
[1, 1, 1] 624
[1, 1, 1] 638
[1, 1, 1] 690
[1, 1, 1] 693
[1, 1, 1] 717
[1, 1, 1] 719
[1, 1, 1] 724
[1, 1, 1] 740
[1, 1, 1] 752
[1, 1, 1] 762
[1, 1, 1] 790
[1, 1, 1] 856
[1, 1, 1] 864
[1, 1, 1] 971
[1, 1, 1] 999
[0, 1, 1] 3
[0, 1, 1] 7
[0, 1, 1] 8
[0, 1, 1] 12
[0, 1, 1] 51
[0, 1, 1] 51
[0, 1, 1] 52
[0, 1, 1] 106
[0, 1, 1] 111
[0, 1, 1] 120
[0, 1, 1] 130
[0, 1, 1] 144
[0, 1, 1] 147
[0, 1, 1] 322
[0, 1, 1] 336
[0, 1, 1] 383
[0, 1, 1] 467
[0, 1, 1] 629
[0, 1, 1] 667
[0, 1, 1] 670
[0, 1, 1] 705
[0, 1, 1] 742
[0, 1, 1] 752
[0, 1, 1] 769
[0, 1, 1] 800
[0, 1, 1] 824
[0, 1, 1] 863
[0, 1, 1] 872
[0, 1, 1] 961
[0, 0, 1] 19
[0, 0, 1] 33
[0, 0, 1] 100
[0, 0, 1] 114
[0, 0, 1] 161
[0, 0, 1] 166
[0, 0, 1] 321
[0, 0, 1] 337
[0, 0, 1] 351
[0, 0, 1] 358
[0, 0, 1] 371
[0, 0, 1] 378
[0, 0, 1] 406
[0, 0, 1] 461
[0, 0, 1] 465
[0, 0, 1] 476
[0, 0, 1] 478
[0, 0, 1] 526
[0, 0, 1] 545
[0, 0, 1] 568
[0, 0, 1] 580
[0, 0, 1] 581
[0, 0, 1] 605
[0, 0, 1] 640
[0, 0, 1] 648
[0, 0, 1] 659
[0, 0, 1] 662
[0, 0, 1] 672
[0, 0, 1] 675
[0, 0, 1] 689
[0, 0, 1] 724
[0, 0, 1] 725
[0, 0, 1] 759
[0, 0, 1] 791
[0, 0, 1] 811
[0, 0, 1] 834
[0, 0, 1] 849
[0, 0, 1] 889
[0, 0, 1] 940
[0, 0, 1] 957
