VARIABLES 100
NB_OBJ 3
ITEMS
[1, 1, 1] 23
[1, 1, 1] 31
[1, 1, 1] 54
[1, 1, 1] 88
[1, 1, 1] 136
[1, 1, 1] 154
[1, 1, 1] 157
[1, 1, 1] 260
[1, 1, 1] 264
[1, 1, 1] 283
[1, 1, 1] 356
[1, 1, 1] 363
[1, 1, 1] 417
[1, 1, 1] 420
[1, 1, 1] 446
[1, 1, 1] 463
[1, 1, 1] 515
[1, 1, 1] 547
[1, 1, 1] 571
[1, 1, 1] 582
[1, 1, 1] 599
[1, 1, 1] 611
[1, 1, 1] 625
[1, 1, 1] 645
[1, 1, 1] 689
[1, 1, 1] 765
[1, 1, 1] 788
[1, 1, 1] 812
[1, 1, 1] 839
[1, 1, 1] 854
[1, 1, 1] 861
[1, 1, 1] 864
[1, 1, 1] 912
[1, 1, 1] 945
[1, 1, 1] 969
[1, 1, 1] 998
[0, 1, 1] 12
[0, 1, 1] 41
[0, 1, 1] 83
[0, 1, 1] 158
[0, 1, 1] 185
[0, 1, 1] 240
[0, 1, 1] 288
[0, 1, 1] 321
[0, 1, 1] 354
[0, 1, 1] 428
[0, 1, 1] 429
[0, 1, 1] 455
[0, 1, 1] 491
[0, 1, 1] 532
[0, 1, 1] 562
[0, 1, 1] 572
[0, 1, 1] 664
[0, 1, 1] 712
[0, 1, 1] 765
[0, 1, 1] 786
[0, 1, 1] 791
[0, 1, 1] 805
[0, 1, 1] 814
[0, 1, 1] 843
[0, 1, 1] 852
[0, 1, 1] 899
[0, 1, 1] 914
[0, 1, 1] 951
[0, 1, 1] 954
[0, 1, 1] 962
[0, 1, 1] 986
[0, 0, 1] 34
[0, 0, 1] 105
[0, 0, 1] 108
[0, 0, 1] 145
[0, 0, 1] 191
[0, 0, 1] 209
[0, 0, 1] 233
[0, 0, 1] 256
[0, 0, 1] 316
[0, 0, 1] 325
[0, 0, 1] 378
[0, 0, 1] 467
[0, 0, 1] 490
[0, 0, 1] 513
[0, 0, 1] 558
[0, 0, 1] 587
[0, 0, 1] 598
[0, 0, 1] 606
[0, 0, 1] 633
[0, 0, 1] 634
[0, 0, 1] 669
[0, 0, 1] 675
[0, 0, 1] 708
[0, 0, 1] 708
[0, 0, 1] 735
[0, 0, 1] 780
[0, 0, 1] 785
[0, 0, 1] 819
[0, 0, 1] 859
[0, 0, 1] 945
[0, 0, 1] 958
[0, 0, 1] 967
[0, 0, 1] 992
