VARIABLES 100
NB_OBJ 3
ITEMS
[1, 1, 1] 7
[1, 1, 1] 19
[1, 1, 1] 34
[1, 1, 1] 142
[1, 1, 1] 160
[1, 1, 1] 182
[1, 1, 1] 197
[1, 1, 1] 256
[1, 1, 1] 291
[1, 1, 1] 341
[1, 1, 1] 430
[1, 1, 1] 434
[1, 1, 1] 445
[1, 1, 1] 460
[1, 1, 1] 481
[1, 1, 1] 531
[1, 1, 1] 535
[1, 1, 1] 622
[1, 1, 1] 644
[1, 1, 1] 692
[1, 1, 1] 704
[1, 1, 1] 717
[1, 1, 1] 733
[1, 1, 1] 778
[1, 1, 1] 868
[1, 1, 1] 870
[1, 1, 1] 879
[1, 1, 1] 898
[1, 1, 1] 907
[1, 1, 1] 931
[1, 1, 1] 950
[1, 1, 1] 984
[0, 1, 1] 82
[0, 1, 1] 85
[0, 1, 1] 106
[0, 1, 1] 129
[0, 1, 1] 159
[0, 1, 1] 168
[0, 1, 1] 178
[0, 1, 1] 197
[0, 1, 1] 199
[0, 1, 1] 224
[0, 1, 1] 268
[0, 1, 1] 343
[0, 1, 1] 397
[0, 1, 1] 440
[0, 1, 1] 456
[0, 1, 1] 460
[0, 1, 1] 473
[0, 1, 1] 477
[0, 1, 1] 487
[0, 1, 1] 504
[0, 1, 1] 539
[0, 1, 1] 610
[0, 1, 1] 613
[0, 1, 1] 679
[0, 1, 1] 716
[0, 1, 1] 731
[0, 1, 1] 761
[0, 1, 1] 774
[0, 1, 1] 783
[0, 1, 1] 889
[0, 1, 1] 916
[0, 1, 1] 936
[0, 1, 1] 950
[0, 0, 1] 9
[0, 0, 1] 18
[0, 0, 1] 27
[0, 0, 1] 77
[0, 0, 1] 131
[0, 0, 1] 152
[0, 0, 1] 163
[0, 0, 1] 218
[0, 0, 1] 229
[0, 0, 1] 319
[0, 0, 1] 333
[0, 0, 1] 384
[0, 0, 1] 415
[0, 0, 1] 427
[0, 0, 1] 428
[0, 0, 1] 466
[0, 0, 1] 468
[0, 0, 1] 480
[0, 0, 1] 511
[0, 0, 1] 522
[0, 0, 1] 546
[0, 0, 1] 548
[0, 0, 1] 551
[0, 0, 1] 641
[0, 0, 1] 682
[0, 0, 1] 726
[0, 0, 1] 836
[0, 0, 1] 843
[0, 0, 1] 873
[0, 0, 1] 886
[0, 0, 1] 895
[0, 0, 1] 911
[0, 0, 1] 965
[0, 0, 1] 985
[0, 0, 1] 991
