VARIABLES 100
NB_OBJ 3
ITEMS
[1, 1, 1] 74
[1, 1, 1] 85
[1, 1, 1] 120
[1, 1, 1] 142
[1, 1, 1] 189
[1, 1, 1] 212
[1, 1, 1] 229
[1, 1, 1] 260
[1, 1, 1] 277
[1, 1, 1] 278
[1, 1, 1] 283
[1, 1, 1] 300
[1, 1, 1] 373
[1, 1, 1] 429
[1, 1, 1] 469
[1, 1, 1] 545
[1, 1, 1] 602
[1, 1, 1] 620
[1, 1, 1] 683
[1, 1, 1] 697
[1, 1, 1] 702
[1, 1, 1] 740
[1, 1, 1] 774
[1, 1, 1] 778
[1, 1, 1] 831
[1, 1, 1] 910
[1, 1, 1] 914
[1, 1, 1] 927
[1, 1, 1] 938
[1, 1, 1] 940
[1, 1, 1] 942
[1, 1, 1] 949
[1, 1, 1] 975
[1, 1, 1] 987
[0, 1, 1] 10
[0, 1, 1] 39
[0, 1, 1] 78
[0, 1, 1] 111
[0, 1, 1] 116
[0, 1, 1] 125
[0, 1, 1] 149
[0, 1, 1] 171
[0, 1, 1] 177
[0, 1, 1] 217
[0, 1, 1] 275
[0, 1, 1] 328
[0, 1, 1] 450
[0, 1, 1] 537
[0, 1, 1] 541
[0, 1, 1] 559
[0, 1, 1] 662
[0, 1, 1] 673
[0, 1, 1] 712
[0, 1, 1] 716
[0, 1, 1] 716
[0, 1, 1] 737
[0, 1, 1] 762
[0, 1, 1] 848
[0, 1, 1] 861
[0, 1, 1] 929
[0, 1, 1] 937
[0, 1, 1] 949
[0, 1, 1] 953
[0, 1, 1] 963
[0, 0, 1] 2
[0, 0, 1] 114
[0, 0, 1] 116
[0, 0, 1] 127
[0, 0, 1] 132
[0, 0, 1] 161
[0, 0, 1] 181
[0, 0, 1] 187
[0, 0, 1] 230
[0, 0, 1] 260
[0, 0, 1] 299
[0, 0, 1] 328
[0, 0, 1] 412
[0, 0, 1] 447
[0, 0, 1] 535
[0, 0, 1] 543
[0, 0, 1] 545
[0, 0, 1] 571
[0, 0, 1] 586
[0, 0, 1] 648
[0, 0, 1] 659
[0, 0, 1] 684
[0, 0, 1] 737
[0, 0, 1] 746
[0, 0, 1] 801
[0, 0, 1] 815
[0, 0, 1] 816
[0, 0, 1] 817
[0, 0, 1] 818
[0, 0, 1] 867
[0, 0, 1] 872
[0, 0, 1] 876
[0, 0, 1] 894
[0, 0, 1] 930
[0, 0, 1] 932
[0, 0, 1] 971
