VARIABLES 100
NB_OBJ 3
ITEMS
[1, 1, 1] 10
[1, 1, 1] 39
[1, 1, 1] 100
[1, 1, 1] 130
[1, 1, 1] 147
[1, 1, 1] 184
[1, 1, 1] 187
[1, 1, 1] 201
[1, 1, 1] 205
[1, 1, 1] 228
[1, 1, 1] 260
[1, 1, 1] 284
[1, 1, 1] 379
[1, 1, 1] 413
[1, 1, 1] 467
[1, 1, 1] 481
[1, 1, 1] 493
[1, 1, 1] 495
[1, 1, 1] 525
[1, 1, 1] 533
[1, 1, 1] 536
[1, 1, 1] 561
[1, 1, 1] 570
[1, 1, 1] 652
[1, 1, 1] 665
[1, 1, 1] 688
[1, 1, 1] 721
[1, 1, 1] 724
[1, 1, 1] 728
[1, 1, 1] 731
[1, 1, 1] 738
[1, 1, 1] 859
[1, 1, 1] 865
[1, 1, 1] 877
[1, 1, 1] 899
[1, 1, 1] 922
[1, 1, 1] 959
[1, 1, 1] 964
[0, 1, 1] 49
[0, 1, 1] 57
[0, 1, 1] 76
[0, 1, 1] 97
[0, 1, 1] 121
[0, 1, 1] 126
[0, 1, 1] 134
[0, 1, 1] 204
[0, 1, 1] 240
[0, 1, 1] 305
[0, 1, 1] 371
[0, 1, 1] 385
[0, 1, 1] 392
[0, 1, 1] 393
[0, 1, 1] 435
[0, 1, 1] 438
[0, 1, 1] 443
[0, 1, 1] 457
[0, 1, 1] 459
[0, 1, 1] 546
[0, 1, 1] 557
[0, 1, 1] 575
[0, 1, 1] 602
[0, 1, 1] 621
[0, 1, 1] 701
[0, 1, 1] 707
[0, 1, 1] 708
[0, 1, 1] 737
[0, 1, 1] 738
[0, 1, 1] 833
[0, 1, 1] 845
[0, 1, 1] 872
[0, 1, 1] 883
[0, 1, 1] 889
[0, 1, 1] 908
[0, 1, 1] 991
[0, 1, 1] 998
[0, 0, 1] 107
[0, 0, 1] 130
[0, 0, 1] 179
[0, 0, 1] 220
[0, 0, 1] 230
[0, 0, 1] 262
[0, 0, 1] 272
[0, 0, 1] 308
[0, 0, 1] 322
[0, 0, 1] 359
[0, 0, 1] 430
[0, 0, 1] 454
[0, 0, 1] 488
[0, 0, 1] 527
[0, 0, 1] 578
[0, 0, 1] 612
[0, 0, 1] 614
[0, 0, 1] 632
[0, 0, 1] 730
[0, 0, 1] 759
[0, 0, 1] 778
[0, 0, 1] 889
[0, 0, 1] 936
[0, 0, 1] 990
[0, 0, 1] 992
