VARIABLES 100
NB_OBJ 3
ITEMS
[1, 1, 1] 23
[1, 1, 1] 34
[1, 1, 1] 64
[1, 1, 1] 90
[1, 1, 1] 106
[1, 1, 1] 114
[1, 1, 1] 153
[1, 1, 1] 230
[1, 1, 1] 328
[1, 1, 1] 341
[1, 1, 1] 428
[1, 1, 1] 460
[1, 1, 1] 532
[1, 1, 1] 546
[1, 1, 1] 648
[1, 1, 1] 656
[1, 1, 1] 703
[1, 1, 1] 759
[1, 1, 1] 781
[1, 1, 1] 820
[1, 1, 1] 905
[1, 1, 1] 922
[1, 1, 1] 948
[1, 1, 1] 958
[1, 1, 1] 965
[1, 1, 1] 974
[0, 1, 1] 37
[0, 1, 1] 59
[0, 1, 1] 88
[0, 1, 1] 100
[0, 1, 1] 113
[0, 1, 1] 116
[0, 1, 1] 141
[0, 1, 1] 208
[0, 1, 1] 210
[0, 1, 1] 245
[0, 1, 1] 255
[0, 1, 1] 264
[0, 1, 1] 291
[0, 1, 1] 351
[0, 1, 1] 396
[0, 1, 1] 407
[0, 1, 1] 449
[0, 1, 1] 500
[0, 1, 1] 519
[0, 1, 1] 532
[0, 1, 1] 581
[0, 1, 1] 586
[0, 1, 1] 607
[0, 1, 1] 669
[0, 1, 1] 689
[0, 1, 1] 712
[0, 1, 1] 715
[0, 1, 1] 822
[0, 1, 1] 876
[0, 1, 1] 916
[0, 1, 1] 941
[0, 1, 1] 962
[0, 1, 1] 991
[0, 0, 1] 57
[0, 0, 1] 71
[0, 0, 1] 81
[0, 0, 1] 107
[0, 0, 1] 133
[0, 0, 1] 140
[0, 0, 1] 168
[0, 0, 1] 184
[0, 0, 1] 190
[0, 0, 1] 200
[0, 0, 1] 209
[0, 0, 1] 225
[0, 0, 1] 244
[0, 0, 1] 295
[0, 0, 1] 312
[0, 0, 1] 340
[0, 0, 1] 373
[0, 0, 1] 387
[0, 0, 1] 478
[0, 0, 1] 492
[0, 0, 1] 501
[0, 0, 1] 543
[0, 0, 1] 576
[0, 0, 1] 600
[0, 0, 1] 617
[0, 0, 1] 668
[0, 0, 1] 717
[0, 0, 1] 730
[0, 0, 1] 731
[0, 0, 1] 732
[0, 0, 1] 760
[0, 0, 1] 765
[0, 0, 1] 774
[0, 0, 1] 825
[0, 0, 1] 870
[0, 0, 1] 880
[0, 0, 1] 925
[0, 0, 1] 944
[0, 0, 1] 951
[0, 0, 1] 977
[0, 0, 1] 999
