VARIABLES 100
NB_OBJ 3
ITEMS
[1, 1, 1] 17
[1, 1, 1] 71
[1, 1, 1] 98
[1, 1, 1] 109
[1, 1, 1] 200
[1, 1, 1] 251
[1, 1, 1] 270
[1, 1, 1] 290
[1, 1, 1] 313
[1, 1, 1] 320
[1, 1, 1] 325
[1, 1, 1] 327
[1, 1, 1] 352
[1, 1, 1] 395
[1, 1, 1] 395
[1, 1, 1] 397
[1, 1, 1] 398
[1, 1, 1] 409
[1, 1, 1] 410
[1, 1, 1] 423
[1, 1, 1] 430
[1, 1, 1] 511
[1, 1, 1] 524
[1, 1, 1] 538
[1, 1, 1] 552
[1, 1, 1] 584
[1, 1, 1] 602
[1, 1, 1] 612
[1, 1, 1] 635
[1, 1, 1] 677
[1, 1, 1] 680
[1, 1, 1] 702
[1, 1, 1] 702
[1, 1, 1] 735
[1, 1, 1] 764
[1, 1, 1] 794
[1, 1, 1] 799
[1, 1, 1] 832
[1, 1, 1] 855
[1, 1, 1] 876
[1, 1, 1] 899
[1, 1, 1] 909
[1, 1, 1] 918
[1, 1, 1] 951
[1, 1, 1] 959
[1, 1, 1] 985
[0, 1, 1] 4
[0, 1, 1] 21
[0, 1, 1] 57
[0, 1, 1] 61
[0, 1, 1] 72
[0, 1, 1] 112
[0, 1, 1] 145
[0, 1, 1] 153
[0, 1, 1] 271
[0, 1, 1] 305
[0, 1, 1] 336
[0, 1, 1] 344
[0, 1, 1] 385
[0, 1, 1] 386
[0, 1, 1] 408
[0, 1, 1] 441
[0, 1, 1] 525
[0, 1, 1] 527
[0, 1, 1] 552
[0, 1, 1] 642
[0, 1, 1] 669
[0, 1, 1] 767
[0, 1, 1] 778
[0, 1, 1] 780
[0, 1, 1] 799
[0, 1, 1] 810
[0, 1, 1] 820
[0, 1, 1] 895
[0, 1, 1] 910
[0, 0, 1] 80
[0, 0, 1] 148
[0, 0, 1] 152
[0, 0, 1] 172
[0, 0, 1] 182
[0, 0, 1] 299
[0, 0, 1] 307
[0, 0, 1] 320
[0, 0, 1] 336
[0, 0, 1] 337
[0, 0, 1] 396
[0, 0, 1] 409
[0, 0, 1] 417
[0, 0, 1] 418
[0, 0, 1] 445
[0, 0, 1] 500
[0, 0, 1] 513
[0, 0, 1] 644
[0, 0, 1] 712
[0, 0, 1] 747
[0, 0, 1] 784
[0, 0, 1] 863
[0, 0, 1] 872
[0, 0, 1] 916
[0, 0, 1] 941
