VARIABLES 100
NB_OBJ 3
ITEMS
[1, 1, 1] 25
[1, 1, 1] 60
[1, 1, 1] 68
[1, 1, 1] 80
[1, 1, 1] 94
[1, 1, 1] 114
[1, 1, 1] 161
[1, 1, 1] 171
[1, 1, 1] 200
[1, 1, 1] 213
[1, 1, 1] 214
[1, 1, 1] 240
[1, 1, 1] 278
[1, 1, 1] 298
[1, 1, 1] 321
[1, 1, 1] 344
[1, 1, 1] 359
[1, 1, 1] 366
[1, 1, 1] 401
[1, 1, 1] 404
[1, 1, 1] 410
[1, 1, 1] 494
[1, 1, 1] 509
[1, 1, 1] 520
[1, 1, 1] 522
[1, 1, 1] 532
[1, 1, 1] 565
[1, 1, 1] 568
[1, 1, 1] 609
[1, 1, 1] 615
[1, 1, 1] 744
[1, 1, 1] 744
[1, 1, 1] 772
[1, 1, 1] 806
[1, 1, 1] 898
[1, 1, 1] 924
[1, 1, 1] 966
[1, 1, 1] 984
[0, 1, 1] 84
[0, 1, 1] 96
[0, 1, 1] 114
[0, 1, 1] 178
[0, 1, 1] 183
[0, 1, 1] 203
[0, 1, 1] 213
[0, 1, 1] 248
[0, 1, 1] 311
[0, 1, 1] 316
[0, 1, 1] 319
[0, 1, 1] 321
[0, 1, 1] 343
[0, 1, 1] 367
[0, 1, 1] 394
[0, 1, 1] 413
[0, 1, 1] 421
[0, 1, 1] 496
[0, 1, 1] 520
[0, 1, 1] 570
[0, 1, 1] 592
[0, 1, 1] 619
[0, 1, 1] 647
[0, 1, 1] 714
[0, 1, 1] 734
[0, 1, 1] 756
[0, 1, 1] 776
[0, 1, 1] 815
[0, 1, 1] 877
[0, 1, 1] 887
[0, 1, 1] 889
[0, 1, 1] 913
[0, 0, 1] 22
[0, 0, 1] 65
[0, 0, 1] 77
[0, 0, 1] 88
[0, 0, 1] 144
[0, 0, 1] 171
[0, 0, 1] 263
[0, 0, 1] 400
[0, 0, 1] 407
[0, 0, 1] 427
[0, 0, 1] 494
[0, 0, 1] 506
[0, 0, 1] 538
[0, 0, 1] 558
[0, 0, 1] 593
[0, 0, 1] 606
[0, 0, 1] 647
[0, 0, 1] 687
[0, 0, 1] 688
[0, 0, 1] 689
[0, 0, 1] 712
[0, 0, 1] 727
[0, 0, 1] 775
[0, 0, 1] 804
[0, 0, 1] 876
[0, 0, 1] 890
[0, 0, 1] 905
[0, 0, 1] 909
[0, 0, 1] 944
[0, 0, 1] 1000
