VARIABLES 100
NB_OBJ 3
ITEMS
[1, 1, 1] 11
[1, 1, 1] 24
[1, 1, 1] 52
[1, 1, 1] 56
[1, 1, 1] 77
[1, 1, 1] 110
[1, 1, 1] 111
[1, 1, 1] 175
[1, 1, 1] 180
[1, 1, 1] 212
[1, 1, 1] 235
[1, 1, 1] 284
[1, 1, 1] 285
[1, 1, 1] 360
[1, 1, 1] 382
[1, 1, 1] 385
[1, 1, 1] 397
[1, 1, 1] 467
[1, 1, 1] 474
[1, 1, 1] 519
[1, 1, 1] 546
[1, 1, 1] 551
[1, 1, 1] 553
[1, 1, 1] 582
[1, 1, 1] 592
[1, 1, 1] 619
[1, 1, 1] 683
[1, 1, 1] 688
[1, 1, 1] 787
[1, 1, 1] 795
[1, 1, 1] 802
[1, 1, 1] 819
[1, 1, 1] 853
[1, 1, 1] 939
[0, 1, 1] 4
[0, 1, 1] 21
[0, 1, 1] 34
[0, 1, 1] 51
[0, 1, 1] 60
[0, 1, 1] 76
[0, 1, 1] 93
[0, 1, 1] 165
[0, 1, 1] 192
[0, 1, 1] 273
[0, 1, 1] 282
[0, 1, 1] 315
[0, 1, 1] 369
[0, 1, 1] 403
[0, 1, 1] 448
[0, 1, 1] 582
[0, 1, 1] 623
[0, 1, 1] 670
[0, 1, 1] 697
[0, 1, 1] 698
[0, 1, 1] 736
[0, 1, 1] 767
[0, 1, 1] 768
[0, 1, 1] 821
[0, 1, 1] 835
[0, 1, 1] 837
[0, 1, 1] 870
[0, 1, 1] 874
[0, 1, 1] 874
[0, 1, 1] 948
[0, 1, 1] 957
[0, 0, 1] 13
[0, 0, 1] 70
[0, 0, 1] 77
[0, 0, 1] 111
[0, 0, 1] 114
[0, 0, 1] 171
[0, 0, 1] 175
[0, 0, 1] 269
[0, 0, 1] 313
[0, 0, 1] 324
[0, 0, 1] 335
[0, 0, 1] 360
[0, 0, 1] 373
[0, 0, 1] 413
[0, 0, 1] 479
[0, 0, 1] 563
[0, 0, 1] 566
[0, 0, 1] 569
[0, 0, 1] 583
[0, 0, 1] 592
[0, 0, 1] 621
[0, 0, 1] 717
[0, 0, 1] 784
[0, 0, 1] 820
[0, 0, 1] 846
[0, 0, 1] 871
[0, 0, 1] 874
[0, 0, 1] 889
[0, 0, 1] 895
[0, 0, 1] 896
[0, 0, 1] 904
[0, 0, 1] 923
[0, 0, 1] 950
[0, 0, 1] 952
[0, 0, 1] 986
