VARIABLES 100
NB_OBJ 3
ITEMS
[1, 1, 1] 19
[1, 1, 1] 28
[1, 1, 1] 63
[1, 1, 1] 69
[1, 1, 1] 131
[1, 1, 1] 142
[1, 1, 1] 200
[1, 1, 1] 202
[1, 1, 1] 211
[1, 1, 1] 218
[1, 1, 1] 231
[1, 1, 1] 352
[1, 1, 1] 353
[1, 1, 1] 439
[1, 1, 1] 448
[1, 1, 1] 486
[1, 1, 1] 551
[1, 1, 1] 563
[1, 1, 1] 595
[1, 1, 1] 609
[1, 1, 1] 627
[1, 1, 1] 628
[1, 1, 1] 642
[1, 1, 1] 643
[1, 1, 1] 680
[1, 1, 1] 704
[1, 1, 1] 758
[1, 1, 1] 762
[1, 1, 1] 775
[1, 1, 1] 790
[1, 1, 1] 792
[1, 1, 1] 820
[1, 1, 1] 873
[1, 1, 1] 877
[1, 1, 1] 905
[1, 1, 1] 927
[1, 1, 1] 932
[1, 1, 1] 937
[1, 1, 1] 973
[0, 1, 1] 68
[0, 1, 1] 88
[0, 1, 1] 99
[0, 1, 1] 145
[0, 1, 1] 227
[0, 1, 1] 259
[0, 1, 1] 362
[0, 1, 1] 402
[0, 1, 1] 407
[0, 1, 1] 422
[0, 1, 1] 465
[0, 1, 1] 496
[0, 1, 1] 505
[0, 1, 1] 506
[0, 1, 1] 574
[0, 1, 1] 575
[0, 1, 1] 653
[0, 1, 1] 719
[0, 1, 1] 728
[0, 1, 1] 825
[0, 1, 1] 855
[0, 1, 1] 878
[0, 1, 1] 881
[0, 1, 1] 897
[0, 1, 1] 945
[0, 1, 1] 964
[0, 1, 1] 965
[0, 1, 1] 970
[0, 0, 1] 2
[0, 0, 1] 108
[0, 0, 1] 119
[0, 0, 1] 122
[0, 0, 1] 124
[0, 0, 1] 135
[0, 0, 1] 137
[0, 0, 1] 142
[0, 0, 1] 203
[0, 0, 1] 226
[0, 0, 1] 234
[0, 0, 1] 260
[0, 0, 1] 264
[0, 0, 1] 300
[0, 0, 1] 329
[0, 0, 1] 347
[0, 0, 1] 423
[0, 0, 1] 447
[0, 0, 1] 556
[0, 0, 1] 606
[0, 0, 1] 607
[0, 0, 1] 620
[0, 0, 1] 622
[0, 0, 1] 659
[0, 0, 1] 703
[0, 0, 1] 713
[0, 0, 1] 780
[0, 0, 1] 794
[0, 0, 1] 837
[0, 0, 1] 872
[0, 0, 1] 877
[0, 0, 1] 924
[0, 0, 1] 995
