VARIABLES 100
NB_OBJ 3
ITEMS
[1, 1, 1] 15
[1, 1, 1] 19
[1, 1, 1] 84
[1, 1, 1] 117
[1, 1, 1] 128
[1, 1, 1] 192
[1, 1, 1] 203
[1, 1, 1] 229
[1, 1, 1] 258
[1, 1, 1] 285
[1, 1, 1] 361
[1, 1, 1] 363
[1, 1, 1] 392
[1, 1, 1] 414
[1, 1, 1] 479
[1, 1, 1] 517
[1, 1, 1] 521
[1, 1, 1] 665
[1, 1, 1] 706
[1, 1, 1] 732
[1, 1, 1] 757
[1, 1, 1] 785
[1, 1, 1] 812
[1, 1, 1] 893
[1, 1, 1] 909
[1, 1, 1] 910
[1, 1, 1] 927
[1, 1, 1] 954
[0, 1, 1] 11
[0, 1, 1] 29
[0, 1, 1] 66
[0, 1, 1] 69
[0, 1, 1] 103
[0, 1, 1] 177
[0, 1, 1] 190
[0, 1, 1] 232
[0, 1, 1] 235
[0, 1, 1] 240
[0, 1, 1] 299
[0, 1, 1] 301
[0, 1, 1] 350
[0, 1, 1] 381
[0, 1, 1] 400
[0, 1, 1] 414
[0, 1, 1] 421
[0, 1, 1] 485
[0, 1, 1] 558
[0, 1, 1] 605
[0, 1, 1] 610
[0, 1, 1] 624
[0, 1, 1] 637
[0, 1, 1] 704
[0, 1, 1] 707
[0, 1, 1] 724
[0, 1, 1] 845
[0, 1, 1] 870
[0, 1, 1] 873
[0, 1, 1] 899
[0, 1, 1] 966
[0, 1, 1] 975
[0, 1, 1] 980
[0, 0, 1] 14
[0, 0, 1] 61
[0, 0, 1] 63
[0, 0, 1] 143
[0, 0, 1] 168
[0, 0, 1] 171
[0, 0, 1] 185
[0, 0, 1] 276
[0, 0, 1] 296
[0, 0, 1] 296
[0, 0, 1] 317
[0, 0, 1] 336
[0, 0, 1] 352
[0, 0, 1] 353
[0, 0, 1] 366
[0, 0, 1] 370
[0, 0, 1] 383
[0, 0, 1] 480
[0, 0, 1] 489
[0, 0, 1] 553
[0, 0, 1] 559
[0, 0, 1] 634
[0, 0, 1] 658
[0, 0, 1] 698
[0, 0, 1] 705
[0, 0, 1] 727
[0, 0, 1] 731
[0, 0, 1] 810
[0, 0, 1] 820
[0, 0, 1] 820
[0, 0, 1] 835
[0, 0, 1] 838
[0, 0, 1] 863
[0, 0, 1] 871
[0, 0, 1] 882
[0, 0, 1] 908
[0, 0, 1] 911
[0, 0, 1] 937
[0, 0, 1] 982
