VARIABLES 100
NB_OBJ 3
ITEMS
[1, 1, 1] 9
[1, 1, 1] 28
[1, 1, 1] 73
[1, 1, 1] 77
[1, 1, 1] 79
[1, 1, 1] 150
[1, 1, 1] 153
[1, 1, 1] 156
[1, 1, 1] 164
[1, 1, 1] 169
[1, 1, 1] 173
[1, 1, 1] 174
[1, 1, 1] 179
[1, 1, 1] 226
[1, 1, 1] 235
[1, 1, 1] 260
[1, 1, 1] 406
[1, 1, 1] 420
[1, 1, 1] 467
[1, 1, 1] 533
[1, 1, 1] 579
[1, 1, 1] 579
[1, 1, 1] 597
[1, 1, 1] 603
[1, 1, 1] 619
[1, 1, 1] 650
[1, 1, 1] 663
[1, 1, 1] 688
[1, 1, 1] 699
[1, 1, 1] 762
[1, 1, 1] 790
[1, 1, 1] 916
[0, 1, 1] 27
[0, 1, 1] 52
[0, 1, 1] 52
[0, 1, 1] 58
[0, 1, 1] 137
[0, 1, 1] 164
[0, 1, 1] 171
[0, 1, 1] 268
[0, 1, 1] 285
[0, 1, 1] 304
[0, 1, 1] 320
[0, 1, 1] 369
[0, 1, 1] 369
[0, 1, 1] 455
[0, 1, 1] 457
[0, 1, 1] 510
[0, 1, 1] 539
[0, 1, 1] 598
[0, 1, 1] 625
[0, 1, 1] 643
[0, 1, 1] 689
[0, 1, 1] 717
[0, 1, 1] 770
[0, 1, 1] 780
[0, 1, 1] 824
[0, 1, 1] 828
[0, 1, 1] 832
[0, 1, 1] 853
[0, 1, 1] 861
[0, 1, 1] 899
[0, 1, 1] 954
[0, 1, 1] 984
[0, 0, 1] 19
[0, 0, 1] 45
[0, 0, 1] 62
[0, 0, 1] 68
[0, 0, 1] 107
[0, 0, 1] 174
[0, 0, 1] 193
[0, 0, 1] 301
[0, 0, 1] 346
[0, 0, 1] 361
[0, 0, 1] 365
[0, 0, 1] 408
[0, 0, 1] 415
[0, 0, 1] 442
[0, 0, 1] 445
[0, 0, 1] 605
[0, 0, 1] 623
[0, 0, 1] 649
[0, 0, 1] 670
[0, 0, 1] 689
[0, 0, 1] 709
[0, 0, 1] 718
[0, 0, 1] 745
[0, 0, 1] 752
[0, 0, 1] 777
[0, 0, 1] 784
[0, 0, 1] 784
[0, 0, 1] 792
[0, 0, 1] 809
[0, 0, 1] 842
[0, 0, 1] 881
[0, 0, 1] 883
[0, 0, 1] 894
[0, 0, 1] 935
[0, 0, 1] 985
[0, 0, 1] 992
