VARIABLES 100
NB_OBJ 3
ITEMS
[1, 1, 1] 7
[1, 1, 1] 84
[1, 1, 1] 170
[1, 1, 1] 171
[1, 1, 1] 194
[1, 1, 1] 275
[1, 1, 1] 322
[1, 1, 1] 327
[1, 1, 1] 330
[1, 1, 1] 340
[1, 1, 1] 461
[1, 1, 1] 527
[1, 1, 1] 535
[1, 1, 1] 568
[1, 1, 1] 577
[1, 1, 1] 591
[1, 1, 1] 725
[1, 1, 1] 755
[1, 1, 1] 781
[1, 1, 1] 828
[1, 1, 1] 836
[1, 1, 1] 839
[1, 1, 1] 893
[1, 1, 1] 900
[1, 1, 1] 935
[1, 1, 1] 945
[1, 1, 1] 949
[1, 1, 1] 954
[1, 1, 1] 964
[1, 1, 1] 989
[0, 1, 1] 1
[0, 1, 1] 4
[0, 1, 1] 12
[0, 1, 1] 90
[0, 1, 1] 108
[0, 1, 1] 245
[0, 1, 1] 249
[0, 1, 1] 325
[0, 1, 1] 350
[0, 1, 1] 389
[0, 1, 1] 404
[0, 1, 1] 409
[0, 1, 1] 410
[0, 1, 1] 415
[0, 1, 1] 442
[0, 1, 1] 450
[0, 1, 1] 466
[0, 1, 1] 534
[0, 1, 1] 572
[0, 1, 1] 609
[0, 1, 1] 613
[0, 1, 1] 617
[0, 1, 1] 639
[0, 1, 1] 674
[0, 1, 1] 677
[0, 1, 1] 677
[0, 1, 1] 772
[0, 1, 1] 823
[0, 1, 1] 836
[0, 1, 1] 850
[0, 1, 1] 851
[0, 1, 1] 890
[0, 1, 1] 912
[0, 1, 1] 921
[0, 1, 1] 954
[0, 1, 1] 990
[0, 1, 1] 991
[0, 1, 1] 993
[0, 0, 1] 25
[0, 0, 1] 90
[0, 0, 1] 158
[0, 0, 1] 166
[0, 0, 1] 212
[0, 0, 1] 223
[0, 0, 1] 225
[0, 0, 1] 253
[0, 0, 1] 272
[0, 0, 1] 330
[0, 0, 1] 360
[0, 0, 1] 382
[0, 0, 1] 400
[0, 0, 1] 404
[0, 0, 1] 463
[0, 0, 1] 503
[0, 0, 1] 548
[0, 0, 1] 594
[0, 0, 1] 595
[0, 0, 1] 635
[0, 0, 1] 642
[0, 0, 1] 650
[0, 0, 1] 725
[0, 0, 1] 854
[0, 0, 1] 871
[0, 0, 1] 881
[0, 0, 1] 884
[0, 0, 1] 897
[0, 0, 1] 909
[0, 0, 1] 968
[0, 0, 1] 976
[0, 0, 1] 984
