VARIABLES 100
NB_OBJ 3
ITEMS
[1, 1, 1] 5
[1, 1, 1] 15
[1, 1, 1] 42
[1, 1, 1] 133
[1, 1, 1] 142
[1, 1, 1] 204
[1, 1, 1] 217
[1, 1, 1] 244
[1, 1, 1] 296
[1, 1, 1] 297
[1, 1, 1] 372
[1, 1, 1] 435
[1, 1, 1] 458
[1, 1, 1] 478
[1, 1, 1] 531
[1, 1, 1] 547
[1, 1, 1] 549
[1, 1, 1] 553
[1, 1, 1] 649
[1, 1, 1] 684
[1, 1, 1] 696
[1, 1, 1] 700
[1, 1, 1] 845
[1, 1, 1] 873
[1, 1, 1] 948
[0, 1, 1] 16
[0, 1, 1] 18
[0, 1, 1] 151
[0, 1, 1] 157
[0, 1, 1] 198
[0, 1, 1] 220
[0, 1, 1] 273
[0, 1, 1] 297
[0, 1, 1] 301
[0, 1, 1] 335
[0, 1, 1] 388
[0, 1, 1] 407
[0, 1, 1] 433
[0, 1, 1] 453
[0, 1, 1] 456
[0, 1, 1] 479
[0, 1, 1] 490
[0, 1, 1] 545
[0, 1, 1] 566
[0, 1, 1] 597
[0, 1, 1] 604
[0, 1, 1] 638
[0, 1, 1] 643
[0, 1, 1] 648
[0, 1, 1] 667
[0, 1, 1] 707
[0, 1, 1] 753
[0, 1, 1] 770
[0, 1, 1] 790
[0, 1, 1] 820
[0, 1, 1] 888
[0, 1, 1] 965
[0, 1, 1] 970
[0, 1, 1] 986
[0, 0, 1] 12
[0, 0, 1] 73
[0, 0, 1] 108
[0, 0, 1] 109
[0, 0, 1] 127
[0, 0, 1] 160
[0, 0, 1] 192
[0, 0, 1] 222
[0, 0, 1] 233
[0, 0, 1] 238
[0, 0, 1] 241
[0, 0, 1] 262
[0, 0, 1] 282
[0, 0, 1] 304
[0, 0, 1] 315
[0, 0, 1] 325
[0, 0, 1] 330
[0, 0, 1] 355
[0, 0, 1] 386
[0, 0, 1] 489
[0, 0, 1] 517
[0, 0, 1] 519
[0, 0, 1] 563
[0, 0, 1] 616
[0, 0, 1] 650
[0, 0, 1] 655
[0, 0, 1] 658
[0, 0, 1] 658
[0, 0, 1] 659
[0, 0, 1] 666
[0, 0, 1] 715
[0, 0, 1] 752
[0, 0, 1] 766
[0, 0, 1] 831
[0, 0, 1] 867
[0, 0, 1] 869
[0, 0, 1] 954
[0, 0, 1] 965
[0, 0, 1] 966
[0, 0, 1] 972
[0, 0, 1] 980
