VARIABLES 100
NB_OBJ 3
ITEMS
[1, 1, 1] 94
[1, 1, 1] 104
[1, 1, 1] 111
[1, 1, 1] 189
[1, 1, 1] 204
[1, 1, 1] 209
[1, 1, 1] 279
[1, 1, 1] 316
[1, 1, 1] 330
[1, 1, 1] 337
[1, 1, 1] 348
[1, 1, 1] 352
[1, 1, 1] 388
[1, 1, 1] 392
[1, 1, 1] 394
[1, 1, 1] 419
[1, 1, 1] 434
[1, 1, 1] 471
[1, 1, 1] 581
[1, 1, 1] 583
[1, 1, 1] 622
[1, 1, 1] 626
[1, 1, 1] 630
[1, 1, 1] 639
[1, 1, 1] 646
[1, 1, 1] 650
[1, 1, 1] 668
[1, 1, 1] 687
[1, 1, 1] 800
[1, 1, 1] 937
[1, 1, 1] 941
[1, 1, 1] 957
[0, 1, 1] 13
[0, 1, 1] 18
[0, 1, 1] 63
[0, 1, 1] 73
[0, 1, 1] 81
[0, 1, 1] 122
[0, 1, 1] 158
[0, 1, 1] 159
[0, 1, 1] 173
[0, 1, 1] 173
[0, 1, 1] 178
[0, 1, 1] 297
[0, 1, 1] 302
[0, 1, 1] 306
[0, 1, 1] 316
[0, 1, 1] 331
[0, 1, 1] 341
[0, 1, 1] 364
[0, 1, 1] 382
[0, 1, 1] 395
[0, 1, 1] 451
[0, 1, 1] 486
[0, 1, 1] 549
[0, 1, 1] 594
[0, 1, 1] 666
[0, 1, 1] 742
[0, 1, 1] 805
[0, 1, 1] 806
[0, 1, 1] 813
[0, 1, 1] 857
[0, 1, 1] 912
[0, 1, 1] 980
[0, 0, 1] 1
[0, 0, 1] 62
[0, 0, 1] 62
[0, 0, 1] 72
[0, 0, 1] 134
[0, 0, 1] 174
[0, 0, 1] 182
[0, 0, 1] 185
[0, 0, 1] 203
[0, 0, 1] 219
[0, 0, 1] 313
[0, 0, 1] 342
[0, 0, 1] 416
[0, 0, 1] 418
[0, 0, 1] 432
[0, 0, 1] 443
[0, 0, 1] 453
[0, 0, 1] 476
[0, 0, 1] 480
[0, 0, 1] 497
[0, 0, 1] 503
[0, 0, 1] 570
[0, 0, 1] 582
[0, 0, 1] 589
[0, 0, 1] 601
[0, 0, 1] 604
[0, 0, 1] 641
[0, 0, 1] 690
[0, 0, 1] 718
[0, 0, 1] 726
[0, 0, 1] 795
[0, 0, 1] 851
[0, 0, 1] 872
[0, 0, 1] 940
[0, 0, 1] 968
[0, 0, 1] 988
