VARIABLES 100
NB_OBJ 3
ITEMS
[1, 1, 1] 37
[1, 1, 1] 67
[1, 1, 1] 68
[1, 1, 1] 103
[1, 1, 1] 206
[1, 1, 1] 222
[1, 1, 1] 278
[1, 1, 1] 307
[1, 1, 1] 335
[1, 1, 1] 393
[1, 1, 1] 413
[1, 1, 1] 491
[1, 1, 1] 521
[1, 1, 1] 565
[1, 1, 1] 587
[1, 1, 1] 595
[1, 1, 1] 652
[1, 1, 1] 656
[1, 1, 1] 657
[1, 1, 1] 699
[1, 1, 1] 727
[1, 1, 1] 744
[1, 1, 1] 784
[1, 1, 1] 851
[1, 1, 1] 902
[1, 1, 1] 906
[1, 1, 1] 929
[1, 1, 1] 930
[1, 1, 1] 953
[1, 1, 1] 1000
[1, 1, 1] 1000
[0, 1, 1] 31
[0, 1, 1] 31
[0, 1, 1] 36
[0, 1, 1] 74
[0, 1, 1] 94
[0, 1, 1] 121
[0, 1, 1] 167
[0, 1, 1] 209
[0, 1, 1] 209
[0, 1, 1] 244
[0, 1, 1] 285
[0, 1, 1] 307
[0, 1, 1] 342
[0, 1, 1] 358
[0, 1, 1] 372
[0, 1, 1] 389
[0, 1, 1] 434
[0, 1, 1] 437
[0, 1, 1] 450
[0, 1, 1] 483
[0, 1, 1] 500
[0, 1, 1] 539
[0, 1, 1] 542
[0, 1, 1] 548
[0, 1, 1] 600
[0, 1, 1] 639
[0, 1, 1] 647
[0, 1, 1] 661
[0, 1, 1] 675
[0, 1, 1] 684
[0, 1, 1] 699
[0, 1, 1] 700
[0, 1, 1] 706
[0, 1, 1] 734
[0, 1, 1] 797
[0, 1, 1] 829
[0, 1, 1] 832
[0, 1, 1] 894
[0, 1, 1] 904
[0, 1, 1] 917
[0, 1, 1] 922
[0, 1, 1] 931
[0, 1, 1] 945
[0, 1, 1] 962
[0, 1, 1] 999
[0, 0, 1] 29
[0, 0, 1] 92
[0, 0, 1] 154
[0, 0, 1] 162
[0, 0, 1] 163
[0, 0, 1] 212
[0, 0, 1] 223
[0, 0, 1] 225
[0, 0, 1] 355
[0, 0, 1] 394
[0, 0, 1] 413
[0, 0, 1] 472
[0, 0, 1] 533
[0, 0, 1] 535
[0, 0, 1] 577
[0, 0, 1] 605
[0, 0, 1] 613
[0, 0, 1] 655
[0, 0, 1] 683
[0, 0, 1] 730
[0, 0, 1] 802
[0, 0, 1] 862
[0, 0, 1] 923
[0, 0, 1] 934
