VARIABLES 100
NB_OBJ 3
ITEMS
[1, 1, 1] 48
[1, 1, 1] 79
[1, 1, 1] 108
[1, 1, 1] 185
[1, 1, 1] 237
[1, 1, 1] 245
[1, 1, 1] 273
[1, 1, 1] 298
[1, 1, 1] 339
[1, 1, 1] 345
[1, 1, 1] 347
[1, 1, 1] 347
[1, 1, 1] 355
[1, 1, 1] 381
[1, 1, 1] 398
[1, 1, 1] 428
[1, 1, 1] 441
[1, 1, 1] 458
[1, 1, 1] 462
[1, 1, 1] 473
[1, 1, 1] 490
[1, 1, 1] 502
[1, 1, 1] 527
[1, 1, 1] 583
[1, 1, 1] 589
[1, 1, 1] 634
[1, 1, 1] 671
[1, 1, 1] 687
[1, 1, 1] 688
[1, 1, 1] 743
[1, 1, 1] 762
[1, 1, 1] 765
[1, 1, 1] 804
[1, 1, 1] 825
[1, 1, 1] 856
[1, 1, 1] 863
[1, 1, 1] 876
[1, 1, 1] 895
[1, 1, 1] 913
[1, 1, 1] 969
[1, 1, 1] 974
[0, 1, 1] 63
[0, 1, 1] 68
[0, 1, 1] 123
[0, 1, 1] 162
[0, 1, 1] 220
[0, 1, 1] 234
[0, 1, 1] 241
[0, 1, 1] 273
[0, 1, 1] 292
[0, 1, 1] 302
[0, 1, 1] 313
[0, 1, 1] 334
[0, 1, 1] 357
[0, 1, 1] 382
[0, 1, 1] 439
[0, 1, 1] 483
[0, 1, 1] 487
[0, 1, 1] 496
[0, 1, 1] 650
[0, 1, 1] 683
[0, 1, 1] 696
[0, 1, 1] 696
[0, 1, 1] 729
[0, 1, 1] 790
[0, 1, 1] 799
[0, 1, 1] 813
[0, 1, 1] 869
[0, 1, 1] 879
[0, 1, 1] 913
[0, 1, 1] 959
[0, 0, 1] 62
[0, 0, 1] 85
[0, 0, 1] 96
[0, 0, 1] 101
[0, 0, 1] 115
[0, 0, 1] 119
[0, 0, 1] 138
[0, 0, 1] 165
[0, 0, 1] 207
[0, 0, 1] 219
[0, 0, 1] 253
[0, 0, 1] 284
[0, 0, 1] 353
[0, 0, 1] 402
[0, 0, 1] 452
[0, 0, 1] 481
[0, 0, 1] 496
[0, 0, 1] 516
[0, 0, 1] 518
[0, 0, 1] 573
[0, 0, 1] 578
[0, 0, 1] 593
[0, 0, 1] 652
[0, 0, 1] 780
[0, 0, 1] 782
[0, 0, 1] 797
[0, 0, 1] 830
[0, 0, 1] 832
[0, 0, 1] 906
