VARIABLES 100
NB_OBJ 3
ITEMS
[1, 1, 1] 33
[1, 1, 1] 195
[1, 1, 1] 208
[1, 1, 1] 242
[1, 1, 1] 244
[1, 1, 1] 255
[1, 1, 1] 265
[1, 1, 1] 287
[1, 1, 1] 292
[1, 1, 1] 306
[1, 1, 1] 388
[1, 1, 1] 422
[1, 1, 1] 461
[1, 1, 1] 463
[1, 1, 1] 475
[1, 1, 1] 500
[1, 1, 1] 511
[1, 1, 1] 522
[1, 1, 1] 561
[1, 1, 1] 581
[1, 1, 1] 629
[1, 1, 1] 682
[1, 1, 1] 684
[1, 1, 1] 704
[1, 1, 1] 774
[1, 1, 1] 923
[1, 1, 1] 924
[1, 1, 1] 934
[1, 1, 1] 965
[1, 1, 1] 972
[0, 1, 1] 7
[0, 1, 1] 12
[0, 1, 1] 60
[0, 1, 1] 172
[0, 1, 1] 194
[0, 1, 1] 233
[0, 1, 1] 236
[0, 1, 1] 243
[0, 1, 1] 295
[0, 1, 1] 371
[0, 1, 1] 401
[0, 1, 1] 440
[0, 1, 1] 463
[0, 1, 1] 487
[0, 1, 1] 506
[0, 1, 1] 534
[0, 1, 1] 588
[0, 1, 1] 641
[0, 1, 1] 650
[0, 1, 1] 664
[0, 1, 1] 754
[0, 1, 1] 758
[0, 1, 1] 796
[0, 1, 1] 831
[0, 1, 1] 843
[0, 1, 1] 850
[0, 1, 1] 931
[0, 0, 1] 16
[0, 0, 1] 17
[0, 0, 1] 34
[0, 0, 1] 68
[0, 0, 1] 88
[0, 0, 1] 101
[0, 0, 1] 103
[0, 0, 1] 108
[0, 0, 1] 111
[0, 0, 1] 111
[0, 0, 1] 119
[0, 0, 1] 193
[0, 0, 1] 238
[0, 0, 1] 304
[0, 0, 1] 312
[0, 0, 1] 546
[0, 0, 1] 557
[0, 0, 1] 577
[0, 0, 1] 583
[0, 0, 1] 591
[0, 0, 1] 603
[0, 0, 1] 637
[0, 0, 1] 644
[0, 0, 1] 651
[0, 0, 1] 659
[0, 0, 1] 681
[0, 0, 1] 719
[0, 0, 1] 722
[0, 0, 1] 753
[0, 0, 1] 771
[0, 0, 1] 778
[0, 0, 1] 795
[0, 0, 1] 797
[0, 0, 1] 825
[0, 0, 1] 860
[0, 0, 1] 879
[0, 0, 1] 887
[0, 0, 1] 888
[0, 0, 1] 892
[0, 0, 1] 893
[0, 0, 1] 914
[0, 0, 1] 949
[0, 0, 1] 994
