VARIABLES 100
NB_OBJ 3
ITEMS
[1, 1, 1] 3
[1, 1, 1] 15
[1, 1, 1] 112
[1, 1, 1] 112
[1, 1, 1] 121
[1, 1, 1] 226
[1, 1, 1] 296
[1, 1, 1] 320
[1, 1, 1] 334
[1, 1, 1] 397
[1, 1, 1] 401
[1, 1, 1] 457
[1, 1, 1] 539
[1, 1, 1] 554
[1, 1, 1] 559
[1, 1, 1] 592
[1, 1, 1] 657
[1, 1, 1] 680
[1, 1, 1] 697
[1, 1, 1] 712
[1, 1, 1] 799
[1, 1, 1] 813
[1, 1, 1] 852
[1, 1, 1] 864
[1, 1, 1] 891
[1, 1, 1] 929
[1, 1, 1] 930
[1, 1, 1] 946
[1, 1, 1] 981
[1, 1, 1] 984
[0, 1, 1] 52
[0, 1, 1] 110
[0, 1, 1] 129
[0, 1, 1] 137
[0, 1, 1] 174
[0, 1, 1] 178
[0, 1, 1] 178
[0, 1, 1] 190
[0, 1, 1] 232
[0, 1, 1] 340
[0, 1, 1] 343
[0, 1, 1] 343
[0, 1, 1] 351
[0, 1, 1] 392
[0, 1, 1] 420
[0, 1, 1] 449
[0, 1, 1] 497
[0, 1, 1] 503
[0, 1, 1] 588
[0, 1, 1] 649
[0, 1, 1] 682
[0, 1, 1] 716
[0, 1, 1] 780
[0, 1, 1] 801
[0, 1, 1] 816
[0, 1, 1] 834
[0, 1, 1] 875
[0, 1, 1] 907
[0, 1, 1] 923
[0, 1, 1] 951
[0, 1, 1] 952
[0, 1, 1] 984
[0, 0, 1] 3
[0, 0, 1] 9
[0, 0, 1] 94
[0, 0, 1] 113
[0, 0, 1] 127
[0, 0, 1] 129
[0, 0, 1] 156
[0, 0, 1] 179
[0, 0, 1] 195
[0, 0, 1] 201
[0, 0, 1] 206
[0, 0, 1] 207
[0, 0, 1] 220
[0, 0, 1] 236
[0, 0, 1] 266
[0, 0, 1] 349
[0, 0, 1] 363
[0, 0, 1] 369
[0, 0, 1] 384
[0, 0, 1] 386
[0, 0, 1] 409
[0, 0, 1] 430
[0, 0, 1] 453
[0, 0, 1] 530
[0, 0, 1] 605
[0, 0, 1] 637
[0, 0, 1] 716
[0, 0, 1] 783
[0, 0, 1] 822
[0, 0, 1] 829
[0, 0, 1] 836
[0, 0, 1] 910
[0, 0, 1] 912
[0, 0, 1] 925
[0, 0, 1] 942
[0, 0, 1] 958
[0, 0, 1] 982
[0, 0, 1] 989
