VARIABLES 100
NB_OBJ 3
ITEMS
[1, 1, 1] 7
[1, 1, 1] 18
[1, 1, 1] 26
[1, 1, 1] 29
[1, 1, 1] 49
[1, 1, 1] 57
[1, 1, 1] 65
[1, 1, 1] 69
[1, 1, 1] 93
[1, 1, 1] 121
[1, 1, 1] 161
[1, 1, 1] 193
[1, 1, 1] 211
[1, 1, 1] 219
[1, 1, 1] 223
[1, 1, 1] 251
[1, 1, 1] 261
[1, 1, 1] 316
[1, 1, 1] 335
[1, 1, 1] 344
[1, 1, 1] 349
[1, 1, 1] 352
[1, 1, 1] 420
[1, 1, 1] 439
[1, 1, 1] 564
[1, 1, 1] 605
[1, 1, 1] 691
[1, 1, 1] 691
[1, 1, 1] 694
[1, 1, 1] 707
[1, 1, 1] 755
[1, 1, 1] 779
[1, 1, 1] 834
[1, 1, 1] 865
[1, 1, 1] 874
[1, 1, 1] 881
[1, 1, 1] 893
[1, 1, 1] 915
[1, 1, 1] 939
[1, 1, 1] 954
[1, 1, 1] 961
[1, 1, 1] 974
[0, 1, 1] 58
[0, 1, 1] 93
[0, 1, 1] 119
[0, 1, 1] 147
[0, 1, 1] 151
[0, 1, 1] 152
[0, 1, 1] 232
[0, 1, 1] 254
[0, 1, 1] 324
[0, 1, 1] 331
[0, 1, 1] 407
[0, 1, 1] 437
[0, 1, 1] 440
[0, 1, 1] 462
[0, 1, 1] 488
[0, 1, 1] 503
[0, 1, 1] 519
[0, 1, 1] 543
[0, 1, 1] 563
[0, 1, 1] 564
[0, 1, 1] 628
[0, 1, 1] 632
[0, 1, 1] 756
[0, 1, 1] 837
[0, 1, 1] 904
[0, 1, 1] 917
[0, 1, 1] 948
[0, 1, 1] 954
[0, 1, 1] 955
[0, 0, 1] 37
[0, 0, 1] 53
[0, 0, 1] 122
[0, 0, 1] 185
[0, 0, 1] 205
[0, 0, 1] 228
[0, 0, 1] 310
[0, 0, 1] 313
[0, 0, 1] 378
[0, 0, 1] 405
[0, 0, 1] 412
[0, 0, 1] 446
[0, 0, 1] 449
[0, 0, 1] 497
[0, 0, 1] 499
[0, 0, 1] 510
[0, 0, 1] 513
[0, 0, 1] 520
[0, 0, 1] 556
[0, 0, 1] 596
[0, 0, 1] 613
[0, 0, 1] 690
[0, 0, 1] 752
[0, 0, 1] 786
[0, 0, 1] 847
[0, 0, 1] 909
[0, 0, 1] 919
[0, 0, 1] 955
[0, 0, 1] 974
