VARIABLES 100
NB_OBJ 3
ITEMS
[1, 1, 1] 7
[1, 1, 1] 9
[1, 1, 1] 28
[1, 1, 1] 44
[1, 1, 1] 50
[1, 1, 1] 76
[1, 1, 1] 83
[1, 1, 1] 100
[1, 1, 1] 112
[1, 1, 1] 147
[1, 1, 1] 157
[1, 1, 1] 175
[1, 1, 1] 203
[1, 1, 1] 211
[1, 1, 1] 249
[1, 1, 1] 318
[1, 1, 1] 362
[1, 1, 1] 408
[1, 1, 1] 432
[1, 1, 1] 507
[1, 1, 1] 542
[1, 1, 1] 579
[1, 1, 1] 592
[1, 1, 1] 595
[1, 1, 1] 646
[1, 1, 1] 663
[1, 1, 1] 724
[1, 1, 1] 771
[1, 1, 1] 785
[1, 1, 1] 825
[1, 1, 1] 850
[1, 1, 1] 911
[1, 1, 1] 962
[1, 1, 1] 982
[0, 1, 1] 50
[0, 1, 1] 84
[0, 1, 1] 99
[0, 1, 1] 110
[0, 1, 1] 152
[0, 1, 1] 155
[0, 1, 1] 182
[0, 1, 1] 216
[0, 1, 1] 253
[0, 1, 1] 268
[0, 1, 1] 323
[0, 1, 1] 356
[0, 1, 1] 373
[0, 1, 1] 432
[0, 1, 1] 451
[0, 1, 1] 467
[0, 1, 1] 499
[0, 1, 1] 579
[0, 1, 1] 659
[0, 1, 1] 689
[0, 1, 1] 705
[0, 1, 1] 748
[0, 1, 1] 788
[0, 1, 1] 790
[0, 1, 1] 800
[0, 1, 1] 826
[0, 1, 1] 868
[0, 1, 1] 911
[0, 1, 1] 921
[0, 1, 1] 934
[0, 1, 1] 980
[0, 0, 1] 8
[0, 0, 1] 14
[0, 0, 1] 16
[0, 0, 1] 46
[0, 0, 1] 112
[0, 0, 1] 129
[0, 0, 1] 180
[0, 0, 1] 309
[0, 0, 1] 340
[0, 0, 1] 378
[0, 0, 1] 403
[0, 0, 1] 418
[0, 0, 1] 419
[0, 0, 1] 451
[0, 0, 1] 454
[0, 0, 1] 529
[0, 0, 1] 531
[0, 0, 1] 541
[0, 0, 1] 543
[0, 0, 1] 563
[0, 0, 1] 609
[0, 0, 1] 611
[0, 0, 1] 663
[0, 0, 1] 703
[0, 0, 1] 731
[0, 0, 1] 795
[0, 0, 1] 830
[0, 0, 1] 840
[0, 0, 1] 845
[0, 0, 1] 866
[0, 0, 1] 872
[0, 0, 1] 927
[0, 0, 1] 932
[0, 0, 1] 978
[0, 0, 1] 990
