VARIABLES 100
NB_OBJ 3
ITEMS
[1, 1, 1] 6
[1, 1, 1] 58
[1, 1, 1] 110
[1, 1, 1] 147
[1, 1, 1] 149
[1, 1, 1] 157
[1, 1, 1] 158
[1, 1, 1] 255
[1, 1, 1] 263
[1, 1, 1] 280
[1, 1, 1] 311
[1, 1, 1] 353
[1, 1, 1] 377
[1, 1, 1] 402
[1, 1, 1] 415
[1, 1, 1] 415
[1, 1, 1] 416
[1, 1, 1] 423
[1, 1, 1] 525
[1, 1, 1] 565
[1, 1, 1] 617
[1, 1, 1] 627
[1, 1, 1] 646
[1, 1, 1] 696
[1, 1, 1] 717
[1, 1, 1] 722
[1, 1, 1] 812
[1, 1, 1] 814
[1, 1, 1] 833
[1, 1, 1] 925
[1, 1, 1] 990
[0, 1, 1] 141
[0, 1, 1] 176
[0, 1, 1] 190
[0, 1, 1] 225
[0, 1, 1] 241
[0, 1, 1] 253
[0, 1, 1] 261
[0, 1, 1] 267
[0, 1, 1] 286
[0, 1, 1] 302
[0, 1, 1] 321
[0, 1, 1] 362
[0, 1, 1] 412
[0, 1, 1] 452
[0, 1, 1] 464
[0, 1, 1] 498
[0, 1, 1] 505
[0, 1, 1] 536
[0, 1, 1] 546
[0, 1, 1] 587
[0, 1, 1] 603
[0, 1, 1] 640
[0, 1, 1] 645
[0, 1, 1] 723
[0, 1, 1] 743
[0, 1, 1] 746
[0, 1, 1] 750
[0, 1, 1] 774
[0, 1, 1] 776
[0, 1, 1] 817
[0, 1, 1] 822
[0, 1, 1] 825
[0, 1, 1] 896
[0, 1, 1] 939
[0, 1, 1] 957
[0, 1, 1] 971
[0, 0, 1] 20
[0, 0, 1] 24
[0, 0, 1] 48
[0, 0, 1] 53
[0, 0, 1] 185
[0, 0, 1] 210
[0, 0, 1] 218
[0, 0, 1] 279
[0, 0, 1] 285
[0, 0, 1] 318
[0, 0, 1] 339
[0, 0, 1] 353
[0, 0, 1] 359
[0, 0, 1] 381
[0, 0, 1] 426
[0, 0, 1] 441
[0, 0, 1] 446
[0, 0, 1] 470
[0, 0, 1] 526
[0, 0, 1] 526
[0, 0, 1] 557
[0, 0, 1] 596
[0, 0, 1] 632
[0, 0, 1] 647
[0, 0, 1] 648
[0, 0, 1] 670
[0, 0, 1] 700
[0, 0, 1] 704
[0, 0, 1] 800
[0, 0, 1] 821
[0, 0, 1] 916
[0, 0, 1] 924
[0, 0, 1] 996
