VARIABLES 50
NB_OBJ 4
ITEMS
[1, 1, 1, 1] 131
[1, 1, 1, 1] 216
[1, 1, 1, 1] 300
[1, 1, 1, 1] 391
[1, 1, 1, 1] 535
[1, 1, 1, 1] 559
[1, 1, 1, 1] 571
[1, 1, 1, 1] 578
[1, 1, 1, 1] 627
[1, 1, 1, 1] 774
[1, 1, 1, 1] 784
[1, 1, 1, 1] 808
[0, 1, 1, 1] 8
[0, 1, 1, 1] 38
[0, 1, 1, 1] 78
[0, 1, 1, 1] 109
[0, 1, 1, 1] 165
[0, 1, 1, 1] 339
[0, 1, 1, 1] 370
[0, 1, 1, 1] 376
[0, 1, 1, 1] 439
[0, 1, 1, 1] 561
[0, 1, 1, 1] 645
[0, 1, 1, 1] 673
[0, 1, 1, 1] 706
[0, 1, 1, 1] 764
[0, 1, 1, 1] 800
[0, 1, 1, 1] 890
[0, 1, 1, 1] 997
[0, 0, 1, 1] 25
[0, 0, 1, 1] 114
[0, 0, 1, 1] 344
[0, 0, 1, 1] 626
[0, 0, 1, 1] 719
[0, 0, 1, 1] 774
[0, 0, 1, 1] 775
[0, 0, 1, 1] 823
[0, 0, 1, 1] 931
[0, 0, 0, 1] 198
[0, 0, 0, 1] 211
[0, 0, 0, 1] 257
[0, 0, 0, 1] 270
[0, 0, 0, 1] 289
[0, 0, 0, 1] 534
[0, 0, 0, 1] 538
[0, 0, 0, 1] 674
[0, 0, 0, 1] 689
[0, 0, 0, 1] 699
[0, 0, 0, 1] 731
[0, 0, 0, 1] 932
