VARIABLES 50
NB_OBJ 4
ITEMS
[1, 1, 1, 1] 3
[1, 1, 1, 1] 13
[1, 1, 1, 1] 202
[1, 1, 1, 1] 258
[1, 1, 1, 1] 355
[1, 1, 1, 1] 363
[1, 1, 1, 1] 486
[1, 1, 1, 1] 615
[1, 1, 1, 1] 652
[1, 1, 1, 1] 957
[1, 1, 1, 1] 965
[1, 1, 1, 1] 980
[0, 1, 1, 1] 153
[0, 1, 1, 1] 251
[0, 1, 1, 1] 267
[0, 1, 1, 1] 341
[0, 1, 1, 1] 481
[0, 1, 1, 1] 505
[0, 1, 1, 1] 658
[0, 1, 1, 1] 667
[0, 1, 1, 1] 721
[0, 1, 1, 1] 741
[0, 1, 1, 1] 778
[0, 1, 1, 1] 812
[0, 1, 1, 1] 973
[0, 0, 1, 1] 19
[0, 0, 1, 1] 34
[0, 0, 1, 1] 229
[0, 0, 1, 1] 412
[0, 0, 1, 1] 463
[0, 0, 1, 1] 492
[0, 0, 1, 1] 495
[0, 0, 1, 1] 535
[0, 0, 1, 1] 591
[0, 0, 1, 1] 604
[0, 0, 1, 1] 729
[0, 0, 1, 1] 764
[0, 0, 1, 1] 787
[0, 0, 1, 1] 882
[0, 0, 1, 1] 902
[0, 0, 1, 1] 952
[0, 0, 1, 1] 978
[0, 0, 0, 1] 60
[0, 0, 0, 1] 117
[0, 0, 0, 1] 147
[0, 0, 0, 1] 259
[0, 0, 0, 1] 342
[0, 0, 0, 1] 524
[0, 0, 0, 1] 714
[0, 0, 0, 1] 752
