VARIABLES 50
NB_OBJ 4
ITEMS
[1, 1, 1, 1] 15
[1, 1, 1, 1] 224
[1, 1, 1, 1] 268
[1, 1, 1, 1] 359
[1, 1, 1, 1] 635
[1, 1, 1, 1] 741
[0, 1, 1, 1] 115
[0, 1, 1, 1] 193
[0, 1, 1, 1] 239
[0, 1, 1, 1] 410
[0, 1, 1, 1] 491
[0, 1, 1, 1] 512
[0, 1, 1, 1] 587
[0, 1, 1, 1] 593
[0, 1, 1, 1] 646
[0, 1, 1, 1] 652
[0, 1, 1, 1] 680
[0, 1, 1, 1] 683
[0, 1, 1, 1] 711
[0, 1, 1, 1] 797
[0, 1, 1, 1] 830
[0, 1, 1, 1] 868
[0, 1, 1, 1] 910
[0, 1, 1, 1] 913
[0, 1, 1, 1] 944
[0, 0, 1, 1] 69
[0, 0, 1, 1] 85
[0, 0, 1, 1] 147
[0, 0, 1, 1] 173
[0, 0, 1, 1] 249
[0, 0, 1, 1] 306
[0, 0, 1, 1] 337
[0, 0, 1, 1] 516
[0, 0, 1, 1] 657
[0, 0, 1, 1] 693
[0, 0, 1, 1] 869
[0, 0, 0, 1] 183
[0, 0, 0, 1] 225
[0, 0, 0, 1] 266
[0, 0, 0, 1] 356
[0, 0, 0, 1] 361
[0, 0, 0, 1] 437
[0, 0, 0, 1] 597
[0, 0, 0, 1] 704
[0, 0, 0, 1] 810
[0, 0, 0, 1] 835
[0, 0, 0, 1] 852
[0, 0, 0, 1] 892
[0, 0, 0, 1] 931
[0, 0, 0, 1] 974
