VARIABLES 50
NB_OBJ 4
ITEMS
[1, 1, 1, 1] 74
[1, 1, 1, 1] 144
[1, 1, 1, 1] 151
[1, 1, 1, 1] 165
[1, 1, 1, 1] 329
[1, 1, 1, 1] 338
[1, 1, 1, 1] 580
[1, 1, 1, 1] 635
[1, 1, 1, 1] 779
[1, 1, 1, 1] 880
[1, 1, 1, 1] 981
[1, 1, 1, 1] 994
[0, 1, 1, 1] 382
[0, 1, 1, 1] 474
[0, 1, 1, 1] 546
[0, 1, 1, 1] 633
[0, 1, 1, 1] 693
[0, 1, 1, 1] 714
[0, 1, 1, 1] 953
[0, 0, 1, 1] 3
[0, 0, 1, 1] 21
[0, 0, 1, 1] 136
[0, 0, 1, 1] 163
[0, 0, 1, 1] 201
[0, 0, 1, 1] 269
[0, 0, 1, 1] 275
[0, 0, 1, 1] 283
[0, 0, 1, 1] 447
[0, 0, 1, 1] 451
[0, 0, 1, 1] 464
[0, 0, 1, 1] 468
[0, 0, 1, 1] 646
[0, 0, 1, 1] 735
[0, 0, 1, 1] 866
[0, 0, 1, 1] 991
[0, 0, 0, 1] 76
[0, 0, 0, 1] 171
[0, 0, 0, 1] 171
[0, 0, 0, 1] 192
[0, 0, 0, 1] 230
[0, 0, 0, 1] 285
[0, 0, 0, 1] 306
[0, 0, 0, 1] 375
[0, 0, 0, 1] 398
[0, 0, 0, 1] 526
[0, 0, 0, 1] 811
[0, 0, 0, 1] 853
[0, 0, 0, 1] 900
[0, 0, 0, 1] 908
[0, 0, 0, 1] 993
