VARIABLES 50
NB_OBJ 4
ITEMS
[1, 1, 1, 1] 87
[1, 1, 1, 1] 99
[1, 1, 1, 1] 354
[1, 1, 1, 1] 362
[1, 1, 1, 1] 392
[1, 1, 1, 1] 439
[1, 1, 1, 1] 702
[1, 1, 1, 1] 804
[1, 1, 1, 1] 876
[0, 1, 1, 1] 13
[0, 1, 1, 1] 186
[0, 1, 1, 1] 321
[0, 1, 1, 1] 594
[0, 1, 1, 1] 707
[0, 1, 1, 1] 714
[0, 1, 1, 1] 719
[0, 1, 1, 1] 839
[0, 1, 1, 1] 948
[0, 1, 1, 1] 970
[0, 1, 1, 1] 986
[0, 0, 1, 1] 142
[0, 0, 1, 1] 267
[0, 0, 1, 1] 574
[0, 0, 1, 1] 574
[0, 0, 1, 1] 583
[0, 0, 1, 1] 705
[0, 0, 1, 1] 719
[0, 0, 1, 1] 738
[0, 0, 1, 1] 747
[0, 0, 1, 1] 790
[0, 0, 1, 1] 802
[0, 0, 1, 1] 835
[0, 0, 1, 1] 863
[0, 0, 1, 1] 899
[0, 0, 1, 1] 925
[0, 0, 0, 1] 17
[0, 0, 0, 1] 61
[0, 0, 0, 1] 76
[0, 0, 0, 1] 101
[0, 0, 0, 1] 182
[0, 0, 0, 1] 342
[0, 0, 0, 1] 450
[0, 0, 0, 1] 510
[0, 0, 0, 1] 597
[0, 0, 0, 1] 628
[0, 0, 0, 1] 724
[0, 0, 0, 1] 838
[0, 0, 0, 1] 889
[0, 0, 0, 1] 928
[0, 0, 0, 1] 943
