VARIABLES 50
NB_OBJ 4
ITEMS
[1, 1, 1, 1] 100
[1, 1, 1, 1] 337
[1, 1, 1, 1] 436
[1, 1, 1, 1] 573
[1, 1, 1, 1] 580
[1, 1, 1, 1] 627
[1, 1, 1, 1] 648
[1, 1, 1, 1] 685
[1, 1, 1, 1] 705
[1, 1, 1, 1] 777
[1, 1, 1, 1] 861
[1, 1, 1, 1] 987
[0, 1, 1, 1] 60
[0, 1, 1, 1] 158
[0, 1, 1, 1] 170
[0, 1, 1, 1] 174
[0, 1, 1, 1] 338
[0, 1, 1, 1] 395
[0, 1, 1, 1] 573
[0, 1, 1, 1] 729
[0, 1, 1, 1] 774
[0, 1, 1, 1] 864
[0, 1, 1, 1] 875
[0, 0, 1, 1] 4
[0, 0, 1, 1] 67
[0, 0, 1, 1] 218
[0, 0, 1, 1] 380
[0, 0, 1, 1] 513
[0, 0, 1, 1] 513
[0, 0, 1, 1] 630
[0, 0, 1, 1] 942
[0, 0, 1, 1] 978
[0, 0, 0, 1] 51
[0, 0, 0, 1] 121
[0, 0, 0, 1] 233
[0, 0, 0, 1] 238
[0, 0, 0, 1] 244
[0, 0, 0, 1] 319
[0, 0, 0, 1] 321
[0, 0, 0, 1] 371
[0, 0, 0, 1] 478
[0, 0, 0, 1] 500
[0, 0, 0, 1] 552
[0, 0, 0, 1] 636
[0, 0, 0, 1] 655
[0, 0, 0, 1] 676
[0, 0, 0, 1] 679
[0, 0, 0, 1] 732
[0, 0, 0, 1] 956
[0, 0, 0, 1] 979
