VARIABLES 50
NB_OBJ 4
ITEMS
[1, 1, 1, 1] 16
[1, 1, 1, 1] 68
[1, 1, 1, 1] 78
[1, 1, 1, 1] 175
[1, 1, 1, 1] 254
[1, 1, 1, 1] 415
[1, 1, 1, 1] 432
[1, 1, 1, 1] 707
[1, 1, 1, 1] 748
[1, 1, 1, 1] 835
[1, 1, 1, 1] 931
[1, 1, 1, 1] 980
[1, 1, 1, 1] 985
[0, 1, 1, 1] 81
[0, 1, 1, 1] 100
[0, 1, 1, 1] 157
[0, 1, 1, 1] 212
[0, 1, 1, 1] 343
[0, 1, 1, 1] 528
[0, 1, 1, 1] 667
[0, 1, 1, 1] 694
[0, 1, 1, 1] 700
[0, 1, 1, 1] 781
[0, 1, 1, 1] 855
[0, 1, 1, 1] 875
[0, 1, 1, 1] 982
[0, 0, 1, 1] 42
[0, 0, 1, 1] 83
[0, 0, 1, 1] 118
[0, 0, 1, 1] 138
[0, 0, 1, 1] 146
[0, 0, 1, 1] 183
[0, 0, 1, 1] 226
[0, 0, 1, 1] 234
[0, 0, 1, 1] 279
[0, 0, 1, 1] 303
[0, 0, 1, 1] 346
[0, 0, 1, 1] 446
[0, 0, 1, 1] 523
[0, 0, 1, 1] 598
[0, 0, 1, 1] 651
[0, 0, 1, 1] 710
[0, 0, 1, 1] 835
[0, 0, 1, 1] 892
[0, 0, 1, 1] 974
[0, 0, 1, 1] 992
[0, 0, 0, 1] 5
[0, 0, 0, 1] 101
[0, 0, 0, 1] 526
[0, 0, 0, 1] 727
