VARIABLES 50
NB_OBJ 4
ITEMS
[1, 1, 1, 1] 110
[1, 1, 1, 1] 166
[1, 1, 1, 1] 280
[1, 1, 1, 1] 338
[1, 1, 1, 1] 407
[1, 1, 1, 1] 533
[1, 1, 1, 1] 542
[0, 1, 1, 1] 15
[0, 1, 1, 1] 46
[0, 1, 1, 1] 97
[0, 1, 1, 1] 171
[0, 1, 1, 1] 190
[0, 1, 1, 1] 250
[0, 1, 1, 1] 387
[0, 1, 1, 1] 451
[0, 1, 1, 1] 528
[0, 1, 1, 1] 581
[0, 1, 1, 1] 595
[0, 1, 1, 1] 605
[0, 1, 1, 1] 623
[0, 1, 1, 1] 639
[0, 1, 1, 1] 793
[0, 1, 1, 1] 815
[0, 1, 1, 1] 840
[0, 1, 1, 1] 874
[0, 0, 1, 1] 14
[0, 0, 1, 1] 22
[0, 0, 1, 1] 118
[0, 0, 1, 1] 303
[0, 0, 1, 1] 312
[0, 0, 1, 1] 450
[0, 0, 1, 1] 471
[0, 0, 1, 1] 526
[0, 0, 1, 1] 562
[0, 0, 1, 1] 833
[0, 0, 1, 1] 872
[0, 0, 0, 1] 13
[0, 0, 0, 1] 81
[0, 0, 0, 1] 146
[0, 0, 0, 1] 367
[0, 0, 0, 1] 380
[0, 0, 0, 1] 428
[0, 0, 0, 1] 529
[0, 0, 0, 1] 569
[0, 0, 0, 1] 586
[0, 0, 0, 1] 622
[0, 0, 0, 1] 661
[0, 0, 0, 1] 711
[0, 0, 0, 1] 756
[0, 0, 0, 1] 799
