VARIABLES 50
NB_OBJ 4
ITEMS
[1, 1, 1, 1] 76
[1, 1, 1, 1] 95
[1, 1, 1, 1] 170
[1, 1, 1, 1] 418
[1, 1, 1, 1] 570
[1, 1, 1, 1] 627
[1, 1, 1, 1] 696
[1, 1, 1, 1] 756
[1, 1, 1, 1] 883
[1, 1, 1, 1] 938
[1, 1, 1, 1] 957
[0, 1, 1, 1] 118
[0, 1, 1, 1] 186
[0, 1, 1, 1] 319
[0, 1, 1, 1] 379
[0, 1, 1, 1] 390
[0, 1, 1, 1] 476
[0, 1, 1, 1] 501
[0, 1, 1, 1] 585
[0, 1, 1, 1] 729
[0, 0, 1, 1] 25
[0, 0, 1, 1] 33
[0, 0, 1, 1] 52
[0, 0, 1, 1] 65
[0, 0, 1, 1] 69
[0, 0, 1, 1] 112
[0, 0, 1, 1] 182
[0, 0, 1, 1] 193
[0, 0, 1, 1] 271
[0, 0, 1, 1] 398
[0, 0, 1, 1] 426
[0, 0, 1, 1] 500
[0, 0, 1, 1] 629
[0, 0, 1, 1] 749
[0, 0, 1, 1] 956
[0, 0, 0, 1] 2
[0, 0, 0, 1] 3
[0, 0, 0, 1] 272
[0, 0, 0, 1] 290
[0, 0, 0, 1] 313
[0, 0, 0, 1] 354
[0, 0, 0, 1] 419
[0, 0, 0, 1] 428
[0, 0, 0, 1] 479
[0, 0, 0, 1] 508
[0, 0, 0, 1] 640
[0, 0, 0, 1] 856
[0, 0, 0, 1] 897
[0, 0, 0, 1] 940
[0, 0, 0, 1] 987
