VARIABLES 50
NB_OBJ 4
ITEMS
[1, 1, 1, 1] 30
[1, 1, 1, 1] 164
[1, 1, 1, 1] 207
[1, 1, 1, 1] 254
[1, 1, 1, 1] 285
[1, 1, 1, 1] 575
[1, 1, 1, 1] 615
[1, 1, 1, 1] 679
[1, 1, 1, 1] 759
[1, 1, 1, 1] 820
[1, 1, 1, 1] 980
[0, 1, 1, 1] 45
[0, 1, 1, 1] 141
[0, 1, 1, 1] 146
[0, 1, 1, 1] 218
[0, 1, 1, 1] 319
[0, 1, 1, 1] 336
[0, 1, 1, 1] 395
[0, 1, 1, 1] 550
[0, 1, 1, 1] 568
[0, 1, 1, 1] 602
[0, 1, 1, 1] 670
[0, 1, 1, 1] 711
[0, 1, 1, 1] 725
[0, 1, 1, 1] 787
[0, 1, 1, 1] 812
[0, 1, 1, 1] 828
[0, 1, 1, 1] 868
[0, 1, 1, 1] 898
[0, 1, 1, 1] 999
[0, 0, 1, 1] 218
[0, 0, 1, 1] 299
[0, 0, 1, 1] 406
[0, 0, 1, 1] 494
[0, 0, 1, 1] 606
[0, 0, 1, 1] 617
[0, 0, 1, 1] 985
[0, 0, 0, 1] 44
[0, 0, 0, 1] 228
[0, 0, 0, 1] 243
[0, 0, 0, 1] 246
[0, 0, 0, 1] 445
[0, 0, 0, 1] 602
[0, 0, 0, 1] 627
[0, 0, 0, 1] 632
[0, 0, 0, 1] 702
[0, 0, 0, 1] 801
[0, 0, 0, 1] 828
[0, 0, 0, 1] 911
[0, 0, 0, 1] 996
