VARIABLES 50
NB_OBJ 4
ITEMS
[1, 1, 1, 1] 9
[1, 1, 1, 1] 482
[1, 1, 1, 1] 628
[1, 1, 1, 1] 732
[1, 1, 1, 1] 835
[1, 1, 1, 1] 868
[1, 1, 1, 1] 890
[1, 1, 1, 1] 901
[1, 1, 1, 1] 992
[0, 1, 1, 1] 7
[0, 1, 1, 1] 69
[0, 1, 1, 1] 83
[0, 1, 1, 1] 114
[0, 1, 1, 1] 180
[0, 1, 1, 1] 200
[0, 1, 1, 1] 341
[0, 1, 1, 1] 385
[0, 1, 1, 1] 421
[0, 1, 1, 1] 431
[0, 1, 1, 1] 671
[0, 1, 1, 1] 690
[0, 1, 1, 1] 695
[0, 1, 1, 1] 720
[0, 1, 1, 1] 844
[0, 1, 1, 1] 905
[0, 1, 1, 1] 959
[0, 0, 1, 1] 78
[0, 0, 1, 1] 170
[0, 0, 1, 1] 224
[0, 0, 1, 1] 245
[0, 0, 1, 1] 419
[0, 0, 1, 1] 428
[0, 0, 1, 1] 575
[0, 0, 1, 1] 711
[0, 0, 1, 1] 851
[0, 0, 1, 1] 862
[0, 0, 0, 1] 206
[0, 0, 0, 1] 244
[0, 0, 0, 1] 422
[0, 0, 0, 1] 473
[0, 0, 0, 1] 474
[0, 0, 0, 1] 501
[0, 0, 0, 1] 721
[0, 0, 0, 1] 735
[0, 0, 0, 1] 773
[0, 0, 0, 1] 790
[0, 0, 0, 1] 799
[0, 0, 0, 1] 865
[0, 0, 0, 1] 912
[0, 0, 0, 1] 918
