VARIABLES 50
NB_OBJ 4
ITEMS
[1, 1, 1, 1] 21
[1, 1, 1, 1] 153
[1, 1, 1, 1] 260
[1, 1, 1, 1] 367
[1, 1, 1, 1] 477
[1, 1, 1, 1] 535
[1, 1, 1, 1] 680
[1, 1, 1, 1] 683
[1, 1, 1, 1] 724
[1, 1, 1, 1] 858
[0, 1, 1, 1] 23
[0, 1, 1, 1] 310
[0, 1, 1, 1] 358
[0, 1, 1, 1] 580
[0, 1, 1, 1] 581
[0, 1, 1, 1] 647
[0, 1, 1, 1] 759
[0, 1, 1, 1] 794
[0, 1, 1, 1] 817
[0, 1, 1, 1] 879
[0, 1, 1, 1] 910
[0, 0, 1, 1] 64
[0, 0, 1, 1] 458
[0, 0, 1, 1] 526
[0, 0, 1, 1] 538
[0, 0, 1, 1] 712
[0, 0, 1, 1] 860
[0, 0, 1, 1] 880
[0, 0, 1, 1] 986
[0, 0, 0, 1] 20
[0, 0, 0, 1] 44
[0, 0, 0, 1] 142
[0, 0, 0, 1] 155
[0, 0, 0, 1] 297
[0, 0, 0, 1] 300
[0, 0, 0, 1] 310
[0, 0, 0, 1] 351
[0, 0, 0, 1] 385
[0, 0, 0, 1] 406
[0, 0, 0, 1] 472
[0, 0, 0, 1] 476
[0, 0, 0, 1] 505
[0, 0, 0, 1] 575
[0, 0, 0, 1] 639
[0, 0, 0, 1] 664
[0, 0, 0, 1] 801
[0, 0, 0, 1] 834
[0, 0, 0, 1] 842
[0, 0, 0, 1] 846
[0, 0, 0, 1] 911
