VARIABLES 50
NB_OBJ 4
ITEMS
[1, 1, 1, 1] 147
[1, 1, 1, 1] 323
[1, 1, 1, 1] 354
[1, 1, 1, 1] 413
[1, 1, 1, 1] 575
[1, 1, 1, 1] 604
[1, 1, 1, 1] 661
[1, 1, 1, 1] 720
[1, 1, 1, 1] 965
[1, 1, 1, 1] 971
[0, 1, 1, 1] 342
[0, 1, 1, 1] 371
[0, 1, 1, 1] 382
[0, 1, 1, 1] 383
[0, 1, 1, 1] 437
[0, 1, 1, 1] 453
[0, 1, 1, 1] 456
[0, 1, 1, 1] 468
[0, 1, 1, 1] 537
[0, 1, 1, 1] 720
[0, 1, 1, 1] 816
[0, 1, 1, 1] 872
[0, 0, 1, 1] 132
[0, 0, 1, 1] 305
[0, 0, 1, 1] 353
[0, 0, 1, 1] 420
[0, 0, 1, 1] 428
[0, 0, 1, 1] 439
[0, 0, 1, 1] 646
[0, 0, 1, 1] 714
[0, 0, 1, 1] 719
[0, 0, 1, 1] 789
[0, 0, 1, 1] 840
[0, 0, 1, 1] 861
[0, 0, 1, 1] 941
[0, 0, 1, 1] 971
[0, 0, 0, 1] 234
[0, 0, 0, 1] 286
[0, 0, 0, 1] 408
[0, 0, 0, 1] 476
[0, 0, 0, 1] 600
[0, 0, 0, 1] 617
[0, 0, 0, 1] 619
[0, 0, 0, 1] 680
[0, 0, 0, 1] 771
[0, 0, 0, 1] 869
[0, 0, 0, 1] 919
[0, 0, 0, 1] 922
[0, 0, 0, 1] 946
[0, 0, 0, 1] 981
