VARIABLES 50
NB_OBJ 4
ITEMS
[1, 1, 1, 1] 67
[1, 1, 1, 1] 224
[1, 1, 1, 1] 392
[1, 1, 1, 1] 468
[1, 1, 1, 1] 487
[1, 1, 1, 1] 606
[1, 1, 1, 1] 778
[1, 1, 1, 1] 789
[1, 1, 1, 1] 827
[1, 1, 1, 1] 832
[1, 1, 1, 1] 840
[1, 1, 1, 1] 912
[1, 1, 1, 1] 967
[1, 1, 1, 1] 991
[1, 1, 1, 1] 994
[0, 1, 1, 1] 127
[0, 1, 1, 1] 162
[0, 1, 1, 1] 359
[0, 1, 1, 1] 459
[0, 1, 1, 1] 463
[0, 1, 1, 1] 504
[0, 1, 1, 1] 549
[0, 1, 1, 1] 682
[0, 1, 1, 1] 721
[0, 1, 1, 1] 767
[0, 1, 1, 1] 810
[0, 1, 1, 1] 848
[0, 1, 1, 1] 933
[0, 1, 1, 1] 969
[0, 0, 1, 1] 30
[0, 0, 1, 1] 32
[0, 0, 1, 1] 111
[0, 0, 1, 1] 299
[0, 0, 1, 1] 343
[0, 0, 1, 1] 454
[0, 0, 1, 1] 681
[0, 0, 1, 1] 836
[0, 0, 0, 1] 5
[0, 0, 0, 1] 23
[0, 0, 0, 1] 119
[0, 0, 0, 1] 129
[0, 0, 0, 1] 142
[0, 0, 0, 1] 300
[0, 0, 0, 1] 331
[0, 0, 0, 1] 346
[0, 0, 0, 1] 434
[0, 0, 0, 1] 469
[0, 0, 0, 1] 681
[0, 0, 0, 1] 841
[0, 0, 0, 1] 843
