VARIABLES 50
NB_OBJ 4
ITEMS
[1, 1, 1, 1] 102
[1, 1, 1, 1] 171
[1, 1, 1, 1] 301
[1, 1, 1, 1] 372
[1, 1, 1, 1] 628
[1, 1, 1, 1] 652
[1, 1, 1, 1] 787
[1, 1, 1, 1] 866
[1, 1, 1, 1] 966
[0, 1, 1, 1] 10
[0, 1, 1, 1] 59
[0, 1, 1, 1] 75
[0, 1, 1, 1] 110
[0, 1, 1, 1] 128
[0, 1, 1, 1] 130
[0, 1, 1, 1] 437
[0, 1, 1, 1] 607
[0, 1, 1, 1] 712
[0, 1, 1, 1] 795
[0, 1, 1, 1] 812
[0, 1, 1, 1] 979
[0, 0, 1, 1] 143
[0, 0, 1, 1] 243
[0, 0, 1, 1] 448
[0, 0, 1, 1] 488
[0, 0, 1, 1] 523
[0, 0, 1, 1] 533
[0, 0, 1, 1] 700
[0, 0, 1, 1] 876
[0, 0, 1, 1] 885
[0, 0, 1, 1] 887
[0, 0, 1, 1] 951
[0, 0, 0, 1] 6
[0, 0, 0, 1] 119
[0, 0, 0, 1] 127
[0, 0, 0, 1] 291
[0, 0, 0, 1] 308
[0, 0, 0, 1] 482
[0, 0, 0, 1] 502
[0, 0, 0, 1] 536
[0, 0, 0, 1] 537
[0, 0, 0, 1] 561
[0, 0, 0, 1] 606
[0, 0, 0, 1] 609
[0, 0, 0, 1] 610
[0, 0, 0, 1] 717
[0, 0, 0, 1] 722
[0, 0, 0, 1] 768
[0, 0, 0, 1] 827
[0, 0, 0, 1] 951
