VARIABLES 50
NB_OBJ 4
ITEMS
[1, 1, 1, 1] 49
[1, 1, 1, 1] 96
[1, 1, 1, 1] 522
[1, 1, 1, 1] 525
[1, 1, 1, 1] 611
[1, 1, 1, 1] 716
[1, 1, 1, 1] 793
[1, 1, 1, 1] 806
[1, 1, 1, 1] 812
[1, 1, 1, 1] 970
[0, 1, 1, 1] 14
[0, 1, 1, 1] 28
[0, 1, 1, 1] 34
[0, 1, 1, 1] 66
[0, 1, 1, 1] 147
[0, 1, 1, 1] 240
[0, 1, 1, 1] 280
[0, 1, 1, 1] 284
[0, 1, 1, 1] 377
[0, 1, 1, 1] 467
[0, 1, 1, 1] 648
[0, 1, 1, 1] 657
[0, 1, 1, 1] 881
[0, 1, 1, 1] 897
[0, 1, 1, 1] 911
[0, 0, 1, 1] 75
[0, 0, 1, 1] 77
[0, 0, 1, 1] 153
[0, 0, 1, 1] 406
[0, 0, 1, 1] 412
[0, 0, 1, 1] 419
[0, 0, 1, 1] 499
[0, 0, 1, 1] 503
[0, 0, 1, 1] 690
[0, 0, 1, 1] 692
[0, 0, 1, 1] 837
[0, 0, 1, 1] 1000
[0, 0, 0, 1] 113
[0, 0, 0, 1] 117
[0, 0, 0, 1] 191
[0, 0, 0, 1] 281
[0, 0, 0, 1] 304
[0, 0, 0, 1] 422
[0, 0, 0, 1] 431
[0, 0, 0, 1] 597
[0, 0, 0, 1] 681
[0, 0, 0, 1] 808
[0, 0, 0, 1] 833
[0, 0, 0, 1] 926
[0, 0, 0, 1] 944
