VARIABLES 50
NB_OBJ 4
ITEMS
[1, 1, 1, 1] 234
[1, 1, 1, 1] 317
[1, 1, 1, 1] 426
[1, 1, 1, 1] 519
[1, 1, 1, 1] 542
[1, 1, 1, 1] 634
[1, 1, 1, 1] 883
[0, 1, 1, 1] 149
[0, 1, 1, 1] 153
[0, 1, 1, 1] 215
[0, 1, 1, 1] 447
[0, 1, 1, 1] 480
[0, 1, 1, 1] 705
[0, 1, 1, 1] 796
[0, 1, 1, 1] 837
[0, 1, 1, 1] 873
[0, 1, 1, 1] 896
[0, 1, 1, 1] 920
[0, 1, 1, 1] 958
[0, 1, 1, 1] 991
[0, 0, 1, 1] 56
[0, 0, 1, 1] 69
[0, 0, 1, 1] 175
[0, 0, 1, 1] 594
[0, 0, 1, 1] 632
[0, 0, 1, 1] 638
[0, 0, 1, 1] 762
[0, 0, 1, 1] 882
[0, 0, 1, 1] 899
[0, 0, 1, 1] 968
[0, 0, 1, 1] 994
[0, 0, 0, 1] 3
[0, 0, 0, 1] 74
[0, 0, 0, 1] 141
[0, 0, 0, 1] 172
[0, 0, 0, 1] 182
[0, 0, 0, 1] 245
[0, 0, 0, 1] 316
[0, 0, 0, 1] 433
[0, 0, 0, 1] 459
[0, 0, 0, 1] 480
[0, 0, 0, 1] 546
[0, 0, 0, 1] 670
[0, 0, 0, 1] 740
[0, 0, 0, 1] 781
[0, 0, 0, 1] 801
[0, 0, 0, 1] 828
[0, 0, 0, 1] 897
[0, 0, 0, 1] 974
[0, 0, 0, 1] 979
