VARIABLES 50
NB_OBJ 4
ITEMS
[1, 1, 1, 1] 33
[1, 1, 1, 1] 119
[1, 1, 1, 1] 196
[1, 1, 1, 1] 211
[1, 1, 1, 1] 278
[1, 1, 1, 1] 310
[1, 1, 1, 1] 334
[1, 1, 1, 1] 414
[1, 1, 1, 1] 437
[1, 1, 1, 1] 495
[1, 1, 1, 1] 498
[1, 1, 1, 1] 612
[1, 1, 1, 1] 645
[1, 1, 1, 1] 772
[1, 1, 1, 1] 832
[1, 1, 1, 1] 879
[1, 1, 1, 1] 958
[1, 1, 1, 1] 988
[0, 1, 1, 1] 64
[0, 1, 1, 1] 129
[0, 1, 1, 1] 144
[0, 1, 1, 1] 191
[0, 1, 1, 1] 337
[0, 1, 1, 1] 387
[0, 1, 1, 1] 473
[0, 1, 1, 1] 517
[0, 1, 1, 1] 688
[0, 1, 1, 1] 695
[0, 1, 1, 1] 766
[0, 1, 1, 1] 798
[0, 1, 1, 1] 928
[0, 1, 1, 1] 946
[0, 0, 1, 1] 253
[0, 0, 1, 1] 311
[0, 0, 1, 1] 580
[0, 0, 1, 1] 673
[0, 0, 1, 1] 947
[0, 0, 0, 1] 86
[0, 0, 0, 1] 365
[0, 0, 0, 1] 400
[0, 0, 0, 1] 423
[0, 0, 0, 1] 528
[0, 0, 0, 1] 558
[0, 0, 0, 1] 648
[0, 0, 0, 1] 675
[0, 0, 0, 1] 702
[0, 0, 0, 1] 743
[0, 0, 0, 1] 792
[0, 0, 0, 1] 803
[0, 0, 0, 1] 871
