VARIABLES 50
NB_OBJ 4
ITEMS
[1, 1, 1, 1] 233
[1, 1, 1, 1] 370
[1, 1, 1, 1] 401
[1, 1, 1, 1] 404
[1, 1, 1, 1] 487
[1, 1, 1, 1] 488
[1, 1, 1, 1] 541
[1, 1, 1, 1] 571
[1, 1, 1, 1] 598
[1, 1, 1, 1] 688
[1, 1, 1, 1] 888
[1, 1, 1, 1] 911
[1, 1, 1, 1] 958
[0, 1, 1, 1] 24
[0, 1, 1, 1] 33
[0, 1, 1, 1] 105
[0, 1, 1, 1] 237
[0, 1, 1, 1] 274
[0, 1, 1, 1] 276
[0, 1, 1, 1] 312
[0, 1, 1, 1] 317
[0, 1, 1, 1] 406
[0, 1, 1, 1] 622
[0, 1, 1, 1] 706
[0, 1, 1, 1] 755
[0, 0, 1, 1] 39
[0, 0, 1, 1] 178
[0, 0, 1, 1] 215
[0, 0, 1, 1] 359
[0, 0, 1, 1] 381
[0, 0, 1, 1] 638
[0, 0, 1, 1] 716
[0, 0, 1, 1] 841
[0, 0, 1, 1] 854
[0, 0, 1, 1] 995
[0, 0, 0, 1] 35
[0, 0, 0, 1] 70
[0, 0, 0, 1] 96
[0, 0, 0, 1] 287
[0, 0, 0, 1] 326
[0, 0, 0, 1] 350
[0, 0, 0, 1] 453
[0, 0, 0, 1] 456
[0, 0, 0, 1] 613
[0, 0, 0, 1] 693
[0, 0, 0, 1] 755
[0, 0, 0, 1] 826
[0, 0, 0, 1] 840
[0, 0, 0, 1] 899
[0, 0, 0, 1] 957
