VARIABLES 50
NB_OBJ 4
ITEMS
[1, 1, 1, 1] 325
[1, 1, 1, 1] 338
[1, 1, 1, 1] 482
[1, 1, 1, 1] 504
[1, 1, 1, 1] 514
[1, 1, 1, 1] 518
[1, 1, 1, 1] 584
[1, 1, 1, 1] 635
[1, 1, 1, 1] 729
[1, 1, 1, 1] 771
[1, 1, 1, 1] 804
[1, 1, 1, 1] 920
[1, 1, 1, 1] 975
[1, 1, 1, 1] 981
[1, 1, 1, 1] 997
[0, 1, 1, 1] 17
[0, 1, 1, 1] 110
[0, 1, 1, 1] 183
[0, 1, 1, 1] 447
[0, 1, 1, 1] 524
[0, 1, 1, 1] 856
[0, 1, 1, 1] 889
[0, 1, 1, 1] 897
[0, 1, 1, 1] 912
[0, 1, 1, 1] 963
[0, 0, 1, 1] 406
[0, 0, 1, 1] 537
[0, 0, 1, 1] 590
[0, 0, 1, 1] 617
[0, 0, 1, 1] 818
[0, 0, 1, 1] 819
[0, 0, 1, 1] 866
[0, 0, 1, 1] 902
[0, 0, 1, 1] 914
[0, 0, 1, 1] 958
[0, 0, 1, 1] 974
[0, 0, 0, 1] 177
[0, 0, 0, 1] 191
[0, 0, 0, 1] 193
[0, 0, 0, 1] 200
[0, 0, 0, 1] 220
[0, 0, 0, 1] 354
[0, 0, 0, 1] 355
[0, 0, 0, 1] 434
[0, 0, 0, 1] 465
[0, 0, 0, 1] 486
[0, 0, 0, 1] 733
[0, 0, 0, 1] 847
[0, 0, 0, 1] 878
[0, 0, 0, 1] 907
