VARIABLES 50
NB_OBJ 4
ITEMS
[1, 1, 1, 1] 82
[1, 1, 1, 1] 175
[1, 1, 1, 1] 216
[1, 1, 1, 1] 254
[1, 1, 1, 1] 262
[1, 1, 1, 1] 307
[1, 1, 1, 1] 318
[1, 1, 1, 1] 340
[1, 1, 1, 1] 395
[1, 1, 1, 1] 424
[1, 1, 1, 1] 426
[1, 1, 1, 1] 543
[1, 1, 1, 1] 735
[1, 1, 1, 1] 780
[1, 1, 1, 1] 864
[1, 1, 1, 1] 870
[1, 1, 1, 1] 986
[0, 1, 1, 1] 155
[0, 1, 1, 1] 251
[0, 1, 1, 1] 392
[0, 1, 1, 1] 593
[0, 1, 1, 1] 684
[0, 1, 1, 1] 789
[0, 1, 1, 1] 793
[0, 1, 1, 1] 838
[0, 1, 1, 1] 851
[0, 1, 1, 1] 897
[0, 0, 1, 1] 26
[0, 0, 1, 1] 128
[0, 0, 1, 1] 195
[0, 0, 1, 1] 256
[0, 0, 1, 1] 369
[0, 0, 1, 1] 415
[0, 0, 1, 1] 663
[0, 0, 1, 1] 733
[0, 0, 1, 1] 790
[0, 0, 1, 1] 830
[0, 0, 1, 1] 844
[0, 0, 1, 1] 874
[0, 0, 0, 1] 28
[0, 0, 0, 1] 37
[0, 0, 0, 1] 74
[0, 0, 0, 1] 161
[0, 0, 0, 1] 188
[0, 0, 0, 1] 191
[0, 0, 0, 1] 391
[0, 0, 0, 1] 410
[0, 0, 0, 1] 446
[0, 0, 0, 1] 502
[0, 0, 0, 1] 707
