VARIABLES 50
NB_OBJ 4
ITEMS
[1, 1, 1, 1] 13
[1, 1, 1, 1] 62
[1, 1, 1, 1] 69
[1, 1, 1, 1] 126
[1, 1, 1, 1] 133
[1, 1, 1, 1] 269
[1, 1, 1, 1] 328
[1, 1, 1, 1] 348
[1, 1, 1, 1] 348
[1, 1, 1, 1] 396
[1, 1, 1, 1] 441
[1, 1, 1, 1] 480
[1, 1, 1, 1] 516
[1, 1, 1, 1] 709
[1, 1, 1, 1] 755
[1, 1, 1, 1] 798
[1, 1, 1, 1] 864
[1, 1, 1, 1] 891
[0, 1, 1, 1] 39
[0, 1, 1, 1] 43
[0, 1, 1, 1] 99
[0, 1, 1, 1] 127
[0, 1, 1, 1] 283
[0, 1, 1, 1] 291
[0, 1, 1, 1] 445
[0, 1, 1, 1] 531
[0, 1, 1, 1] 612
[0, 1, 1, 1] 665
[0, 1, 1, 1] 904
[0, 1, 1, 1] 916
[0, 1, 1, 1] 936
[0, 1, 1, 1] 976
[0, 0, 1, 1] 173
[0, 0, 1, 1] 225
[0, 0, 1, 1] 242
[0, 0, 1, 1] 519
[0, 0, 1, 1] 817
[0, 0, 1, 1] 869
[0, 0, 1, 1] 920
[0, 0, 0, 1] 86
[0, 0, 0, 1] 93
[0, 0, 0, 1] 184
[0, 0, 0, 1] 331
[0, 0, 0, 1] 379
[0, 0, 0, 1] 390
[0, 0, 0, 1] 558
[0, 0, 0, 1] 653
[0, 0, 0, 1] 683
[0, 0, 0, 1] 845
[0, 0, 0, 1] 857
