VARIABLES 50
NB_OBJ 4
ITEMS
[1, 1, 1, 1] 49
[1, 1, 1, 1] 67
[1, 1, 1, 1] 164
[1, 1, 1, 1] 422
[1, 1, 1, 1] 427
[1, 1, 1, 1] 563
[1, 1, 1, 1] 648
[1, 1, 1, 1] 756
[0, 1, 1, 1] 73
[0, 1, 1, 1] 139
[0, 1, 1, 1] 139
[0, 1, 1, 1] 142
[0, 1, 1, 1] 202
[0, 1, 1, 1] 233
[0, 1, 1, 1] 323
[0, 1, 1, 1] 589
[0, 1, 1, 1] 776
[0, 1, 1, 1] 849
[0, 1, 1, 1] 998
[0, 0, 1, 1] 1
[0, 0, 1, 1] 96
[0, 0, 1, 1] 119
[0, 0, 1, 1] 150
[0, 0, 1, 1] 159
[0, 0, 1, 1] 172
[0, 0, 1, 1] 346
[0, 0, 1, 1] 347
[0, 0, 1, 1] 412
[0, 0, 1, 1] 519
[0, 0, 1, 1] 563
[0, 0, 1, 1] 637
[0, 0, 1, 1] 745
[0, 0, 1, 1] 842
[0, 0, 1, 1] 926
[0, 0, 0, 1] 8
[0, 0, 0, 1] 46
[0, 0, 0, 1] 144
[0, 0, 0, 1] 403
[0, 0, 0, 1] 410
[0, 0, 0, 1] 464
[0, 0, 0, 1] 546
[0, 0, 0, 1] 549
[0, 0, 0, 1] 589
[0, 0, 0, 1] 763
[0, 0, 0, 1] 817
[0, 0, 0, 1] 857
[0, 0, 0, 1] 916
[0, 0, 0, 1] 917
[0, 0, 0, 1] 920
[0, 0, 0, 1] 975
