VARIABLES 50
NB_OBJ 4
ITEMS
[1, 1, 1, 1] 73
[1, 1, 1, 1] 124
[1, 1, 1, 1] 472
[1, 1, 1, 1] 531
[1, 1, 1, 1] 649
[1, 1, 1, 1] 669
[1, 1, 1, 1] 683
[1, 1, 1, 1] 709
[1, 1, 1, 1] 881
[1, 1, 1, 1] 916
[0, 1, 1, 1] 39
[0, 1, 1, 1] 117
[0, 1, 1, 1] 152
[0, 1, 1, 1] 215
[0, 1, 1, 1] 368
[0, 1, 1, 1] 390
[0, 1, 1, 1] 463
[0, 1, 1, 1] 471
[0, 1, 1, 1] 528
[0, 1, 1, 1] 633
[0, 1, 1, 1] 729
[0, 1, 1, 1] 742
[0, 1, 1, 1] 805
[0, 1, 1, 1] 862
[0, 1, 1, 1] 929
[0, 0, 1, 1] 10
[0, 0, 1, 1] 52
[0, 0, 1, 1] 60
[0, 0, 1, 1] 177
[0, 0, 1, 1] 180
[0, 0, 1, 1] 270
[0, 0, 1, 1] 498
[0, 0, 1, 1] 604
[0, 0, 1, 1] 879
[0, 0, 1, 1] 959
[0, 0, 0, 1] 34
[0, 0, 0, 1] 130
[0, 0, 0, 1] 168
[0, 0, 0, 1] 278
[0, 0, 0, 1] 395
[0, 0, 0, 1] 410
[0, 0, 0, 1] 415
[0, 0, 0, 1] 440
[0, 0, 0, 1] 636
[0, 0, 0, 1] 654
[0, 0, 0, 1] 659
[0, 0, 0, 1] 685
[0, 0, 0, 1] 693
[0, 0, 0, 1] 714
[0, 0, 0, 1] 768
