VARIABLES 50
NB_OBJ 4
ITEMS
[1, 1, 1, 1] 93
[1, 1, 1, 1] 130
[1, 1, 1, 1] 188
[1, 1, 1, 1] 200
[1, 1, 1, 1] 254
[1, 1, 1, 1] 257
[1, 1, 1, 1] 264
[1, 1, 1, 1] 294
[1, 1, 1, 1] 414
[1, 1, 1, 1] 451
[1, 1, 1, 1] 808
[1, 1, 1, 1] 876
[1, 1, 1, 1] 882
[1, 1, 1, 1] 945
[0, 1, 1, 1] 51
[0, 1, 1, 1] 395
[0, 1, 1, 1] 506
[0, 1, 1, 1] 663
[0, 1, 1, 1] 860
[0, 1, 1, 1] 954
[0, 1, 1, 1] 991
[0, 0, 1, 1] 58
[0, 0, 1, 1] 179
[0, 0, 1, 1] 204
[0, 0, 1, 1] 227
[0, 0, 1, 1] 265
[0, 0, 1, 1] 444
[0, 0, 1, 1] 496
[0, 0, 1, 1] 563
[0, 0, 1, 1] 621
[0, 0, 1, 1] 631
[0, 0, 1, 1] 632
[0, 0, 1, 1] 701
[0, 0, 1, 1] 723
[0, 0, 1, 1] 759
[0, 0, 1, 1] 789
[0, 0, 1, 1] 890
[0, 0, 1, 1] 950
[0, 0, 0, 1] 28
[0, 0, 0, 1] 46
[0, 0, 0, 1] 62
[0, 0, 0, 1] 70
[0, 0, 0, 1] 85
[0, 0, 0, 1] 432
[0, 0, 0, 1] 438
[0, 0, 0, 1] 469
[0, 0, 0, 1] 832
[0, 0, 0, 1] 839
[0, 0, 0, 1] 911
[0, 0, 0, 1] 980
