VARIABLES 50
NB_OBJ 4
ITEMS
[1, 1, 1, 1] 24
[1, 1, 1, 1] 191
[1, 1, 1, 1] 192
[1, 1, 1, 1] 224
[1, 1, 1, 1] 280
[1, 1, 1, 1] 285
[1, 1, 1, 1] 511
[1, 1, 1, 1] 671
[1, 1, 1, 1] 811
[1, 1, 1, 1] 857
[1, 1, 1, 1] 917
[0, 1, 1, 1] 4
[0, 1, 1, 1] 255
[0, 1, 1, 1] 309
[0, 1, 1, 1] 316
[0, 1, 1, 1] 326
[0, 1, 1, 1] 441
[0, 1, 1, 1] 483
[0, 1, 1, 1] 677
[0, 1, 1, 1] 804
[0, 1, 1, 1] 923
[0, 1, 1, 1] 934
[0, 1, 1, 1] 953
[0, 1, 1, 1] 956
[0, 0, 1, 1] 49
[0, 0, 1, 1] 161
[0, 0, 1, 1] 280
[0, 0, 1, 1] 313
[0, 0, 1, 1] 334
[0, 0, 1, 1] 423
[0, 0, 1, 1] 423
[0, 0, 1, 1] 460
[0, 0, 1, 1] 564
[0, 0, 1, 1] 679
[0, 0, 1, 1] 716
[0, 0, 1, 1] 790
[0, 0, 1, 1] 824
[0, 0, 1, 1] 906
[0, 0, 1, 1] 930
[0, 0, 0, 1] 16
[0, 0, 0, 1] 127
[0, 0, 0, 1] 196
[0, 0, 0, 1] 269
[0, 0, 0, 1] 436
[0, 0, 0, 1] 483
[0, 0, 0, 1] 552
[0, 0, 0, 1] 733
[0, 0, 0, 1] 751
[0, 0, 0, 1] 895
[0, 0, 0, 1] 949
