VARIABLES 50
NB_OBJ 4
ITEMS
[1, 1, 1, 1] 12
[1, 1, 1, 1] 54
[1, 1, 1, 1] 56
[1, 1, 1, 1] 151
[1, 1, 1, 1] 206
[1, 1, 1, 1] 231
[1, 1, 1, 1] 264
[1, 1, 1, 1] 266
[1, 1, 1, 1] 293
[1, 1, 1, 1] 330
[1, 1, 1, 1] 340
[1, 1, 1, 1] 471
[1, 1, 1, 1] 540
[1, 1, 1, 1] 603
[1, 1, 1, 1] 673
[1, 1, 1, 1] 711
[1, 1, 1, 1] 751
[1, 1, 1, 1] 928
[0, 1, 1, 1] 48
[0, 1, 1, 1] 148
[0, 1, 1, 1] 173
[0, 1, 1, 1] 387
[0, 1, 1, 1] 755
[0, 1, 1, 1] 804
[0, 1, 1, 1] 888
[0, 1, 1, 1] 945
[0, 1, 1, 1] 996
[0, 0, 1, 1] 39
[0, 0, 1, 1] 418
[0, 0, 1, 1] 451
[0, 0, 1, 1] 464
[0, 0, 1, 1] 778
[0, 0, 0, 1] 121
[0, 0, 0, 1] 122
[0, 0, 0, 1] 186
[0, 0, 0, 1] 301
[0, 0, 0, 1] 349
[0, 0, 0, 1] 380
[0, 0, 0, 1] 388
[0, 0, 0, 1] 443
[0, 0, 0, 1] 488
[0, 0, 0, 1] 547
[0, 0, 0, 1] 557
[0, 0, 0, 1] 561
[0, 0, 0, 1] 603
[0, 0, 0, 1] 639
[0, 0, 0, 1] 654
[0, 0, 0, 1] 670
[0, 0, 0, 1] 954
[0, 0, 0, 1] 977
