VARIABLES 50
NB_OBJ 4
ITEMS
[1, 1, 1, 1] 38
[1, 1, 1, 1] 474
[1, 1, 1, 1] 555
[1, 1, 1, 1] 560
[1, 1, 1, 1] 615
[1, 1, 1, 1] 622
[1, 1, 1, 1] 685
[1, 1, 1, 1] 729
[1, 1, 1, 1] 790
[1, 1, 1, 1] 936
[1, 1, 1, 1] 941
[1, 1, 1, 1] 963
[1, 1, 1, 1] 983
[0, 1, 1, 1] 24
[0, 1, 1, 1] 25
[0, 1, 1, 1] 54
[0, 1, 1, 1] 294
[0, 1, 1, 1] 332
[0, 1, 1, 1] 590
[0, 1, 1, 1] 593
[0, 1, 1, 1] 612
[0, 1, 1, 1] 689
[0, 1, 1, 1] 717
[0, 1, 1, 1] 747
[0, 1, 1, 1] 806
[0, 1, 1, 1] 890
[0, 0, 1, 1] 54
[0, 0, 1, 1] 140
[0, 0, 1, 1] 189
[0, 0, 1, 1] 507
[0, 0, 1, 1] 550
[0, 0, 1, 1] 635
[0, 0, 1, 1] 662
[0, 0, 1, 1] 721
[0, 0, 1, 1] 820
[0, 0, 1, 1] 992
[0, 0, 0, 1] 35
[0, 0, 0, 1] 35
[0, 0, 0, 1] 188
[0, 0, 0, 1] 256
[0, 0, 0, 1] 325
[0, 0, 0, 1] 386
[0, 0, 0, 1] 414
[0, 0, 0, 1] 497
[0, 0, 0, 1] 846
[0, 0, 0, 1] 850
[0, 0, 0, 1] 876
[0, 0, 0, 1] 913
[0, 0, 0, 1] 925
[0, 0, 0, 1] 934
