VARIABLES 50
NB_OBJ 4
ITEMS
[1, 1, 1, 1] 16
[1, 1, 1, 1] 28
[1, 1, 1, 1] 81
[1, 1, 1, 1] 147
[1, 1, 1, 1] 149
[1, 1, 1, 1] 218
[1, 1, 1, 1] 225
[1, 1, 1, 1] 247
[1, 1, 1, 1] 266
[1, 1, 1, 1] 397
[1, 1, 1, 1] 414
[1, 1, 1, 1] 496
[1, 1, 1, 1] 500
[1, 1, 1, 1] 586
[1, 1, 1, 1] 587
[1, 1, 1, 1] 690
[1, 1, 1, 1] 701
[1, 1, 1, 1] 702
[1, 1, 1, 1] 815
[1, 1, 1, 1] 832
[0, 1, 1, 1] 167
[0, 1, 1, 1] 168
[0, 1, 1, 1] 309
[0, 1, 1, 1] 344
[0, 1, 1, 1] 357
[0, 1, 1, 1] 373
[0, 1, 1, 1] 375
[0, 1, 1, 1] 389
[0, 1, 1, 1] 462
[0, 1, 1, 1] 564
[0, 1, 1, 1] 879
[0, 0, 1, 1] 239
[0, 0, 1, 1] 394
[0, 0, 1, 1] 406
[0, 0, 1, 1] 527
[0, 0, 1, 1] 806
[0, 0, 1, 1] 906
[0, 0, 1, 1] 979
[0, 0, 1, 1] 990
[0, 0, 0, 1] 51
[0, 0, 0, 1] 179
[0, 0, 0, 1] 184
[0, 0, 0, 1] 229
[0, 0, 0, 1] 235
[0, 0, 0, 1] 289
[0, 0, 0, 1] 385
[0, 0, 0, 1] 453
[0, 0, 0, 1] 491
[0, 0, 0, 1] 505
[0, 0, 0, 1] 715
