VARIABLES 50
NB_OBJ 4
ITEMS
[1, 1, 1, 1] 293
[1, 1, 1, 1] 660
[1, 1, 1, 1] 670
[1, 1, 1, 1] 688
[1, 1, 1, 1] 804
[1, 1, 1, 1] 809
[1, 1, 1, 1] 829
[1, 1, 1, 1] 930
[1, 1, 1, 1] 965
[0, 1, 1, 1] 209
[0, 1, 1, 1] 523
[0, 1, 1, 1] 610
[0, 1, 1, 1] 636
[0, 1, 1, 1] 716
[0, 1, 1, 1] 756
[0, 1, 1, 1] 947
[0, 1, 1, 1] 957
[0, 1, 1, 1] 968
[0, 1, 1, 1] 974
[0, 0, 1, 1] 8
[0, 0, 1, 1] 36
[0, 0, 1, 1] 61
[0, 0, 1, 1] 72
[0, 0, 1, 1] 146
[0, 0, 1, 1] 207
[0, 0, 1, 1] 207
[0, 0, 1, 1] 253
[0, 0, 1, 1] 320
[0, 0, 1, 1] 365
[0, 0, 1, 1] 417
[0, 0, 1, 1] 482
[0, 0, 1, 1] 490
[0, 0, 1, 1] 691
[0, 0, 1, 1] 777
[0, 0, 1, 1] 847
[0, 0, 1, 1] 875
[0, 0, 1, 1] 933
[0, 0, 0, 1] 111
[0, 0, 0, 1] 243
[0, 0, 0, 1] 311
[0, 0, 0, 1] 351
[0, 0, 0, 1] 354
[0, 0, 0, 1] 421
[0, 0, 0, 1] 459
[0, 0, 0, 1] 507
[0, 0, 0, 1] 517
[0, 0, 0, 1] 524
[0, 0, 0, 1] 527
[0, 0, 0, 1] 730
[0, 0, 0, 1] 972
