VARIABLES 100
NB_OBJ 4
ITEMS
[1, 1, 1, 1] 2
[1, 1, 1, 1] 17
[1, 1, 1, 1] 58
[1, 1, 1, 1] 101
[1, 1, 1, 1] 163
[1, 1, 1, 1] 203
[1, 1, 1, 1] 246
[1, 1, 1, 1] 262
[1, 1, 1, 1] 304
[1, 1, 1, 1] 328
[1, 1, 1, 1] 344
[1, 1, 1, 1] 349
[1, 1, 1, 1] 362
[1, 1, 1, 1] 512
[1, 1, 1, 1] 565
[1, 1, 1, 1] 590
[1, 1, 1, 1] 638
[1, 1, 1, 1] 685
[1, 1, 1, 1] 717
[1, 1, 1, 1] 720
[1, 1, 1, 1] 734
[1, 1, 1, 1] 772
[1, 1, 1, 1] 834
[1, 1, 1, 1] 871
[1, 1, 1, 1] 995
[0, 1, 1, 1] 44
[0, 1, 1, 1] 72
[0, 1, 1, 1] 76
[0, 1, 1, 1] 119
[0, 1, 1, 1] 120
[0, 1, 1, 1] 125
[0, 1, 1, 1] 165
[0, 1, 1, 1] 320
[0, 1, 1, 1] 352
[0, 1, 1, 1] 404
[0, 1, 1, 1] 568
[0, 1, 1, 1] 593
[0, 1, 1, 1] 660
[0, 1, 1, 1] 694
[0, 1, 1, 1] 735
[0, 1, 1, 1] 765
[0, 1, 1, 1] 867
[0, 1, 1, 1] 932
[0, 1, 1, 1] 983
[0, 1, 1, 1] 996
[0, 0, 1, 1] 17
[0, 0, 1, 1] 61
[0, 0, 1, 1] 64
[0, 0, 1, 1] 74
[0, 0, 1, 1] 121
[0, 0, 1, 1] 134
[0, 0, 1, 1] 167
[0, 0, 1, 1] 188
[0, 0, 1, 1] 216
[0, 0, 1, 1] 308
[0, 0, 1, 1] 347
[0, 0, 1, 1] 373
[0, 0, 1, 1] 427
[0, 0, 1, 1] 487
[0, 0, 1, 1] 528
[0, 0, 1, 1] 529
[0, 0, 1, 1] 566
[0, 0, 1, 1] 619
[0, 0, 1, 1] 620
[0, 0, 1, 1] 726
[0, 0, 1, 1] 777
[0, 0, 1, 1] 785
[0, 0, 1, 1] 793
[0, 0, 1, 1] 820
[0, 0, 1, 1] 863
[0, 0, 1, 1] 895
[0, 0, 1, 1] 901
[0, 0, 1, 1] 902
[0, 0, 0, 1] 25
[0, 0, 0, 1] 31
[0, 0, 0, 1] 73
[0, 0, 0, 1] 94
[0, 0, 0, 1] 239
[0, 0, 0, 1] 271
[0, 0, 0, 1] 274
[0, 0, 0, 1] 276
[0, 0, 0, 1] 277
[0, 0, 0, 1] 295
[0, 0, 0, 1] 302
[0, 0, 0, 1] 304
[0, 0, 0, 1] 405
[0, 0, 0, 1] 412
[0, 0, 0, 1] 439
[0, 0, 0, 1] 487
[0, 0, 0, 1] 491
[0, 0, 0, 1] 492
[0, 0, 0, 1] 546
[0, 0, 0, 1] 631
[0, 0, 0, 1] 661
[0, 0, 0, 1] 665
[0, 0, 0, 1] 749
[0, 0, 0, 1] 754
[0, 0, 0, 1] 878
[0, 0, 0, 1] 937
[0, 0, 0, 1] 992
