VARIABLES 100
NB_OBJ 4
ITEMS
[1, 1, 1, 1] 1
[1, 1, 1, 1] 63
[1, 1, 1, 1] 131
[1, 1, 1, 1] 135
[1, 1, 1, 1] 136
[1, 1, 1, 1] 272
[1, 1, 1, 1] 296
[1, 1, 1, 1] 384
[1, 1, 1, 1] 388
[1, 1, 1, 1] 432
[1, 1, 1, 1] 442
[1, 1, 1, 1] 494
[1, 1, 1, 1] 530
[1, 1, 1, 1] 536
[1, 1, 1, 1] 546
[1, 1, 1, 1] 580
[1, 1, 1, 1] 617
[1, 1, 1, 1] 621
[1, 1, 1, 1] 742
[1, 1, 1, 1] 762
[1, 1, 1, 1] 825
[1, 1, 1, 1] 893
[1, 1, 1, 1] 907
[1, 1, 1, 1] 917
[1, 1, 1, 1] 964
[0, 1, 1, 1] 10
[0, 1, 1, 1] 39
[0, 1, 1, 1] 80
[0, 1, 1, 1] 98
[0, 1, 1, 1] 195
[0, 1, 1, 1] 200
[0, 1, 1, 1] 206
[0, 1, 1, 1] 236
[0, 1, 1, 1] 289
[0, 1, 1, 1] 298
[0, 1, 1, 1] 336
[0, 1, 1, 1] 387
[0, 1, 1, 1] 398
[0, 1, 1, 1] 447
[0, 1, 1, 1] 496
[0, 1, 1, 1] 501
[0, 1, 1, 1] 572
[0, 1, 1, 1] 637
[0, 1, 1, 1] 672
[0, 1, 1, 1] 759
[0, 1, 1, 1] 763
[0, 1, 1, 1] 780
[0, 1, 1, 1] 821
[0, 1, 1, 1] 843
[0, 1, 1, 1] 859
[0, 1, 1, 1] 975
[0, 1, 1, 1] 998
[0, 0, 1, 1] 18
[0, 0, 1, 1] 76
[0, 0, 1, 1] 93
[0, 0, 1, 1] 143
[0, 0, 1, 1] 225
[0, 0, 1, 1] 254
[0, 0, 1, 1] 301
[0, 0, 1, 1] 434
[0, 0, 1, 1] 440
[0, 0, 1, 1] 453
[0, 0, 1, 1] 508
[0, 0, 1, 1] 524
[0, 0, 1, 1] 549
[0, 0, 1, 1] 628
[0, 0, 1, 1] 653
[0, 0, 1, 1] 825
[0, 0, 1, 1] 826
[0, 0, 1, 1] 848
[0, 0, 1, 1] 854
[0, 0, 1, 1] 875
[0, 0, 1, 1] 894
[0, 0, 1, 1] 912
[0, 0, 0, 1] 3
[0, 0, 0, 1] 23
[0, 0, 0, 1] 53
[0, 0, 0, 1] 94
[0, 0, 0, 1] 98
[0, 0, 0, 1] 120
[0, 0, 0, 1] 213
[0, 0, 0, 1] 224
[0, 0, 0, 1] 346
[0, 0, 0, 1] 347
[0, 0, 0, 1] 372
[0, 0, 0, 1] 417
[0, 0, 0, 1] 463
[0, 0, 0, 1] 463
[0, 0, 0, 1] 466
[0, 0, 0, 1] 488
[0, 0, 0, 1] 499
[0, 0, 0, 1] 510
[0, 0, 0, 1] 515
[0, 0, 0, 1] 541
[0, 0, 0, 1] 613
[0, 0, 0, 1] 661
[0, 0, 0, 1] 701
[0, 0, 0, 1] 871
[0, 0, 0, 1] 922
[0, 0, 0, 1] 969
