VARIABLES 100
NB_OBJ 4
ITEMS
[1, 1, 1, 1] 40
[1, 1, 1, 1] 57
[1, 1, 1, 1] 176
[1, 1, 1, 1] 229
[1, 1, 1, 1] 252
[1, 1, 1, 1] 271
[1, 1, 1, 1] 318
[1, 1, 1, 1] 334
[1, 1, 1, 1] 369
[1, 1, 1, 1] 407
[1, 1, 1, 1] 408
[1, 1, 1, 1] 426
[1, 1, 1, 1] 478
[1, 1, 1, 1] 537
[1, 1, 1, 1] 592
[1, 1, 1, 1] 611
[1, 1, 1, 1] 738
[1, 1, 1, 1] 745
[1, 1, 1, 1] 754
[1, 1, 1, 1] 773
[1, 1, 1, 1] 804
[1, 1, 1, 1] 820
[1, 1, 1, 1] 824
[1, 1, 1, 1] 843
[1, 1, 1, 1] 902
[1, 1, 1, 1] 949
[0, 1, 1, 1] 40
[0, 1, 1, 1] 55
[0, 1, 1, 1] 66
[0, 1, 1, 1] 74
[0, 1, 1, 1] 92
[0, 1, 1, 1] 116
[0, 1, 1, 1] 127
[0, 1, 1, 1] 130
[0, 1, 1, 1] 191
[0, 1, 1, 1] 227
[0, 1, 1, 1] 265
[0, 1, 1, 1] 289
[0, 1, 1, 1] 339
[0, 1, 1, 1] 395
[0, 1, 1, 1] 432
[0, 1, 1, 1] 473
[0, 1, 1, 1] 486
[0, 1, 1, 1] 515
[0, 1, 1, 1] 569
[0, 1, 1, 1] 600
[0, 1, 1, 1] 660
[0, 1, 1, 1] 660
[0, 1, 1, 1] 671
[0, 1, 1, 1] 735
[0, 1, 1, 1] 769
[0, 1, 1, 1] 778
[0, 1, 1, 1] 869
[0, 1, 1, 1] 951
[0, 1, 1, 1] 962
[0, 0, 1, 1] 93
[0, 0, 1, 1] 123
[0, 0, 1, 1] 157
[0, 0, 1, 1] 173
[0, 0, 1, 1] 174
[0, 0, 1, 1] 180
[0, 0, 1, 1] 196
[0, 0, 1, 1] 350
[0, 0, 1, 1] 363
[0, 0, 1, 1] 455
[0, 0, 1, 1] 459
[0, 0, 1, 1] 498
[0, 0, 1, 1] 718
[0, 0, 1, 1] 746
[0, 0, 1, 1] 804
[0, 0, 1, 1] 818
[0, 0, 1, 1] 836
[0, 0, 1, 1] 899
[0, 0, 1, 1] 910
[0, 0, 1, 1] 922
[0, 0, 1, 1] 975
[0, 0, 0, 1] 27
[0, 0, 0, 1] 33
[0, 0, 0, 1] 48
[0, 0, 0, 1] 104
[0, 0, 0, 1] 149
[0, 0, 0, 1] 188
[0, 0, 0, 1] 234
[0, 0, 0, 1] 301
[0, 0, 0, 1] 327
[0, 0, 0, 1] 336
[0, 0, 0, 1] 338
[0, 0, 0, 1] 348
[0, 0, 0, 1] 512
[0, 0, 0, 1] 528
[0, 0, 0, 1] 532
[0, 0, 0, 1] 535
[0, 0, 0, 1] 608
[0, 0, 0, 1] 613
[0, 0, 0, 1] 637
[0, 0, 0, 1] 657
[0, 0, 0, 1] 713
[0, 0, 0, 1] 722
[0, 0, 0, 1] 725
[0, 0, 0, 1] 962
