VARIABLES 100
NB_OBJ 4
ITEMS
[1, 1, 1, 1] 134
[1, 1, 1, 1] 137
[1, 1, 1, 1] 170
[1, 1, 1, 1] 257
[1, 1, 1, 1] 271
[1, 1, 1, 1] 326
[1, 1, 1, 1] 414
[1, 1, 1, 1] 479
[1, 1, 1, 1] 483
[1, 1, 1, 1] 537
[1, 1, 1, 1] 585
[1, 1, 1, 1] 589
[1, 1, 1, 1] 594
[1, 1, 1, 1] 595
[1, 1, 1, 1] 597
[1, 1, 1, 1] 600
[1, 1, 1, 1] 603
[1, 1, 1, 1] 667
[1, 1, 1, 1] 670
[1, 1, 1, 1] 805
[1, 1, 1, 1] 817
[1, 1, 1, 1] 856
[1, 1, 1, 1] 921
[0, 1, 1, 1] 29
[0, 1, 1, 1] 41
[0, 1, 1, 1] 70
[0, 1, 1, 1] 186
[0, 1, 1, 1] 197
[0, 1, 1, 1] 203
[0, 1, 1, 1] 209
[0, 1, 1, 1] 209
[0, 1, 1, 1] 228
[0, 1, 1, 1] 235
[0, 1, 1, 1] 290
[0, 1, 1, 1] 327
[0, 1, 1, 1] 331
[0, 1, 1, 1] 364
[0, 1, 1, 1] 388
[0, 1, 1, 1] 391
[0, 1, 1, 1] 433
[0, 1, 1, 1] 468
[0, 1, 1, 1] 484
[0, 1, 1, 1] 528
[0, 1, 1, 1] 613
[0, 1, 1, 1] 624
[0, 1, 1, 1] 653
[0, 1, 1, 1] 844
[0, 1, 1, 1] 913
[0, 1, 1, 1] 932
[0, 1, 1, 1] 937
[0, 1, 1, 1] 962
[0, 1, 1, 1] 973
[0, 1, 1, 1] 995
[0, 0, 1, 1] 54
[0, 0, 1, 1] 56
[0, 0, 1, 1] 179
[0, 0, 1, 1] 238
[0, 0, 1, 1] 295
[0, 0, 1, 1] 326
[0, 0, 1, 1] 343
[0, 0, 1, 1] 416
[0, 0, 1, 1] 449
[0, 0, 1, 1] 466
[0, 0, 1, 1] 499
[0, 0, 1, 1] 562
[0, 0, 1, 1] 584
[0, 0, 1, 1] 607
[0, 0, 1, 1] 616
[0, 0, 1, 1] 673
[0, 0, 1, 1] 682
[0, 0, 1, 1] 717
[0, 0, 1, 1] 735
[0, 0, 1, 1] 744
[0, 0, 1, 1] 818
[0, 0, 1, 1] 954
[0, 0, 1, 1] 974
[0, 0, 0, 1] 45
[0, 0, 0, 1] 48
[0, 0, 0, 1] 66
[0, 0, 0, 1] 190
[0, 0, 0, 1] 220
[0, 0, 0, 1] 235
[0, 0, 0, 1] 288
[0, 0, 0, 1] 296
[0, 0, 0, 1] 318
[0, 0, 0, 1] 320
[0, 0, 0, 1] 329
[0, 0, 0, 1] 531
[0, 0, 0, 1] 563
[0, 0, 0, 1] 664
[0, 0, 0, 1] 679
[0, 0, 0, 1] 723
[0, 0, 0, 1] 728
[0, 0, 0, 1] 730
[0, 0, 0, 1] 761
[0, 0, 0, 1] 775
[0, 0, 0, 1] 878
[0, 0, 0, 1] 906
[0, 0, 0, 1] 953
[0, 0, 0, 1] 980
