VARIABLES 100
NB_OBJ 4
ITEMS
[1, 1, 1, 1] 8
[1, 1, 1, 1] 34
[1, 1, 1, 1] 96
[1, 1, 1, 1] 117
[1, 1, 1, 1] 160
[1, 1, 1, 1] 218
[1, 1, 1, 1] 302
[1, 1, 1, 1] 320
[1, 1, 1, 1] 599
[1, 1, 1, 1] 796
[1, 1, 1, 1] 804
[1, 1, 1, 1] 852
[1, 1, 1, 1] 890
[1, 1, 1, 1] 894
[1, 1, 1, 1] 981
[1, 1, 1, 1] 987
[0, 1, 1, 1] 1
[0, 1, 1, 1] 75
[0, 1, 1, 1] 78
[0, 1, 1, 1] 104
[0, 1, 1, 1] 168
[0, 1, 1, 1] 188
[0, 1, 1, 1] 213
[0, 1, 1, 1] 233
[0, 1, 1, 1] 264
[0, 1, 1, 1] 294
[0, 1, 1, 1] 407
[0, 1, 1, 1] 408
[0, 1, 1, 1] 420
[0, 1, 1, 1] 427
[0, 1, 1, 1] 514
[0, 1, 1, 1] 554
[0, 1, 1, 1] 585
[0, 1, 1, 1] 614
[0, 1, 1, 1] 699
[0, 1, 1, 1] 740
[0, 1, 1, 1] 769
[0, 1, 1, 1] 786
[0, 1, 1, 1] 795
[0, 1, 1, 1] 805
[0, 1, 1, 1] 860
[0, 1, 1, 1] 897
[0, 1, 1, 1] 942
[0, 1, 1, 1] 970
[0, 0, 1, 1] 10
[0, 0, 1, 1] 37
[0, 0, 1, 1] 44
[0, 0, 1, 1] 51
[0, 0, 1, 1] 67
[0, 0, 1, 1] 71
[0, 0, 1, 1] 122
[0, 0, 1, 1] 132
[0, 0, 1, 1] 173
[0, 0, 1, 1] 179
[0, 0, 1, 1] 216
[0, 0, 1, 1] 239
[0, 0, 1, 1] 277
[0, 0, 1, 1] 300
[0, 0, 1, 1] 320
[0, 0, 1, 1] 353
[0, 0, 1, 1] 362
[0, 0, 1, 1] 419
[0, 0, 1, 1] 491
[0, 0, 1, 1] 498
[0, 0, 1, 1] 502
[0, 0, 1, 1] 522
[0, 0, 1, 1] 533
[0, 0, 1, 1] 616
[0, 0, 1, 1] 645
[0, 0, 1, 1] 728
[0, 0, 1, 1] 748
[0, 0, 1, 1] 758
[0, 0, 1, 1] 783
[0, 0, 1, 1] 808
[0, 0, 1, 1] 830
[0, 0, 1, 1] 883
[0, 0, 1, 1] 980
[0, 0, 1, 1] 983
[0, 0, 1, 1] 988
[0, 0, 1, 1] 992
[0, 0, 0, 1] 237
[0, 0, 0, 1] 304
[0, 0, 0, 1] 350
[0, 0, 0, 1] 353
[0, 0, 0, 1] 401
[0, 0, 0, 1] 439
[0, 0, 0, 1] 470
[0, 0, 0, 1] 568
[0, 0, 0, 1] 649
[0, 0, 0, 1] 651
[0, 0, 0, 1] 663
[0, 0, 0, 1] 748
[0, 0, 0, 1] 749
[0, 0, 0, 1] 750
[0, 0, 0, 1] 752
[0, 0, 0, 1] 754
[0, 0, 0, 1] 773
[0, 0, 0, 1] 783
[0, 0, 0, 1] 854
[0, 0, 0, 1] 916
