VARIABLES 100
NB_OBJ 4
ITEMS
[1, 1, 1, 1] 14
[1, 1, 1, 1] 19
[1, 1, 1, 1] 70
[1, 1, 1, 1] 142
[1, 1, 1, 1] 157
[1, 1, 1, 1] 167
[1, 1, 1, 1] 207
[1, 1, 1, 1] 225
[1, 1, 1, 1] 233
[1, 1, 1, 1] 240
[1, 1, 1, 1] 283
[1, 1, 1, 1] 302
[1, 1, 1, 1] 330
[1, 1, 1, 1] 334
[1, 1, 1, 1] 344
[1, 1, 1, 1] 371
[1, 1, 1, 1] 421
[1, 1, 1, 1] 437
[1, 1, 1, 1] 514
[1, 1, 1, 1] 533
[1, 1, 1, 1] 636
[1, 1, 1, 1] 770
[1, 1, 1, 1] 793
[1, 1, 1, 1] 815
[1, 1, 1, 1] 895
[1, 1, 1, 1] 932
[1, 1, 1, 1] 999
[0, 1, 1, 1] 48
[0, 1, 1, 1] 92
[0, 1, 1, 1] 150
[0, 1, 1, 1] 198
[0, 1, 1, 1] 237
[0, 1, 1, 1] 278
[0, 1, 1, 1] 297
[0, 1, 1, 1] 322
[0, 1, 1, 1] 423
[0, 1, 1, 1] 425
[0, 1, 1, 1] 436
[0, 1, 1, 1] 502
[0, 1, 1, 1] 533
[0, 1, 1, 1] 565
[0, 1, 1, 1] 574
[0, 1, 1, 1] 634
[0, 1, 1, 1] 697
[0, 1, 1, 1] 737
[0, 1, 1, 1] 844
[0, 1, 1, 1] 934
[0, 0, 1, 1] 16
[0, 0, 1, 1] 44
[0, 0, 1, 1] 110
[0, 0, 1, 1] 168
[0, 0, 1, 1] 170
[0, 0, 1, 1] 222
[0, 0, 1, 1] 223
[0, 0, 1, 1] 248
[0, 0, 1, 1] 298
[0, 0, 1, 1] 326
[0, 0, 1, 1] 345
[0, 0, 1, 1] 398
[0, 0, 1, 1] 502
[0, 0, 1, 1] 523
[0, 0, 1, 1] 538
[0, 0, 1, 1] 583
[0, 0, 1, 1] 639
[0, 0, 1, 1] 680
[0, 0, 1, 1] 734
[0, 0, 1, 1] 735
[0, 0, 1, 1] 800
[0, 0, 1, 1] 880
[0, 0, 1, 1] 911
[0, 0, 0, 1] 18
[0, 0, 0, 1] 69
[0, 0, 0, 1] 82
[0, 0, 0, 1] 128
[0, 0, 0, 1] 129
[0, 0, 0, 1] 148
[0, 0, 0, 1] 203
[0, 0, 0, 1] 213
[0, 0, 0, 1] 246
[0, 0, 0, 1] 290
[0, 0, 0, 1] 299
[0, 0, 0, 1] 370
[0, 0, 0, 1] 373
[0, 0, 0, 1] 406
[0, 0, 0, 1] 464
[0, 0, 0, 1] 511
[0, 0, 0, 1] 528
[0, 0, 0, 1] 574
[0, 0, 0, 1] 598
[0, 0, 0, 1] 651
[0, 0, 0, 1] 679
[0, 0, 0, 1] 711
[0, 0, 0, 1] 758
[0, 0, 0, 1] 793
[0, 0, 0, 1] 836
[0, 0, 0, 1] 876
[0, 0, 0, 1] 896
[0, 0, 0, 1] 951
[0, 0, 0, 1] 968
[0, 0, 0, 1] 987
