VARIABLES 100
NB_OBJ 4
ITEMS
[1, 1, 1, 1] 25
[1, 1, 1, 1] 26
[1, 1, 1, 1] 36
[1, 1, 1, 1] 39
[1, 1, 1, 1] 53
[1, 1, 1, 1] 215
[1, 1, 1, 1] 219
[1, 1, 1, 1] 243
[1, 1, 1, 1] 251
[1, 1, 1, 1] 344
[1, 1, 1, 1] 416
[1, 1, 1, 1] 422
[1, 1, 1, 1] 429
[1, 1, 1, 1] 568
[1, 1, 1, 1] 571
[1, 1, 1, 1] 574
[1, 1, 1, 1] 655
[1, 1, 1, 1] 706
[1, 1, 1, 1] 742
[1, 1, 1, 1] 787
[1, 1, 1, 1] 984
[0, 1, 1, 1] 52
[0, 1, 1, 1] 59
[0, 1, 1, 1] 91
[0, 1, 1, 1] 127
[0, 1, 1, 1] 146
[0, 1, 1, 1] 245
[0, 1, 1, 1] 252
[0, 1, 1, 1] 272
[0, 1, 1, 1] 289
[0, 1, 1, 1] 334
[0, 1, 1, 1] 449
[0, 1, 1, 1] 478
[0, 1, 1, 1] 490
[0, 1, 1, 1] 539
[0, 1, 1, 1] 564
[0, 1, 1, 1] 595
[0, 1, 1, 1] 691
[0, 1, 1, 1] 717
[0, 1, 1, 1] 762
[0, 1, 1, 1] 780
[0, 1, 1, 1] 800
[0, 1, 1, 1] 815
[0, 1, 1, 1] 866
[0, 1, 1, 1] 922
[0, 1, 1, 1] 932
[0, 1, 1, 1] 943
[0, 0, 1, 1] 2
[0, 0, 1, 1] 22
[0, 0, 1, 1] 22
[0, 0, 1, 1] 65
[0, 0, 1, 1] 71
[0, 0, 1, 1] 133
[0, 0, 1, 1] 144
[0, 0, 1, 1] 232
[0, 0, 1, 1] 281
[0, 0, 1, 1] 283
[0, 0, 1, 1] 317
[0, 0, 1, 1] 369
[0, 0, 1, 1] 435
[0, 0, 1, 1] 436
[0, 0, 1, 1] 443
[0, 0, 1, 1] 445
[0, 0, 1, 1] 450
[0, 0, 1, 1] 507
[0, 0, 1, 1] 545
[0, 0, 1, 1] 564
[0, 0, 1, 1] 581
[0, 0, 1, 1] 586
[0, 0, 1, 1] 602
[0, 0, 1, 1] 665
[0, 0, 1, 1] 691
[0, 0, 1, 1] 739
[0, 0, 1, 1] 782
[0, 0, 1, 1] 807
[0, 0, 1, 1] 812
[0, 0, 1, 1] 837
[0, 0, 1, 1] 890
[0, 0, 1, 1] 940
[0, 0, 1, 1] 964
[0, 0, 1, 1] 990
[0, 0, 0, 1] 49
[0, 0, 0, 1] 80
[0, 0, 0, 1] 103
[0, 0, 0, 1] 126
[0, 0, 0, 1] 130
[0, 0, 0, 1] 195
[0, 0, 0, 1] 220
[0, 0, 0, 1] 237
[0, 0, 0, 1] 282
[0, 0, 0, 1] 297
[0, 0, 0, 1] 460
[0, 0, 0, 1] 470
[0, 0, 0, 1] 551
[0, 0, 0, 1] 602
[0, 0, 0, 1] 666
[0, 0, 0, 1] 673
[0, 0, 0, 1] 812
[0, 0, 0, 1] 918
[0, 0, 0, 1] 994
