VARIABLES 100
NB_OBJ 4
ITEMS
[1, 1, 1, 1] 18
[1, 1, 1, 1] 50
[1, 1, 1, 1] 104
[1, 1, 1, 1] 105
[1, 1, 1, 1] 107
[1, 1, 1, 1] 201
[1, 1, 1, 1] 247
[1, 1, 1, 1] 247
[1, 1, 1, 1] 300
[1, 1, 1, 1] 345
[1, 1, 1, 1] 346
[1, 1, 1, 1] 361
[1, 1, 1, 1] 512
[1, 1, 1, 1] 542
[1, 1, 1, 1] 563
[1, 1, 1, 1] 565
[1, 1, 1, 1] 624
[1, 1, 1, 1] 630
[1, 1, 1, 1] 657
[1, 1, 1, 1] 668
[1, 1, 1, 1] 683
[1, 1, 1, 1] 708
[1, 1, 1, 1] 740
[1, 1, 1, 1] 783
[1, 1, 1, 1] 787
[1, 1, 1, 1] 803
[1, 1, 1, 1] 821
[1, 1, 1, 1] 829
[1, 1, 1, 1] 837
[1, 1, 1, 1] 869
[1, 1, 1, 1] 882
[1, 1, 1, 1] 885
[1, 1, 1, 1] 975
[1, 1, 1, 1] 981
[0, 1, 1, 1] 62
[0, 1, 1, 1] 82
[0, 1, 1, 1] 146
[0, 1, 1, 1] 180
[0, 1, 1, 1] 212
[0, 1, 1, 1] 218
[0, 1, 1, 1] 312
[0, 1, 1, 1] 357
[0, 1, 1, 1] 376
[0, 1, 1, 1] 426
[0, 1, 1, 1] 445
[0, 1, 1, 1] 510
[0, 1, 1, 1] 644
[0, 1, 1, 1] 656
[0, 1, 1, 1] 679
[0, 1, 1, 1] 702
[0, 1, 1, 1] 740
[0, 1, 1, 1] 754
[0, 1, 1, 1] 756
[0, 1, 1, 1] 768
[0, 1, 1, 1] 791
[0, 1, 1, 1] 815
[0, 1, 1, 1] 831
[0, 1, 1, 1] 872
[0, 1, 1, 1] 968
[0, 1, 1, 1] 997
[0, 0, 1, 1] 36
[0, 0, 1, 1] 37
[0, 0, 1, 1] 170
[0, 0, 1, 1] 204
[0, 0, 1, 1] 217
[0, 0, 1, 1] 306
[0, 0, 1, 1] 394
[0, 0, 1, 1] 476
[0, 0, 1, 1] 494
[0, 0, 1, 1] 610
[0, 0, 1, 1] 627
[0, 0, 1, 1] 747
[0, 0, 1, 1] 761
[0, 0, 1, 1] 764
[0, 0, 1, 1] 772
[0, 0, 1, 1] 804
[0, 0, 1, 1] 845
[0, 0, 1, 1] 868
[0, 0, 1, 1] 877
[0, 0, 1, 1] 904
[0, 0, 1, 1] 905
[0, 0, 1, 1] 938
[0, 0, 1, 1] 944
[0, 0, 0, 1] 144
[0, 0, 0, 1] 180
[0, 0, 0, 1] 194
[0, 0, 0, 1] 194
[0, 0, 0, 1] 201
[0, 0, 0, 1] 258
[0, 0, 0, 1] 294
[0, 0, 0, 1] 380
[0, 0, 0, 1] 471
[0, 0, 0, 1] 523
[0, 0, 0, 1] 601
[0, 0, 0, 1] 672
[0, 0, 0, 1] 813
[0, 0, 0, 1] 845
[0, 0, 0, 1] 855
[0, 0, 0, 1] 943
[0, 0, 0, 1] 955
