VARIABLES 100
NB_OBJ 4
ITEMS
[1, 1, 1, 1] 8
[1, 1, 1, 1] 112
[1, 1, 1, 1] 132
[1, 1, 1, 1] 190
[1, 1, 1, 1] 199
[1, 1, 1, 1] 211
[1, 1, 1, 1] 431
[1, 1, 1, 1] 464
[1, 1, 1, 1] 555
[1, 1, 1, 1] 557
[1, 1, 1, 1] 564
[1, 1, 1, 1] 591
[1, 1, 1, 1] 635
[1, 1, 1, 1] 650
[1, 1, 1, 1] 655
[1, 1, 1, 1] 715
[1, 1, 1, 1] 717
[1, 1, 1, 1] 735
[1, 1, 1, 1] 742
[1, 1, 1, 1] 782
[0, 1, 1, 1] 42
[0, 1, 1, 1] 155
[0, 1, 1, 1] 157
[0, 1, 1, 1] 163
[0, 1, 1, 1] 211
[0, 1, 1, 1] 222
[0, 1, 1, 1] 241
[0, 1, 1, 1] 249
[0, 1, 1, 1] 298
[0, 1, 1, 1] 347
[0, 1, 1, 1] 354
[0, 1, 1, 1] 359
[0, 1, 1, 1] 440
[0, 1, 1, 1] 477
[0, 1, 1, 1] 478
[0, 1, 1, 1] 600
[0, 1, 1, 1] 708
[0, 1, 1, 1] 720
[0, 1, 1, 1] 751
[0, 1, 1, 1] 752
[0, 1, 1, 1] 875
[0, 1, 1, 1] 905
[0, 1, 1, 1] 938
[0, 0, 1, 1] 251
[0, 0, 1, 1] 295
[0, 0, 1, 1] 296
[0, 0, 1, 1] 306
[0, 0, 1, 1] 337
[0, 0, 1, 1] 409
[0, 0, 1, 1] 452
[0, 0, 1, 1] 496
[0, 0, 1, 1] 497
[0, 0, 1, 1] 516
[0, 0, 1, 1] 516
[0, 0, 1, 1] 547
[0, 0, 1, 1] 548
[0, 0, 1, 1] 567
[0, 0, 1, 1] 571
[0, 0, 1, 1] 629
[0, 0, 1, 1] 633
[0, 0, 1, 1] 654
[0, 0, 1, 1] 681
[0, 0, 1, 1] 690
[0, 0, 1, 1] 706
[0, 0, 1, 1] 785
[0, 0, 1, 1] 862
[0, 0, 1, 1] 955
[0, 0, 1, 1] 959
[0, 0, 1, 1] 970
[0, 0, 1, 1] 999
[0, 0, 0, 1] 2
[0, 0, 0, 1] 5
[0, 0, 0, 1] 20
[0, 0, 0, 1] 39
[0, 0, 0, 1] 92
[0, 0, 0, 1] 93
[0, 0, 0, 1] 103
[0, 0, 0, 1] 161
[0, 0, 0, 1] 169
[0, 0, 0, 1] 209
[0, 0, 0, 1] 257
[0, 0, 0, 1] 267
[0, 0, 0, 1] 285
[0, 0, 0, 1] 332
[0, 0, 0, 1] 371
[0, 0, 0, 1] 420
[0, 0, 0, 1] 518
[0, 0, 0, 1] 670
[0, 0, 0, 1] 677
[0, 0, 0, 1] 678
[0, 0, 0, 1] 688
[0, 0, 0, 1] 691
[0, 0, 0, 1] 807
[0, 0, 0, 1] 842
[0, 0, 0, 1] 863
[0, 0, 0, 1] 865
[0, 0, 0, 1] 906
[0, 0, 0, 1] 929
[0, 0, 0, 1] 934
[0, 0, 0, 1] 975
