VARIABLES 100
NB_OBJ 4
ITEMS
[1, 1, 1, 1] 26
[1, 1, 1, 1] 36
[1, 1, 1, 1] 98
[1, 1, 1, 1] 108
[1, 1, 1, 1] 164
[1, 1, 1, 1] 170
[1, 1, 1, 1] 248
[1, 1, 1, 1] 273
[1, 1, 1, 1] 319
[1, 1, 1, 1] 395
[1, 1, 1, 1] 450
[1, 1, 1, 1] 545
[1, 1, 1, 1] 568
[1, 1, 1, 1] 575
[1, 1, 1, 1] 620
[1, 1, 1, 1] 718
[1, 1, 1, 1] 720
[1, 1, 1, 1] 870
[1, 1, 1, 1] 905
[1, 1, 1, 1] 962
[1, 1, 1, 1] 964
[1, 1, 1, 1] 986
[0, 1, 1, 1] 12
[0, 1, 1, 1] 66
[0, 1, 1, 1] 80
[0, 1, 1, 1] 86
[0, 1, 1, 1] 111
[0, 1, 1, 1] 118
[0, 1, 1, 1] 152
[0, 1, 1, 1] 166
[0, 1, 1, 1] 187
[0, 1, 1, 1] 209
[0, 1, 1, 1] 225
[0, 1, 1, 1] 329
[0, 1, 1, 1] 376
[0, 1, 1, 1] 384
[0, 1, 1, 1] 455
[0, 1, 1, 1] 512
[0, 1, 1, 1] 527
[0, 1, 1, 1] 554
[0, 1, 1, 1] 569
[0, 1, 1, 1] 585
[0, 1, 1, 1] 803
[0, 1, 1, 1] 842
[0, 1, 1, 1] 879
[0, 1, 1, 1] 879
[0, 1, 1, 1] 884
[0, 1, 1, 1] 914
[0, 1, 1, 1] 940
[0, 1, 1, 1] 948
[0, 0, 1, 1] 27
[0, 0, 1, 1] 164
[0, 0, 1, 1] 178
[0, 0, 1, 1] 204
[0, 0, 1, 1] 262
[0, 0, 1, 1] 340
[0, 0, 1, 1] 361
[0, 0, 1, 1] 384
[0, 0, 1, 1] 442
[0, 0, 1, 1] 456
[0, 0, 1, 1] 487
[0, 0, 1, 1] 549
[0, 0, 1, 1] 570
[0, 0, 1, 1] 581
[0, 0, 1, 1] 614
[0, 0, 1, 1] 629
[0, 0, 1, 1] 689
[0, 0, 1, 1] 740
[0, 0, 1, 1] 741
[0, 0, 1, 1] 751
[0, 0, 1, 1] 791
[0, 0, 1, 1] 794
[0, 0, 1, 1] 800
[0, 0, 1, 1] 961
[0, 0, 1, 1] 998
[0, 0, 0, 1] 45
[0, 0, 0, 1] 58
[0, 0, 0, 1] 59
[0, 0, 0, 1] 79
[0, 0, 0, 1] 79
[0, 0, 0, 1] 121
[0, 0, 0, 1] 135
[0, 0, 0, 1] 162
[0, 0, 0, 1] 220
[0, 0, 0, 1] 235
[0, 0, 0, 1] 280
[0, 0, 0, 1] 324
[0, 0, 0, 1] 460
[0, 0, 0, 1] 651
[0, 0, 0, 1] 730
[0, 0, 0, 1] 743
[0, 0, 0, 1] 754
[0, 0, 0, 1] 768
[0, 0, 0, 1] 778
[0, 0, 0, 1] 789
[0, 0, 0, 1] 837
[0, 0, 0, 1] 880
[0, 0, 0, 1] 929
[0, 0, 0, 1] 954
[0, 0, 0, 1] 988
