VARIABLES 100
NB_OBJ 4
ITEMS
[1, 1, 1, 1] 46
[1, 1, 1, 1] 83
[1, 1, 1, 1] 83
[1, 1, 1, 1] 109
[1, 1, 1, 1] 121
[1, 1, 1, 1] 140
[1, 1, 1, 1] 147
[1, 1, 1, 1] 175
[1, 1, 1, 1] 186
[1, 1, 1, 1] 319
[1, 1, 1, 1] 332
[1, 1, 1, 1] 335
[1, 1, 1, 1] 367
[1, 1, 1, 1] 370
[1, 1, 1, 1] 482
[1, 1, 1, 1] 509
[1, 1, 1, 1] 640
[1, 1, 1, 1] 651
[1, 1, 1, 1] 670
[1, 1, 1, 1] 736
[1, 1, 1, 1] 748
[1, 1, 1, 1] 756
[1, 1, 1, 1] 768
[1, 1, 1, 1] 949
[1, 1, 1, 1] 974
[1, 1, 1, 1] 991
[0, 1, 1, 1] 30
[0, 1, 1, 1] 107
[0, 1, 1, 1] 113
[0, 1, 1, 1] 133
[0, 1, 1, 1] 136
[0, 1, 1, 1] 144
[0, 1, 1, 1] 164
[0, 1, 1, 1] 165
[0, 1, 1, 1] 321
[0, 1, 1, 1] 358
[0, 1, 1, 1] 368
[0, 1, 1, 1] 380
[0, 1, 1, 1] 385
[0, 1, 1, 1] 407
[0, 1, 1, 1] 520
[0, 1, 1, 1] 552
[0, 1, 1, 1] 553
[0, 1, 1, 1] 606
[0, 1, 1, 1] 662
[0, 1, 1, 1] 667
[0, 1, 1, 1] 762
[0, 1, 1, 1] 781
[0, 1, 1, 1] 977
[0, 1, 1, 1] 999
[0, 0, 1, 1] 14
[0, 0, 1, 1] 150
[0, 0, 1, 1] 155
[0, 0, 1, 1] 194
[0, 0, 1, 1] 304
[0, 0, 1, 1] 325
[0, 0, 1, 1] 378
[0, 0, 1, 1] 446
[0, 0, 1, 1] 535
[0, 0, 1, 1] 641
[0, 0, 1, 1] 644
[0, 0, 1, 1] 673
[0, 0, 1, 1] 791
[0, 0, 1, 1] 812
[0, 0, 1, 1] 825
[0, 0, 1, 1] 867
[0, 0, 1, 1] 897
[0, 0, 1, 1] 926
[0, 0, 1, 1] 933
[0, 0, 1, 1] 936
[0, 0, 1, 1] 953
[0, 0, 1, 1] 966
[0, 0, 1, 1] 989
[0, 0, 1, 1] 995
[0, 0, 0, 1] 78
[0, 0, 0, 1] 105
[0, 0, 0, 1] 137
[0, 0, 0, 1] 179
[0, 0, 0, 1] 181
[0, 0, 0, 1] 196
[0, 0, 0, 1] 211
[0, 0, 0, 1] 212
[0, 0, 0, 1] 216
[0, 0, 0, 1] 249
[0, 0, 0, 1] 312
[0, 0, 0, 1] 321
[0, 0, 0, 1] 353
[0, 0, 0, 1] 363
[0, 0, 0, 1] 371
[0, 0, 0, 1] 395
[0, 0, 0, 1] 400
[0, 0, 0, 1] 411
[0, 0, 0, 1] 487
[0, 0, 0, 1] 511
[0, 0, 0, 1] 609
[0, 0, 0, 1] 635
[0, 0, 0, 1] 658
[0, 0, 0, 1] 693
[0, 0, 0, 1] 852
[0, 0, 0, 1] 897
