VARIABLES 100
NB_OBJ 4
ITEMS
[1, 1, 1, 1] 35
[1, 1, 1, 1] 47
[1, 1, 1, 1] 82
[1, 1, 1, 1] 102
[1, 1, 1, 1] 123
[1, 1, 1, 1] 138
[1, 1, 1, 1] 161
[1, 1, 1, 1] 302
[1, 1, 1, 1] 331
[1, 1, 1, 1] 344
[1, 1, 1, 1] 433
[1, 1, 1, 1] 440
[1, 1, 1, 1] 536
[1, 1, 1, 1] 553
[1, 1, 1, 1] 592
[1, 1, 1, 1] 629
[1, 1, 1, 1] 635
[1, 1, 1, 1] 643
[1, 1, 1, 1] 665
[1, 1, 1, 1] 802
[1, 1, 1, 1] 882
[1, 1, 1, 1] 882
[1, 1, 1, 1] 890
[1, 1, 1, 1] 941
[1, 1, 1, 1] 984
[0, 1, 1, 1] 17
[0, 1, 1, 1] 32
[0, 1, 1, 1] 74
[0, 1, 1, 1] 146
[0, 1, 1, 1] 184
[0, 1, 1, 1] 184
[0, 1, 1, 1] 263
[0, 1, 1, 1] 281
[0, 1, 1, 1] 298
[0, 1, 1, 1] 311
[0, 1, 1, 1] 319
[0, 1, 1, 1] 324
[0, 1, 1, 1] 336
[0, 1, 1, 1] 499
[0, 1, 1, 1] 500
[0, 1, 1, 1] 526
[0, 1, 1, 1] 535
[0, 1, 1, 1] 567
[0, 1, 1, 1] 602
[0, 1, 1, 1] 645
[0, 1, 1, 1] 691
[0, 1, 1, 1] 725
[0, 1, 1, 1] 800
[0, 1, 1, 1] 801
[0, 1, 1, 1] 812
[0, 1, 1, 1] 849
[0, 1, 1, 1] 924
[0, 1, 1, 1] 951
[0, 1, 1, 1] 954
[0, 0, 1, 1] 6
[0, 0, 1, 1] 201
[0, 0, 1, 1] 203
[0, 0, 1, 1] 221
[0, 0, 1, 1] 227
[0, 0, 1, 1] 269
[0, 0, 1, 1] 332
[0, 0, 1, 1] 362
[0, 0, 1, 1] 402
[0, 0, 1, 1] 420
[0, 0, 1, 1] 437
[0, 0, 1, 1] 572
[0, 0, 1, 1] 628
[0, 0, 1, 1] 699
[0, 0, 1, 1] 703
[0, 0, 1, 1] 708
[0, 0, 1, 1] 734
[0, 0, 1, 1] 779
[0, 0, 1, 1] 794
[0, 0, 1, 1] 811
[0, 0, 1, 1] 865
[0, 0, 1, 1] 947
[0, 0, 1, 1] 956
[0, 0, 1, 1] 964
[0, 0, 0, 1] 6
[0, 0, 0, 1] 97
[0, 0, 0, 1] 99
[0, 0, 0, 1] 101
[0, 0, 0, 1] 146
[0, 0, 0, 1] 302
[0, 0, 0, 1] 355
[0, 0, 0, 1] 378
[0, 0, 0, 1] 478
[0, 0, 0, 1] 539
[0, 0, 0, 1] 564
[0, 0, 0, 1] 654
[0, 0, 0, 1] 659
[0, 0, 0, 1] 733
[0, 0, 0, 1] 793
[0, 0, 0, 1] 804
[0, 0, 0, 1] 812
[0, 0, 0, 1] 925
[0, 0, 0, 1] 950
[0, 0, 0, 1] 953
[0, 0, 0, 1] 961
[0, 0, 0, 1] 985
