VARIABLES 100
NB_OBJ 4
ITEMS
[1, 1, 1, 1] 17
[1, 1, 1, 1] 60
[1, 1, 1, 1] 88
[1, 1, 1, 1] 100
[1, 1, 1, 1] 153
[1, 1, 1, 1] 167
[1, 1, 1, 1] 217
[1, 1, 1, 1] 237
[1, 1, 1, 1] 244
[1, 1, 1, 1] 273
[1, 1, 1, 1] 274
[1, 1, 1, 1] 361
[1, 1, 1, 1] 383
[1, 1, 1, 1] 401
[1, 1, 1, 1] 437
[1, 1, 1, 1] 467
[1, 1, 1, 1] 468
[1, 1, 1, 1] 617
[1, 1, 1, 1] 646
[1, 1, 1, 1] 650
[1, 1, 1, 1] 702
[1, 1, 1, 1] 721
[1, 1, 1, 1] 777
[1, 1, 1, 1] 841
[1, 1, 1, 1] 898
[1, 1, 1, 1] 952
[1, 1, 1, 1] 976
[1, 1, 1, 1] 978
[0, 1, 1, 1] 58
[0, 1, 1, 1] 128
[0, 1, 1, 1] 132
[0, 1, 1, 1] 178
[0, 1, 1, 1] 197
[0, 1, 1, 1] 251
[0, 1, 1, 1] 284
[0, 1, 1, 1] 303
[0, 1, 1, 1] 401
[0, 1, 1, 1] 413
[0, 1, 1, 1] 488
[0, 1, 1, 1] 561
[0, 1, 1, 1] 620
[0, 1, 1, 1] 620
[0, 1, 1, 1] 721
[0, 1, 1, 1] 783
[0, 1, 1, 1] 794
[0, 1, 1, 1] 816
[0, 1, 1, 1] 890
[0, 1, 1, 1] 966
[0, 1, 1, 1] 981
[0, 1, 1, 1] 995
[0, 0, 1, 1] 67
[0, 0, 1, 1] 77
[0, 0, 1, 1] 135
[0, 0, 1, 1] 172
[0, 0, 1, 1] 237
[0, 0, 1, 1] 257
[0, 0, 1, 1] 275
[0, 0, 1, 1] 288
[0, 0, 1, 1] 324
[0, 0, 1, 1] 328
[0, 0, 1, 1] 408
[0, 0, 1, 1] 429
[0, 0, 1, 1] 437
[0, 0, 1, 1] 439
[0, 0, 1, 1] 500
[0, 0, 1, 1] 540
[0, 0, 1, 1] 549
[0, 0, 1, 1] 566
[0, 0, 1, 1] 575
[0, 0, 1, 1] 589
[0, 0, 1, 1] 624
[0, 0, 1, 1] 659
[0, 0, 1, 1] 676
[0, 0, 1, 1] 685
[0, 0, 1, 1] 703
[0, 0, 1, 1] 713
[0, 0, 1, 1] 754
[0, 0, 1, 1] 769
[0, 0, 1, 1] 800
[0, 0, 1, 1] 899
[0, 0, 1, 1] 939
[0, 0, 0, 1] 3
[0, 0, 0, 1] 144
[0, 0, 0, 1] 213
[0, 0, 0, 1] 308
[0, 0, 0, 1] 341
[0, 0, 0, 1] 438
[0, 0, 0, 1] 511
[0, 0, 0, 1] 539
[0, 0, 0, 1] 558
[0, 0, 0, 1] 625
[0, 0, 0, 1] 718
[0, 0, 0, 1] 742
[0, 0, 0, 1] 761
[0, 0, 0, 1] 765
[0, 0, 0, 1] 835
[0, 0, 0, 1] 837
[0, 0, 0, 1] 895
[0, 0, 0, 1] 901
[0, 0, 0, 1] 908
