VARIABLES 100
NB_OBJ 4
ITEMS
[1, 1, 1, 1] 3
[1, 1, 1, 1] 16
[1, 1, 1, 1] 58
[1, 1, 1, 1] 115
[1, 1, 1, 1] 145
[1, 1, 1, 1] 159
[1, 1, 1, 1] 201
[1, 1, 1, 1] 202
[1, 1, 1, 1] 299
[1, 1, 1, 1] 303
[1, 1, 1, 1] 437
[1, 1, 1, 1] 511
[1, 1, 1, 1] 610
[1, 1, 1, 1] 647
[1, 1, 1, 1] 726
[1, 1, 1, 1] 745
[1, 1, 1, 1] 781
[1, 1, 1, 1] 860
[1, 1, 1, 1] 890
[1, 1, 1, 1] 974
[1, 1, 1, 1] 990
[0, 1, 1, 1] 12
[0, 1, 1, 1] 38
[0, 1, 1, 1] 42
[0, 1, 1, 1] 123
[0, 1, 1, 1] 147
[0, 1, 1, 1] 153
[0, 1, 1, 1] 174
[0, 1, 1, 1] 190
[0, 1, 1, 1] 212
[0, 1, 1, 1] 254
[0, 1, 1, 1] 267
[0, 1, 1, 1] 289
[0, 1, 1, 1] 296
[0, 1, 1, 1] 309
[0, 1, 1, 1] 336
[0, 1, 1, 1] 344
[0, 1, 1, 1] 378
[0, 1, 1, 1] 387
[0, 1, 1, 1] 392
[0, 1, 1, 1] 439
[0, 1, 1, 1] 478
[0, 1, 1, 1] 508
[0, 1, 1, 1] 683
[0, 1, 1, 1] 777
[0, 1, 1, 1] 801
[0, 1, 1, 1] 806
[0, 1, 1, 1] 835
[0, 1, 1, 1] 862
[0, 1, 1, 1] 870
[0, 1, 1, 1] 996
[0, 0, 1, 1] 14
[0, 0, 1, 1] 89
[0, 0, 1, 1] 90
[0, 0, 1, 1] 178
[0, 0, 1, 1] 223
[0, 0, 1, 1] 237
[0, 0, 1, 1] 357
[0, 0, 1, 1] 372
[0, 0, 1, 1] 400
[0, 0, 1, 1] 490
[0, 0, 1, 1] 550
[0, 0, 1, 1] 625
[0, 0, 1, 1] 664
[0, 0, 1, 1] 671
[0, 0, 1, 1] 685
[0, 0, 1, 1] 726
[0, 0, 1, 1] 729
[0, 0, 1, 1] 734
[0, 0, 1, 1] 747
[0, 0, 1, 1] 811
[0, 0, 1, 1] 837
[0, 0, 1, 1] 901
[0, 0, 1, 1] 933
[0, 0, 0, 1] 30
[0, 0, 0, 1] 38
[0, 0, 0, 1] 51
[0, 0, 0, 1] 132
[0, 0, 0, 1] 136
[0, 0, 0, 1] 174
[0, 0, 0, 1] 201
[0, 0, 0, 1] 308
[0, 0, 0, 1] 339
[0, 0, 0, 1] 402
[0, 0, 0, 1] 415
[0, 0, 0, 1] 425
[0, 0, 0, 1] 471
[0, 0, 0, 1] 511
[0, 0, 0, 1] 517
[0, 0, 0, 1] 551
[0, 0, 0, 1] 606
[0, 0, 0, 1] 612
[0, 0, 0, 1] 681
[0, 0, 0, 1] 697
[0, 0, 0, 1] 729
[0, 0, 0, 1] 846
[0, 0, 0, 1] 870
[0, 0, 0, 1] 904
[0, 0, 0, 1] 906
[0, 0, 0, 1] 976
