VARIABLES 100
NB_OBJ 4
ITEMS
[1, 1, 1, 1] 21
[1, 1, 1, 1] 38
[1, 1, 1, 1] 222
[1, 1, 1, 1] 342
[1, 1, 1, 1] 352
[1, 1, 1, 1] 365
[1, 1, 1, 1] 429
[1, 1, 1, 1] 435
[1, 1, 1, 1] 517
[1, 1, 1, 1] 541
[1, 1, 1, 1] 565
[1, 1, 1, 1] 592
[1, 1, 1, 1] 731
[1, 1, 1, 1] 831
[1, 1, 1, 1] 878
[1, 1, 1, 1] 899
[1, 1, 1, 1] 909
[1, 1, 1, 1] 911
[1, 1, 1, 1] 952
[1, 1, 1, 1] 969
[1, 1, 1, 1] 969
[0, 1, 1, 1] 12
[0, 1, 1, 1] 96
[0, 1, 1, 1] 144
[0, 1, 1, 1] 165
[0, 1, 1, 1] 175
[0, 1, 1, 1] 181
[0, 1, 1, 1] 246
[0, 1, 1, 1] 248
[0, 1, 1, 1] 323
[0, 1, 1, 1] 328
[0, 1, 1, 1] 357
[0, 1, 1, 1] 409
[0, 1, 1, 1] 425
[0, 1, 1, 1] 563
[0, 1, 1, 1] 660
[0, 1, 1, 1] 669
[0, 1, 1, 1] 824
[0, 1, 1, 1] 913
[0, 0, 1, 1] 14
[0, 0, 1, 1] 130
[0, 0, 1, 1] 137
[0, 0, 1, 1] 170
[0, 0, 1, 1] 204
[0, 0, 1, 1] 210
[0, 0, 1, 1] 222
[0, 0, 1, 1] 328
[0, 0, 1, 1] 342
[0, 0, 1, 1] 360
[0, 0, 1, 1] 364
[0, 0, 1, 1] 451
[0, 0, 1, 1] 491
[0, 0, 1, 1] 498
[0, 0, 1, 1] 544
[0, 0, 1, 1] 582
[0, 0, 1, 1] 596
[0, 0, 1, 1] 612
[0, 0, 1, 1] 624
[0, 0, 1, 1] 663
[0, 0, 1, 1] 719
[0, 0, 1, 1] 732
[0, 0, 1, 1] 735
[0, 0, 1, 1] 794
[0, 0, 1, 1] 800
[0, 0, 1, 1] 861
[0, 0, 1, 1] 885
[0, 0, 1, 1] 942
[0, 0, 0, 1] 4
[0, 0, 0, 1] 21
[0, 0, 0, 1] 116
[0, 0, 0, 1] 125
[0, 0, 0, 1] 132
[0, 0, 0, 1] 154
[0, 0, 0, 1] 156
[0, 0, 0, 1] 177
[0, 0, 0, 1] 196
[0, 0, 0, 1] 209
[0, 0, 0, 1] 222
[0, 0, 0, 1] 234
[0, 0, 0, 1] 249
[0, 0, 0, 1] 273
[0, 0, 0, 1] 288
[0, 0, 0, 1] 306
[0, 0, 0, 1] 363
[0, 0, 0, 1] 399
[0, 0, 0, 1] 401
[0, 0, 0, 1] 403
[0, 0, 0, 1] 459
[0, 0, 0, 1] 478
[0, 0, 0, 1] 518
[0, 0, 0, 1] 533
[0, 0, 0, 1] 561
[0, 0, 0, 1] 577
[0, 0, 0, 1] 662
[0, 0, 0, 1] 663
[0, 0, 0, 1] 757
[0, 0, 0, 1] 811
[0, 0, 0, 1] 918
[0, 0, 0, 1] 961
[0, 0, 0, 1] 994
