VARIABLES 100
NB_OBJ 4
ITEMS
[1, 1, 1, 1] 68
[1, 1, 1, 1] 211
[1, 1, 1, 1] 220
[1, 1, 1, 1] 221
[1, 1, 1, 1] 270
[1, 1, 1, 1] 272
[1, 1, 1, 1] 273
[1, 1, 1, 1] 361
[1, 1, 1, 1] 532
[1, 1, 1, 1] 541
[1, 1, 1, 1] 604
[1, 1, 1, 1] 642
[1, 1, 1, 1] 645
[1, 1, 1, 1] 655
[1, 1, 1, 1] 714
[1, 1, 1, 1] 719
[1, 1, 1, 1] 792
[1, 1, 1, 1] 830
[1, 1, 1, 1] 840
[1, 1, 1, 1] 922
[0, 1, 1, 1] 90
[0, 1, 1, 1] 170
[0, 1, 1, 1] 208
[0, 1, 1, 1] 229
[0, 1, 1, 1] 235
[0, 1, 1, 1] 237
[0, 1, 1, 1] 248
[0, 1, 1, 1] 259
[0, 1, 1, 1] 319
[0, 1, 1, 1] 371
[0, 1, 1, 1] 410
[0, 1, 1, 1] 433
[0, 1, 1, 1] 501
[0, 1, 1, 1] 558
[0, 1, 1, 1] 653
[0, 1, 1, 1] 667
[0, 1, 1, 1] 695
[0, 1, 1, 1] 706
[0, 1, 1, 1] 710
[0, 1, 1, 1] 711
[0, 1, 1, 1] 728
[0, 1, 1, 1] 763
[0, 1, 1, 1] 771
[0, 1, 1, 1] 802
[0, 1, 1, 1] 981
[0, 0, 1, 1] 18
[0, 0, 1, 1] 27
[0, 0, 1, 1] 53
[0, 0, 1, 1] 71
[0, 0, 1, 1] 86
[0, 0, 1, 1] 98
[0, 0, 1, 1] 246
[0, 0, 1, 1] 263
[0, 0, 1, 1] 319
[0, 0, 1, 1] 329
[0, 0, 1, 1] 365
[0, 0, 1, 1] 376
[0, 0, 1, 1] 388
[0, 0, 1, 1] 406
[0, 0, 1, 1] 485
[0, 0, 1, 1] 486
[0, 0, 1, 1] 535
[0, 0, 1, 1] 569
[0, 0, 1, 1] 584
[0, 0, 1, 1] 630
[0, 0, 1, 1] 710
[0, 0, 1, 1] 731
[0, 0, 1, 1] 790
[0, 0, 0, 1] 11
[0, 0, 0, 1] 23
[0, 0, 0, 1] 118
[0, 0, 0, 1] 130
[0, 0, 0, 1] 147
[0, 0, 0, 1] 201
[0, 0, 0, 1] 206
[0, 0, 0, 1] 217
[0, 0, 0, 1] 220
[0, 0, 0, 1] 237
[0, 0, 0, 1] 264
[0, 0, 0, 1] 284
[0, 0, 0, 1] 306
[0, 0, 0, 1] 378
[0, 0, 0, 1] 401
[0, 0, 0, 1] 410
[0, 0, 0, 1] 583
[0, 0, 0, 1] 633
[0, 0, 0, 1] 642
[0, 0, 0, 1] 670
[0, 0, 0, 1] 679
[0, 0, 0, 1] 685
[0, 0, 0, 1] 773
[0, 0, 0, 1] 816
[0, 0, 0, 1] 829
[0, 0, 0, 1] 846
[0, 0, 0, 1] 875
[0, 0, 0, 1] 947
[0, 0, 0, 1] 960
[0, 0, 0, 1] 972
[0, 0, 0, 1] 991
[0, 0, 0, 1] 997
