VARIABLES 100
NB_OBJ 4
ITEMS
[1, 1, 1, 1] 12
[1, 1, 1, 1] 26
[1, 1, 1, 1] 31
[1, 1, 1, 1] 115
[1, 1, 1, 1] 138
[1, 1, 1, 1] 186
[1, 1, 1, 1] 204
[1, 1, 1, 1] 251
[1, 1, 1, 1] 273
[1, 1, 1, 1] 341
[1, 1, 1, 1] 347
[1, 1, 1, 1] 371
[1, 1, 1, 1] 489
[1, 1, 1, 1] 508
[1, 1, 1, 1] 569
[1, 1, 1, 1] 585
[1, 1, 1, 1] 682
[1, 1, 1, 1] 694
[1, 1, 1, 1] 732
[1, 1, 1, 1] 787
[1, 1, 1, 1] 793
[1, 1, 1, 1] 848
[1, 1, 1, 1] 870
[1, 1, 1, 1] 873
[1, 1, 1, 1] 894
[0, 1, 1, 1] 12
[0, 1, 1, 1] 42
[0, 1, 1, 1] 98
[0, 1, 1, 1] 280
[0, 1, 1, 1] 287
[0, 1, 1, 1] 307
[0, 1, 1, 1] 317
[0, 1, 1, 1] 367
[0, 1, 1, 1] 412
[0, 1, 1, 1] 437
[0, 1, 1, 1] 470
[0, 1, 1, 1] 553
[0, 1, 1, 1] 564
[0, 1, 1, 1] 621
[0, 1, 1, 1] 652
[0, 1, 1, 1] 675
[0, 1, 1, 1] 687
[0, 1, 1, 1] 739
[0, 1, 1, 1] 743
[0, 1, 1, 1] 801
[0, 1, 1, 1] 805
[0, 1, 1, 1] 965
[0, 1, 1, 1] 988
[0, 1, 1, 1] 990
[0, 0, 1, 1] 57
[0, 0, 1, 1] 72
[0, 0, 1, 1] 135
[0, 0, 1, 1] 314
[0, 0, 1, 1] 316
[0, 0, 1, 1] 328
[0, 0, 1, 1] 376
[0, 0, 1, 1] 383
[0, 0, 1, 1] 407
[0, 0, 1, 1] 417
[0, 0, 1, 1] 451
[0, 0, 1, 1] 470
[0, 0, 1, 1] 506
[0, 0, 1, 1] 586
[0, 0, 1, 1] 649
[0, 0, 1, 1] 681
[0, 0, 1, 1] 683
[0, 0, 1, 1] 800
[0, 0, 1, 1] 819
[0, 0, 1, 1] 830
[0, 0, 1, 1] 833
[0, 0, 1, 1] 849
[0, 0, 1, 1] 886
[0, 0, 1, 1] 889
[0, 0, 1, 1] 947
[0, 0, 1, 1] 948
[0, 0, 0, 1] 57
[0, 0, 0, 1] 110
[0, 0, 0, 1] 165
[0, 0, 0, 1] 185
[0, 0, 0, 1] 227
[0, 0, 0, 1] 326
[0, 0, 0, 1] 428
[0, 0, 0, 1] 526
[0, 0, 0, 1] 529
[0, 0, 0, 1] 542
[0, 0, 0, 1] 564
[0, 0, 0, 1] 597
[0, 0, 0, 1] 622
[0, 0, 0, 1] 664
[0, 0, 0, 1] 668
[0, 0, 0, 1] 694
[0, 0, 0, 1] 722
[0, 0, 0, 1] 853
[0, 0, 0, 1] 885
[0, 0, 0, 1] 918
[0, 0, 0, 1] 973
[0, 0, 0, 1] 985
[0, 0, 0, 1] 987
[0, 0, 0, 1] 988
[0, 0, 0, 1] 991
