VARIABLES 100
NB_OBJ 4
ITEMS
[1, 1, 1, 1] 28
[1, 1, 1, 1] 43
[1, 1, 1, 1] 88
[1, 1, 1, 1] 88
[1, 1, 1, 1] 109
[1, 1, 1, 1] 127
[1, 1, 1, 1] 129
[1, 1, 1, 1] 139
[1, 1, 1, 1] 144
[1, 1, 1, 1] 178
[1, 1, 1, 1] 291
[1, 1, 1, 1] 333
[1, 1, 1, 1] 344
[1, 1, 1, 1] 357
[1, 1, 1, 1] 359
[1, 1, 1, 1] 361
[1, 1, 1, 1] 447
[1, 1, 1, 1] 472
[1, 1, 1, 1] 485
[1, 1, 1, 1] 589
[1, 1, 1, 1] 674
[1, 1, 1, 1] 678
[1, 1, 1, 1] 693
[1, 1, 1, 1] 711
[1, 1, 1, 1] 732
[1, 1, 1, 1] 800
[1, 1, 1, 1] 812
[1, 1, 1, 1] 896
[1, 1, 1, 1] 970
[1, 1, 1, 1] 980
[1, 1, 1, 1] 989
[1, 1, 1, 1] 990
[0, 1, 1, 1] 15
[0, 1, 1, 1] 148
[0, 1, 1, 1] 163
[0, 1, 1, 1] 201
[0, 1, 1, 1] 256
[0, 1, 1, 1] 341
[0, 1, 1, 1] 343
[0, 1, 1, 1] 363
[0, 1, 1, 1] 445
[0, 1, 1, 1] 478
[0, 1, 1, 1] 480
[0, 1, 1, 1] 495
[0, 1, 1, 1] 497
[0, 1, 1, 1] 688
[0, 1, 1, 1] 695
[0, 1, 1, 1] 702
[0, 1, 1, 1] 707
[0, 1, 1, 1] 747
[0, 1, 1, 1] 775
[0, 1, 1, 1] 852
[0, 1, 1, 1] 872
[0, 1, 1, 1] 887
[0, 1, 1, 1] 922
[0, 1, 1, 1] 954
[0, 1, 1, 1] 964
[0, 1, 1, 1] 976
[0, 0, 1, 1] 26
[0, 0, 1, 1] 70
[0, 0, 1, 1] 73
[0, 0, 1, 1] 89
[0, 0, 1, 1] 139
[0, 0, 1, 1] 184
[0, 0, 1, 1] 192
[0, 0, 1, 1] 201
[0, 0, 1, 1] 286
[0, 0, 1, 1] 303
[0, 0, 1, 1] 313
[0, 0, 1, 1] 318
[0, 0, 1, 1] 332
[0, 0, 1, 1] 418
[0, 0, 1, 1] 458
[0, 0, 1, 1] 619
[0, 0, 1, 1] 735
[0, 0, 1, 1] 849
[0, 0, 1, 1] 858
[0, 0, 1, 1] 888
[0, 0, 1, 1] 962
[0, 0, 1, 1] 974
[0, 0, 1, 1] 975
[0, 0, 1, 1] 991
[0, 0, 0, 1] 88
[0, 0, 0, 1] 116
[0, 0, 0, 1] 124
[0, 0, 0, 1] 262
[0, 0, 0, 1] 284
[0, 0, 0, 1] 339
[0, 0, 0, 1] 358
[0, 0, 0, 1] 438
[0, 0, 0, 1] 479
[0, 0, 0, 1] 540
[0, 0, 0, 1] 554
[0, 0, 0, 1] 686
[0, 0, 0, 1] 692
[0, 0, 0, 1] 742
[0, 0, 0, 1] 756
[0, 0, 0, 1] 780
[0, 0, 0, 1] 796
[0, 0, 0, 1] 864
