VARIABLES 100
NB_OBJ 4
ITEMS
[1, 1, 1, 1] 55
[1, 1, 1, 1] 65
[1, 1, 1, 1] 98
[1, 1, 1, 1] 156
[1, 1, 1, 1] 188
[1, 1, 1, 1] 207
[1, 1, 1, 1] 305
[1, 1, 1, 1] 337
[1, 1, 1, 1] 356
[1, 1, 1, 1] 369
[1, 1, 1, 1] 406
[1, 1, 1, 1] 446
[1, 1, 1, 1] 490
[1, 1, 1, 1] 497
[1, 1, 1, 1] 530
[1, 1, 1, 1] 649
[1, 1, 1, 1] 659
[1, 1, 1, 1] 728
[1, 1, 1, 1] 814
[1, 1, 1, 1] 821
[1, 1, 1, 1] 896
[1, 1, 1, 1] 988
[0, 1, 1, 1] 42
[0, 1, 1, 1] 76
[0, 1, 1, 1] 76
[0, 1, 1, 1] 152
[0, 1, 1, 1] 154
[0, 1, 1, 1] 225
[0, 1, 1, 1] 321
[0, 1, 1, 1] 323
[0, 1, 1, 1] 362
[0, 1, 1, 1] 372
[0, 1, 1, 1] 397
[0, 1, 1, 1] 409
[0, 1, 1, 1] 442
[0, 1, 1, 1] 449
[0, 1, 1, 1] 451
[0, 1, 1, 1] 462
[0, 1, 1, 1] 468
[0, 1, 1, 1] 510
[0, 1, 1, 1] 548
[0, 1, 1, 1] 550
[0, 1, 1, 1] 563
[0, 1, 1, 1] 580
[0, 1, 1, 1] 593
[0, 1, 1, 1] 606
[0, 1, 1, 1] 660
[0, 1, 1, 1] 723
[0, 1, 1, 1] 766
[0, 1, 1, 1] 820
[0, 1, 1, 1] 849
[0, 1, 1, 1] 871
[0, 1, 1, 1] 994
[0, 0, 1, 1] 42
[0, 0, 1, 1] 66
[0, 0, 1, 1] 96
[0, 0, 1, 1] 118
[0, 0, 1, 1] 135
[0, 0, 1, 1] 150
[0, 0, 1, 1] 196
[0, 0, 1, 1] 209
[0, 0, 1, 1] 212
[0, 0, 1, 1] 221
[0, 0, 1, 1] 304
[0, 0, 1, 1] 304
[0, 0, 1, 1] 310
[0, 0, 1, 1] 445
[0, 0, 1, 1] 568
[0, 0, 1, 1] 568
[0, 0, 1, 1] 596
[0, 0, 1, 1] 649
[0, 0, 1, 1] 732
[0, 0, 1, 1] 733
[0, 0, 1, 1] 753
[0, 0, 1, 1] 754
[0, 0, 1, 1] 816
[0, 0, 1, 1] 858
[0, 0, 1, 1] 864
[0, 0, 1, 1] 912
[0, 0, 1, 1] 926
[0, 0, 1, 1] 945
[0, 0, 1, 1] 968
[0, 0, 1, 1] 969
[0, 0, 0, 1] 32
[0, 0, 0, 1] 77
[0, 0, 0, 1] 165
[0, 0, 0, 1] 198
[0, 0, 0, 1] 232
[0, 0, 0, 1] 260
[0, 0, 0, 1] 303
[0, 0, 0, 1] 409
[0, 0, 0, 1] 425
[0, 0, 0, 1] 428
[0, 0, 0, 1] 480
[0, 0, 0, 1] 498
[0, 0, 0, 1] 655
[0, 0, 0, 1] 696
[0, 0, 0, 1] 878
[0, 0, 0, 1] 883
[0, 0, 0, 1] 929
