VARIABLES 100
NB_OBJ 4
ITEMS
[1, 1, 1, 1] 102
[1, 1, 1, 1] 121
[1, 1, 1, 1] 127
[1, 1, 1, 1] 130
[1, 1, 1, 1] 159
[1, 1, 1, 1] 180
[1, 1, 1, 1] 221
[1, 1, 1, 1] 250
[1, 1, 1, 1] 338
[1, 1, 1, 1] 422
[1, 1, 1, 1] 494
[1, 1, 1, 1] 498
[1, 1, 1, 1] 518
[1, 1, 1, 1] 525
[1, 1, 1, 1] 552
[1, 1, 1, 1] 554
[1, 1, 1, 1] 559
[1, 1, 1, 1] 568
[1, 1, 1, 1] 581
[1, 1, 1, 1] 585
[1, 1, 1, 1] 605
[1, 1, 1, 1] 711
[1, 1, 1, 1] 734
[1, 1, 1, 1] 750
[1, 1, 1, 1] 793
[1, 1, 1, 1] 830
[1, 1, 1, 1] 929
[1, 1, 1, 1] 978
[0, 1, 1, 1] 3
[0, 1, 1, 1] 68
[0, 1, 1, 1] 92
[0, 1, 1, 1] 116
[0, 1, 1, 1] 248
[0, 1, 1, 1] 256
[0, 1, 1, 1] 257
[0, 1, 1, 1] 310
[0, 1, 1, 1] 375
[0, 1, 1, 1] 383
[0, 1, 1, 1] 449
[0, 1, 1, 1] 474
[0, 1, 1, 1] 511
[0, 1, 1, 1] 662
[0, 1, 1, 1] 674
[0, 1, 1, 1] 690
[0, 1, 1, 1] 707
[0, 1, 1, 1] 724
[0, 1, 1, 1] 827
[0, 1, 1, 1] 829
[0, 1, 1, 1] 855
[0, 1, 1, 1] 955
[0, 1, 1, 1] 973
[0, 0, 1, 1] 38
[0, 0, 1, 1] 98
[0, 0, 1, 1] 101
[0, 0, 1, 1] 108
[0, 0, 1, 1] 118
[0, 0, 1, 1] 172
[0, 0, 1, 1] 223
[0, 0, 1, 1] 240
[0, 0, 1, 1] 306
[0, 0, 1, 1] 316
[0, 0, 1, 1] 329
[0, 0, 1, 1] 334
[0, 0, 1, 1] 343
[0, 0, 1, 1] 362
[0, 0, 1, 1] 502
[0, 0, 1, 1] 573
[0, 0, 1, 1] 582
[0, 0, 1, 1] 586
[0, 0, 1, 1] 600
[0, 0, 1, 1] 607
[0, 0, 1, 1] 614
[0, 0, 1, 1] 623
[0, 0, 1, 1] 624
[0, 0, 1, 1] 776
[0, 0, 1, 1] 817
[0, 0, 1, 1] 889
[0, 0, 1, 1] 936
[0, 0, 1, 1] 937
[0, 0, 0, 1] 11
[0, 0, 0, 1] 110
[0, 0, 0, 1] 113
[0, 0, 0, 1] 191
[0, 0, 0, 1] 207
[0, 0, 0, 1] 217
[0, 0, 0, 1] 265
[0, 0, 0, 1] 296
[0, 0, 0, 1] 308
[0, 0, 0, 1] 488
[0, 0, 0, 1] 549
[0, 0, 0, 1] 617
[0, 0, 0, 1] 632
[0, 0, 0, 1] 664
[0, 0, 0, 1] 677
[0, 0, 0, 1] 733
[0, 0, 0, 1] 810
[0, 0, 0, 1] 862
[0, 0, 0, 1] 884
[0, 0, 0, 1] 909
[0, 0, 0, 1] 970
