VARIABLES 100
NB_OBJ 4
ITEMS
[1, 1, 1, 1] 154
[1, 1, 1, 1] 196
[1, 1, 1, 1] 234
[1, 1, 1, 1] 234
[1, 1, 1, 1] 313
[1, 1, 1, 1] 350
[1, 1, 1, 1] 355
[1, 1, 1, 1] 387
[1, 1, 1, 1] 497
[1, 1, 1, 1] 564
[1, 1, 1, 1] 574
[1, 1, 1, 1] 580
[1, 1, 1, 1] 599
[1, 1, 1, 1] 603
[1, 1, 1, 1] 698
[1, 1, 1, 1] 712
[1, 1, 1, 1] 752
[1, 1, 1, 1] 802
[1, 1, 1, 1] 843
[1, 1, 1, 1] 870
[1, 1, 1, 1] 959
[0, 1, 1, 1] 53
[0, 1, 1, 1] 63
[0, 1, 1, 1] 90
[0, 1, 1, 1] 98
[0, 1, 1, 1] 145
[0, 1, 1, 1] 171
[0, 1, 1, 1] 234
[0, 1, 1, 1] 256
[0, 1, 1, 1] 303
[0, 1, 1, 1] 333
[0, 1, 1, 1] 430
[0, 1, 1, 1] 431
[0, 1, 1, 1] 492
[0, 1, 1, 1] 511
[0, 1, 1, 1] 533
[0, 1, 1, 1] 538
[0, 1, 1, 1] 559
[0, 1, 1, 1] 582
[0, 1, 1, 1] 615
[0, 1, 1, 1] 655
[0, 1, 1, 1] 656
[0, 1, 1, 1] 661
[0, 1, 1, 1] 719
[0, 1, 1, 1] 720
[0, 1, 1, 1] 732
[0, 1, 1, 1] 770
[0, 1, 1, 1] 851
[0, 1, 1, 1] 854
[0, 1, 1, 1] 856
[0, 1, 1, 1] 916
[0, 1, 1, 1] 923
[0, 1, 1, 1] 962
[0, 0, 1, 1] 13
[0, 0, 1, 1] 13
[0, 0, 1, 1] 77
[0, 0, 1, 1] 83
[0, 0, 1, 1] 87
[0, 0, 1, 1] 158
[0, 0, 1, 1] 217
[0, 0, 1, 1] 290
[0, 0, 1, 1] 312
[0, 0, 1, 1] 420
[0, 0, 1, 1] 444
[0, 0, 1, 1] 523
[0, 0, 1, 1] 572
[0, 0, 1, 1] 642
[0, 0, 1, 1] 720
[0, 0, 1, 1] 804
[0, 0, 1, 1] 901
[0, 0, 1, 1] 920
[0, 0, 1, 1] 941
[0, 0, 0, 1] 28
[0, 0, 0, 1] 51
[0, 0, 0, 1] 95
[0, 0, 0, 1] 108
[0, 0, 0, 1] 127
[0, 0, 0, 1] 143
[0, 0, 0, 1] 159
[0, 0, 0, 1] 171
[0, 0, 0, 1] 190
[0, 0, 0, 1] 194
[0, 0, 0, 1] 207
[0, 0, 0, 1] 217
[0, 0, 0, 1] 243
[0, 0, 0, 1] 270
[0, 0, 0, 1] 280
[0, 0, 0, 1] 295
[0, 0, 0, 1] 370
[0, 0, 0, 1] 384
[0, 0, 0, 1] 456
[0, 0, 0, 1] 479
[0, 0, 0, 1] 505
[0, 0, 0, 1] 526
[0, 0, 0, 1] 552
[0, 0, 0, 1] 614
[0, 0, 0, 1] 627
[0, 0, 0, 1] 667
[0, 0, 0, 1] 832
[0, 0, 0, 1] 916
