VARIABLES 100
NB_OBJ 4
ITEMS
[1, 1, 1, 1] 75
[1, 1, 1, 1] 106
[1, 1, 1, 1] 136
[1, 1, 1, 1] 160
[1, 1, 1, 1] 171
[1, 1, 1, 1] 184
[1, 1, 1, 1] 184
[1, 1, 1, 1] 192
[1, 1, 1, 1] 209
[1, 1, 1, 1] 288
[1, 1, 1, 1] 310
[1, 1, 1, 1] 314
[1, 1, 1, 1] 316
[1, 1, 1, 1] 360
[1, 1, 1, 1] 369
[1, 1, 1, 1] 370
[1, 1, 1, 1] 389
[1, 1, 1, 1] 413
[1, 1, 1, 1] 427
[1, 1, 1, 1] 481
[1, 1, 1, 1] 497
[1, 1, 1, 1] 541
[1, 1, 1, 1] 563
[1, 1, 1, 1] 568
[1, 1, 1, 1] 600
[1, 1, 1, 1] 662
[1, 1, 1, 1] 680
[1, 1, 1, 1] 757
[0, 1, 1, 1] 18
[0, 1, 1, 1] 28
[0, 1, 1, 1] 40
[0, 1, 1, 1] 56
[0, 1, 1, 1] 62
[0, 1, 1, 1] 66
[0, 1, 1, 1] 95
[0, 1, 1, 1] 108
[0, 1, 1, 1] 114
[0, 1, 1, 1] 147
[0, 1, 1, 1] 168
[0, 1, 1, 1] 214
[0, 1, 1, 1] 229
[0, 1, 1, 1] 263
[0, 1, 1, 1] 266
[0, 1, 1, 1] 300
[0, 1, 1, 1] 313
[0, 1, 1, 1] 387
[0, 1, 1, 1] 402
[0, 1, 1, 1] 403
[0, 1, 1, 1] 473
[0, 1, 1, 1] 498
[0, 1, 1, 1] 499
[0, 1, 1, 1] 556
[0, 1, 1, 1] 583
[0, 1, 1, 1] 682
[0, 1, 1, 1] 725
[0, 1, 1, 1] 778
[0, 1, 1, 1] 812
[0, 1, 1, 1] 854
[0, 1, 1, 1] 915
[0, 1, 1, 1] 918
[0, 1, 1, 1] 920
[0, 1, 1, 1] 956
[0, 1, 1, 1] 995
[0, 0, 1, 1] 2
[0, 0, 1, 1] 42
[0, 0, 1, 1] 130
[0, 0, 1, 1] 159
[0, 0, 1, 1] 188
[0, 0, 1, 1] 228
[0, 0, 1, 1] 263
[0, 0, 1, 1] 335
[0, 0, 1, 1] 362
[0, 0, 1, 1] 564
[0, 0, 1, 1] 589
[0, 0, 1, 1] 639
[0, 0, 1, 1] 658
[0, 0, 1, 1] 691
[0, 0, 1, 1] 822
[0, 0, 1, 1] 884
[0, 0, 1, 1] 971
[0, 0, 0, 1] 92
[0, 0, 0, 1] 101
[0, 0, 0, 1] 275
[0, 0, 0, 1] 410
[0, 0, 0, 1] 420
[0, 0, 0, 1] 501
[0, 0, 0, 1] 526
[0, 0, 0, 1] 533
[0, 0, 0, 1] 593
[0, 0, 0, 1] 649
[0, 0, 0, 1] 668
[0, 0, 0, 1] 708
[0, 0, 0, 1] 726
[0, 0, 0, 1] 741
[0, 0, 0, 1] 877
[0, 0, 0, 1] 877
[0, 0, 0, 1] 881
[0, 0, 0, 1] 883
[0, 0, 0, 1] 891
[0, 0, 0, 1] 994
