VARIABLES 100
NB_OBJ 4
ITEMS
[1, 1, 1, 1] 27
[1, 1, 1, 1] 33
[1, 1, 1, 1] 36
[1, 1, 1, 1] 100
[1, 1, 1, 1] 102
[1, 1, 1, 1] 107
[1, 1, 1, 1] 153
[1, 1, 1, 1] 220
[1, 1, 1, 1] 300
[1, 1, 1, 1] 322
[1, 1, 1, 1] 345
[1, 1, 1, 1] 433
[1, 1, 1, 1] 462
[1, 1, 1, 1] 480
[1, 1, 1, 1] 508
[1, 1, 1, 1] 537
[1, 1, 1, 1] 545
[1, 1, 1, 1] 562
[1, 1, 1, 1] 609
[1, 1, 1, 1] 650
[1, 1, 1, 1] 681
[1, 1, 1, 1] 760
[1, 1, 1, 1] 790
[1, 1, 1, 1] 856
[1, 1, 1, 1] 864
[1, 1, 1, 1] 919
[1, 1, 1, 1] 949
[1, 1, 1, 1] 977
[1, 1, 1, 1] 993
[0, 1, 1, 1] 15
[0, 1, 1, 1] 148
[0, 1, 1, 1] 156
[0, 1, 1, 1] 252
[0, 1, 1, 1] 256
[0, 1, 1, 1] 281
[0, 1, 1, 1] 286
[0, 1, 1, 1] 305
[0, 1, 1, 1] 319
[0, 1, 1, 1] 411
[0, 1, 1, 1] 540
[0, 1, 1, 1] 574
[0, 1, 1, 1] 577
[0, 1, 1, 1] 589
[0, 1, 1, 1] 612
[0, 1, 1, 1] 659
[0, 1, 1, 1] 706
[0, 1, 1, 1] 723
[0, 1, 1, 1] 748
[0, 1, 1, 1] 756
[0, 1, 1, 1] 762
[0, 1, 1, 1] 852
[0, 1, 1, 1] 861
[0, 1, 1, 1] 885
[0, 1, 1, 1] 916
[0, 1, 1, 1] 922
[0, 1, 1, 1] 933
[0, 0, 1, 1] 43
[0, 0, 1, 1] 192
[0, 0, 1, 1] 248
[0, 0, 1, 1] 301
[0, 0, 1, 1] 344
[0, 0, 1, 1] 373
[0, 0, 1, 1] 407
[0, 0, 1, 1] 411
[0, 0, 1, 1] 441
[0, 0, 1, 1] 460
[0, 0, 1, 1] 461
[0, 0, 1, 1] 498
[0, 0, 1, 1] 624
[0, 0, 1, 1] 672
[0, 0, 1, 1] 681
[0, 0, 1, 1] 836
[0, 0, 1, 1] 854
[0, 0, 1, 1] 932
[0, 0, 0, 1] 80
[0, 0, 0, 1] 84
[0, 0, 0, 1] 154
[0, 0, 0, 1] 173
[0, 0, 0, 1] 190
[0, 0, 0, 1] 198
[0, 0, 0, 1] 229
[0, 0, 0, 1] 304
[0, 0, 0, 1] 304
[0, 0, 0, 1] 312
[0, 0, 0, 1] 317
[0, 0, 0, 1] 344
[0, 0, 0, 1] 420
[0, 0, 0, 1] 535
[0, 0, 0, 1] 606
[0, 0, 0, 1] 628
[0, 0, 0, 1] 651
[0, 0, 0, 1] 710
[0, 0, 0, 1] 725
[0, 0, 0, 1] 738
[0, 0, 0, 1] 763
[0, 0, 0, 1] 789
[0, 0, 0, 1] 811
[0, 0, 0, 1] 822
[0, 0, 0, 1] 867
[0, 0, 0, 1] 899
