VARIABLES 100
NB_OBJ 4
ITEMS
[1, 1, 1, 1] 1
[1, 1, 1, 1] 75
[1, 1, 1, 1] 101
[1, 1, 1, 1] 154
[1, 1, 1, 1] 185
[1, 1, 1, 1] 285
[1, 1, 1, 1] 303
[1, 1, 1, 1] 314
[1, 1, 1, 1] 345
[1, 1, 1, 1] 379
[1, 1, 1, 1] 381
[1, 1, 1, 1] 430
[1, 1, 1, 1] 431
[1, 1, 1, 1] 450
[1, 1, 1, 1] 463
[1, 1, 1, 1] 499
[1, 1, 1, 1] 512
[1, 1, 1, 1] 517
[1, 1, 1, 1] 578
[1, 1, 1, 1] 693
[1, 1, 1, 1] 701
[1, 1, 1, 1] 729
[1, 1, 1, 1] 867
[1, 1, 1, 1] 876
[1, 1, 1, 1] 915
[0, 1, 1, 1] 41
[0, 1, 1, 1] 73
[0, 1, 1, 1] 93
[0, 1, 1, 1] 95
[0, 1, 1, 1] 100
[0, 1, 1, 1] 138
[0, 1, 1, 1] 147
[0, 1, 1, 1] 164
[0, 1, 1, 1] 181
[0, 1, 1, 1] 221
[0, 1, 1, 1] 274
[0, 1, 1, 1] 282
[0, 1, 1, 1] 314
[0, 1, 1, 1] 338
[0, 1, 1, 1] 341
[0, 1, 1, 1] 394
[0, 1, 1, 1] 497
[0, 1, 1, 1] 502
[0, 1, 1, 1] 515
[0, 1, 1, 1] 525
[0, 1, 1, 1] 603
[0, 1, 1, 1] 699
[0, 1, 1, 1] 812
[0, 1, 1, 1] 849
[0, 1, 1, 1] 850
[0, 1, 1, 1] 899
[0, 0, 1, 1] 27
[0, 0, 1, 1] 82
[0, 0, 1, 1] 98
[0, 0, 1, 1] 101
[0, 0, 1, 1] 136
[0, 0, 1, 1] 246
[0, 0, 1, 1] 274
[0, 0, 1, 1] 350
[0, 0, 1, 1] 361
[0, 0, 1, 1] 366
[0, 0, 1, 1] 472
[0, 0, 1, 1] 479
[0, 0, 1, 1] 565
[0, 0, 1, 1] 576
[0, 0, 1, 1] 581
[0, 0, 1, 1] 674
[0, 0, 1, 1] 747
[0, 0, 1, 1] 756
[0, 0, 1, 1] 838
[0, 0, 1, 1] 850
[0, 0, 1, 1] 912
[0, 0, 1, 1] 927
[0, 0, 1, 1] 986
[0, 0, 1, 1] 987
[0, 0, 0, 1] 18
[0, 0, 0, 1] 99
[0, 0, 0, 1] 101
[0, 0, 0, 1] 127
[0, 0, 0, 1] 152
[0, 0, 0, 1] 165
[0, 0, 0, 1] 206
[0, 0, 0, 1] 239
[0, 0, 0, 1] 351
[0, 0, 0, 1] 433
[0, 0, 0, 1] 442
[0, 0, 0, 1] 484
[0, 0, 0, 1] 493
[0, 0, 0, 1] 543
[0, 0, 0, 1] 562
[0, 0, 0, 1] 564
[0, 0, 0, 1] 653
[0, 0, 0, 1] 661
[0, 0, 0, 1] 669
[0, 0, 0, 1] 680
[0, 0, 0, 1] 695
[0, 0, 0, 1] 741
[0, 0, 0, 1] 796
[0, 0, 0, 1] 872
[0, 0, 0, 1] 928
