VARIABLES 100
NB_OBJ 4
ITEMS
[1, 1, 1, 1] 47
[1, 1, 1, 1] 70
[1, 1, 1, 1] 147
[1, 1, 1, 1] 162
[1, 1, 1, 1] 185
[1, 1, 1, 1] 246
[1, 1, 1, 1] 256
[1, 1, 1, 1] 287
[1, 1, 1, 1] 359
[1, 1, 1, 1] 365
[1, 1, 1, 1] 382
[1, 1, 1, 1] 402
[1, 1, 1, 1] 414
[1, 1, 1, 1] 451
[1, 1, 1, 1] 478
[1, 1, 1, 1] 523
[1, 1, 1, 1] 598
[1, 1, 1, 1] 672
[1, 1, 1, 1] 680
[1, 1, 1, 1] 682
[1, 1, 1, 1] 685
[1, 1, 1, 1] 765
[1, 1, 1, 1] 784
[1, 1, 1, 1] 800
[1, 1, 1, 1] 839
[1, 1, 1, 1] 949
[0, 1, 1, 1] 16
[0, 1, 1, 1] 30
[0, 1, 1, 1] 89
[0, 1, 1, 1] 178
[0, 1, 1, 1] 183
[0, 1, 1, 1] 188
[0, 1, 1, 1] 266
[0, 1, 1, 1] 284
[0, 1, 1, 1] 320
[0, 1, 1, 1] 350
[0, 1, 1, 1] 401
[0, 1, 1, 1] 446
[0, 1, 1, 1] 447
[0, 1, 1, 1] 457
[0, 1, 1, 1] 498
[0, 1, 1, 1] 518
[0, 1, 1, 1] 545
[0, 1, 1, 1] 606
[0, 1, 1, 1] 668
[0, 1, 1, 1] 708
[0, 1, 1, 1] 821
[0, 1, 1, 1] 856
[0, 1, 1, 1] 911
[0, 1, 1, 1] 978
[0, 0, 1, 1] 7
[0, 0, 1, 1] 14
[0, 0, 1, 1] 50
[0, 0, 1, 1] 98
[0, 0, 1, 1] 144
[0, 0, 1, 1] 232
[0, 0, 1, 1] 250
[0, 0, 1, 1] 285
[0, 0, 1, 1] 290
[0, 0, 1, 1] 363
[0, 0, 1, 1] 381
[0, 0, 1, 1] 430
[0, 0, 1, 1] 445
[0, 0, 1, 1] 447
[0, 0, 1, 1] 463
[0, 0, 1, 1] 476
[0, 0, 1, 1] 522
[0, 0, 1, 1] 563
[0, 0, 1, 1] 579
[0, 0, 1, 1] 583
[0, 0, 1, 1] 593
[0, 0, 1, 1] 629
[0, 0, 1, 1] 714
[0, 0, 1, 1] 718
[0, 0, 1, 1] 722
[0, 0, 1, 1] 738
[0, 0, 1, 1] 803
[0, 0, 1, 1] 804
[0, 0, 1, 1] 811
[0, 0, 1, 1] 821
[0, 0, 0, 1] 57
[0, 0, 0, 1] 67
[0, 0, 0, 1] 158
[0, 0, 0, 1] 174
[0, 0, 0, 1] 185
[0, 0, 0, 1] 203
[0, 0, 0, 1] 206
[0, 0, 0, 1] 258
[0, 0, 0, 1] 295
[0, 0, 0, 1] 388
[0, 0, 0, 1] 414
[0, 0, 0, 1] 415
[0, 0, 0, 1] 598
[0, 0, 0, 1] 614
[0, 0, 0, 1] 710
[0, 0, 0, 1] 740
[0, 0, 0, 1] 748
[0, 0, 0, 1] 756
[0, 0, 0, 1] 839
[0, 0, 0, 1] 879
