VARIABLES 100
NB_OBJ 4
ITEMS
[1, 1, 1, 1] 1
[1, 1, 1, 1] 50
[1, 1, 1, 1] 63
[1, 1, 1, 1] 68
[1, 1, 1, 1] 142
[1, 1, 1, 1] 183
[1, 1, 1, 1] 193
[1, 1, 1, 1] 195
[1, 1, 1, 1] 199
[1, 1, 1, 1] 244
[1, 1, 1, 1] 252
[1, 1, 1, 1] 285
[1, 1, 1, 1] 376
[1, 1, 1, 1] 413
[1, 1, 1, 1] 420
[1, 1, 1, 1] 460
[1, 1, 1, 1] 663
[1, 1, 1, 1] 726
[1, 1, 1, 1] 731
[1, 1, 1, 1] 754
[1, 1, 1, 1] 855
[1, 1, 1, 1] 873
[1, 1, 1, 1] 928
[1, 1, 1, 1] 989
[0, 1, 1, 1] 83
[0, 1, 1, 1] 92
[0, 1, 1, 1] 136
[0, 1, 1, 1] 263
[0, 1, 1, 1] 290
[0, 1, 1, 1] 350
[0, 1, 1, 1] 363
[0, 1, 1, 1] 364
[0, 1, 1, 1] 378
[0, 1, 1, 1] 381
[0, 1, 1, 1] 515
[0, 1, 1, 1] 558
[0, 1, 1, 1] 610
[0, 1, 1, 1] 684
[0, 1, 1, 1] 710
[0, 1, 1, 1] 735
[0, 1, 1, 1] 835
[0, 1, 1, 1] 846
[0, 1, 1, 1] 887
[0, 1, 1, 1] 946
[0, 1, 1, 1] 961
[0, 0, 1, 1] 10
[0, 0, 1, 1] 28
[0, 0, 1, 1] 214
[0, 0, 1, 1] 252
[0, 0, 1, 1] 256
[0, 0, 1, 1] 279
[0, 0, 1, 1] 311
[0, 0, 1, 1] 327
[0, 0, 1, 1] 341
[0, 0, 1, 1] 358
[0, 0, 1, 1] 441
[0, 0, 1, 1] 448
[0, 0, 1, 1] 564
[0, 0, 1, 1] 569
[0, 0, 1, 1] 574
[0, 0, 1, 1] 591
[0, 0, 1, 1] 598
[0, 0, 1, 1] 599
[0, 0, 1, 1] 617
[0, 0, 1, 1] 627
[0, 0, 1, 1] 640
[0, 0, 1, 1] 676
[0, 0, 1, 1] 686
[0, 0, 1, 1] 711
[0, 0, 1, 1] 726
[0, 0, 1, 1] 756
[0, 0, 1, 1] 784
[0, 0, 1, 1] 815
[0, 0, 1, 1] 821
[0, 0, 1, 1] 862
[0, 0, 1, 1] 951
[0, 0, 1, 1] 997
[0, 0, 0, 1] 22
[0, 0, 0, 1] 100
[0, 0, 0, 1] 108
[0, 0, 0, 1] 182
[0, 0, 0, 1] 321
[0, 0, 0, 1] 342
[0, 0, 0, 1] 425
[0, 0, 0, 1] 439
[0, 0, 0, 1] 531
[0, 0, 0, 1] 547
[0, 0, 0, 1] 566
[0, 0, 0, 1] 637
[0, 0, 0, 1] 646
[0, 0, 0, 1] 699
[0, 0, 0, 1] 780
[0, 0, 0, 1] 793
[0, 0, 0, 1] 802
[0, 0, 0, 1] 839
[0, 0, 0, 1] 851
[0, 0, 0, 1] 890
[0, 0, 0, 1] 895
[0, 0, 0, 1] 917
[0, 0, 0, 1] 931
