VARIABLES 100
NB_OBJ 4
ITEMS
[1, 1, 1, 1] 18
[1, 1, 1, 1] 100
[1, 1, 1, 1] 141
[1, 1, 1, 1] 144
[1, 1, 1, 1] 339
[1, 1, 1, 1] 365
[1, 1, 1, 1] 373
[1, 1, 1, 1] 424
[1, 1, 1, 1] 444
[1, 1, 1, 1] 515
[1, 1, 1, 1] 555
[1, 1, 1, 1] 596
[1, 1, 1, 1] 601
[1, 1, 1, 1] 679
[1, 1, 1, 1] 734
[1, 1, 1, 1] 809
[1, 1, 1, 1] 882
[1, 1, 1, 1] 989
[0, 1, 1, 1] 30
[0, 1, 1, 1] 110
[0, 1, 1, 1] 125
[0, 1, 1, 1] 167
[0, 1, 1, 1] 187
[0, 1, 1, 1] 200
[0, 1, 1, 1] 270
[0, 1, 1, 1] 303
[0, 1, 1, 1] 309
[0, 1, 1, 1] 330
[0, 1, 1, 1] 434
[0, 1, 1, 1] 449
[0, 1, 1, 1] 479
[0, 1, 1, 1] 603
[0, 1, 1, 1] 606
[0, 1, 1, 1] 608
[0, 1, 1, 1] 613
[0, 1, 1, 1] 650
[0, 1, 1, 1] 682
[0, 1, 1, 1] 754
[0, 1, 1, 1] 786
[0, 1, 1, 1] 806
[0, 1, 1, 1] 857
[0, 1, 1, 1] 859
[0, 1, 1, 1] 885
[0, 1, 1, 1] 921
[0, 1, 1, 1] 948
[0, 1, 1, 1] 987
[0, 1, 1, 1] 989
[0, 0, 1, 1] 3
[0, 0, 1, 1] 91
[0, 0, 1, 1] 95
[0, 0, 1, 1] 136
[0, 0, 1, 1] 159
[0, 0, 1, 1] 170
[0, 0, 1, 1] 198
[0, 0, 1, 1] 200
[0, 0, 1, 1] 200
[0, 0, 1, 1] 258
[0, 0, 1, 1] 323
[0, 0, 1, 1] 410
[0, 0, 1, 1] 412
[0, 0, 1, 1] 433
[0, 0, 1, 1] 455
[0, 0, 1, 1] 586
[0, 0, 1, 1] 614
[0, 0, 1, 1] 662
[0, 0, 1, 1] 822
[0, 0, 1, 1] 875
[0, 0, 1, 1] 882
[0, 0, 1, 1] 936
[0, 0, 1, 1] 980
[0, 0, 1, 1] 990
[0, 0, 1, 1] 998
[0, 0, 1, 1] 999
[0, 0, 0, 1] 78
[0, 0, 0, 1] 85
[0, 0, 0, 1] 94
[0, 0, 0, 1] 164
[0, 0, 0, 1] 172
[0, 0, 0, 1] 178
[0, 0, 0, 1] 185
[0, 0, 0, 1] 240
[0, 0, 0, 1] 283
[0, 0, 0, 1] 417
[0, 0, 0, 1] 420
[0, 0, 0, 1] 457
[0, 0, 0, 1] 623
[0, 0, 0, 1] 631
[0, 0, 0, 1] 635
[0, 0, 0, 1] 675
[0, 0, 0, 1] 719
[0, 0, 0, 1] 725
[0, 0, 0, 1] 830
[0, 0, 0, 1] 832
[0, 0, 0, 1] 850
[0, 0, 0, 1] 855
[0, 0, 0, 1] 880
[0, 0, 0, 1] 890
[0, 0, 0, 1] 902
[0, 0, 0, 1] 914
[0, 0, 0, 1] 921
