VARIABLES 100
NB_OBJ 4
ITEMS
[1, 1, 1, 1] 7
[1, 1, 1, 1] 82
[1, 1, 1, 1] 126
[1, 1, 1, 1] 143
[1, 1, 1, 1] 169
[1, 1, 1, 1] 239
[1, 1, 1, 1] 247
[1, 1, 1, 1] 257
[1, 1, 1, 1] 260
[1, 1, 1, 1] 293
[1, 1, 1, 1] 322
[1, 1, 1, 1] 367
[1, 1, 1, 1] 374
[1, 1, 1, 1] 433
[1, 1, 1, 1] 451
[1, 1, 1, 1] 470
[1, 1, 1, 1] 475
[1, 1, 1, 1] 494
[1, 1, 1, 1] 558
[1, 1, 1, 1] 566
[1, 1, 1, 1] 586
[1, 1, 1, 1] 661
[1, 1, 1, 1] 762
[1, 1, 1, 1] 795
[1, 1, 1, 1] 857
[1, 1, 1, 1] 913
[1, 1, 1, 1] 983
[1, 1, 1, 1] 992
[0, 1, 1, 1] 65
[0, 1, 1, 1] 67
[0, 1, 1, 1] 134
[0, 1, 1, 1] 166
[0, 1, 1, 1] 182
[0, 1, 1, 1] 193
[0, 1, 1, 1] 201
[0, 1, 1, 1] 231
[0, 1, 1, 1] 299
[0, 1, 1, 1] 474
[0, 1, 1, 1] 524
[0, 1, 1, 1] 576
[0, 1, 1, 1] 614
[0, 1, 1, 1] 647
[0, 1, 1, 1] 653
[0, 1, 1, 1] 662
[0, 1, 1, 1] 695
[0, 1, 1, 1] 780
[0, 1, 1, 1] 929
[0, 1, 1, 1] 975
[0, 0, 1, 1] 6
[0, 0, 1, 1] 18
[0, 0, 1, 1] 53
[0, 0, 1, 1] 140
[0, 0, 1, 1] 143
[0, 0, 1, 1] 246
[0, 0, 1, 1] 278
[0, 0, 1, 1] 279
[0, 0, 1, 1] 284
[0, 0, 1, 1] 352
[0, 0, 1, 1] 456
[0, 0, 1, 1] 469
[0, 0, 1, 1] 555
[0, 0, 1, 1] 584
[0, 0, 1, 1] 638
[0, 0, 1, 1] 684
[0, 0, 1, 1] 728
[0, 0, 1, 1] 956
[0, 0, 1, 1] 972
[0, 0, 0, 1] 2
[0, 0, 0, 1] 26
[0, 0, 0, 1] 53
[0, 0, 0, 1] 71
[0, 0, 0, 1] 141
[0, 0, 0, 1] 158
[0, 0, 0, 1] 167
[0, 0, 0, 1] 185
[0, 0, 0, 1] 198
[0, 0, 0, 1] 227
[0, 0, 0, 1] 229
[0, 0, 0, 1] 230
[0, 0, 0, 1] 273
[0, 0, 0, 1] 276
[0, 0, 0, 1] 290
[0, 0, 0, 1] 370
[0, 0, 0, 1] 396
[0, 0, 0, 1] 438
[0, 0, 0, 1] 476
[0, 0, 0, 1] 500
[0, 0, 0, 1] 564
[0, 0, 0, 1] 633
[0, 0, 0, 1] 650
[0, 0, 0, 1] 659
[0, 0, 0, 1] 670
[0, 0, 0, 1] 748
[0, 0, 0, 1] 750
[0, 0, 0, 1] 834
[0, 0, 0, 1] 884
[0, 0, 0, 1] 919
[0, 0, 0, 1] 935
[0, 0, 0, 1] 963
[0, 0, 0, 1] 976
