VARIABLES 100
NB_OBJ 4
ITEMS
[1, 1, 1, 1] 48
[1, 1, 1, 1] 223
[1, 1, 1, 1] 267
[1, 1, 1, 1] 335
[1, 1, 1, 1] 340
[1, 1, 1, 1] 351
[1, 1, 1, 1] 351
[1, 1, 1, 1] 355
[1, 1, 1, 1] 369
[1, 1, 1, 1] 380
[1, 1, 1, 1] 388
[1, 1, 1, 1] 420
[1, 1, 1, 1] 472
[1, 1, 1, 1] 492
[1, 1, 1, 1] 511
[1, 1, 1, 1] 550
[1, 1, 1, 1] 577
[1, 1, 1, 1] 577
[1, 1, 1, 1] 590
[1, 1, 1, 1] 595
[1, 1, 1, 1] 651
[1, 1, 1, 1] 679
[1, 1, 1, 1] 715
[1, 1, 1, 1] 716
[1, 1, 1, 1] 724
[1, 1, 1, 1] 729
[1, 1, 1, 1] 751
[1, 1, 1, 1] 783
[1, 1, 1, 1] 800
[1, 1, 1, 1] 817
[1, 1, 1, 1] 966
[0, 1, 1, 1] 64
[0, 1, 1, 1] 121
[0, 1, 1, 1] 159
[0, 1, 1, 1] 175
[0, 1, 1, 1] 198
[0, 1, 1, 1] 252
[0, 1, 1, 1] 277
[0, 1, 1, 1] 383
[0, 1, 1, 1] 443
[0, 1, 1, 1] 455
[0, 1, 1, 1] 475
[0, 1, 1, 1] 530
[0, 1, 1, 1] 531
[0, 1, 1, 1] 533
[0, 1, 1, 1] 672
[0, 1, 1, 1] 693
[0, 1, 1, 1] 742
[0, 1, 1, 1] 747
[0, 1, 1, 1] 835
[0, 1, 1, 1] 887
[0, 1, 1, 1] 915
[0, 1, 1, 1] 915
[0, 1, 1, 1] 933
[0, 1, 1, 1] 951
[0, 0, 1, 1] 18
[0, 0, 1, 1] 106
[0, 0, 1, 1] 217
[0, 0, 1, 1] 230
[0, 0, 1, 1] 442
[0, 0, 1, 1] 444
[0, 0, 1, 1] 449
[0, 0, 1, 1] 525
[0, 0, 1, 1] 558
[0, 0, 1, 1] 563
[0, 0, 1, 1] 627
[0, 0, 1, 1] 635
[0, 0, 1, 1] 733
[0, 0, 1, 1] 802
[0, 0, 1, 1] 812
[0, 0, 1, 1] 833
[0, 0, 1, 1] 839
[0, 0, 1, 1] 867
[0, 0, 1, 1] 935
[0, 0, 1, 1] 945
[0, 0, 0, 1] 18
[0, 0, 0, 1] 26
[0, 0, 0, 1] 33
[0, 0, 0, 1] 87
[0, 0, 0, 1] 127
[0, 0, 0, 1] 130
[0, 0, 0, 1] 140
[0, 0, 0, 1] 166
[0, 0, 0, 1] 207
[0, 0, 0, 1] 214
[0, 0, 0, 1] 234
[0, 0, 0, 1] 246
[0, 0, 0, 1] 249
[0, 0, 0, 1] 283
[0, 0, 0, 1] 325
[0, 0, 0, 1] 326
[0, 0, 0, 1] 586
[0, 0, 0, 1] 719
[0, 0, 0, 1] 786
[0, 0, 0, 1] 796
[0, 0, 0, 1] 827
[0, 0, 0, 1] 838
[0, 0, 0, 1] 852
[0, 0, 0, 1] 917
[0, 0, 0, 1] 923
