VARIABLES 100
NB_OBJ 4
ITEMS
[1, 1, 1, 1] 69
[1, 1, 1, 1] 202
[1, 1, 1, 1] 234
[1, 1, 1, 1] 291
[1, 1, 1, 1] 318
[1, 1, 1, 1] 341
[1, 1, 1, 1] 360
[1, 1, 1, 1] 401
[1, 1, 1, 1] 440
[1, 1, 1, 1] 462
[1, 1, 1, 1] 466
[1, 1, 1, 1] 576
[1, 1, 1, 1] 633
[1, 1, 1, 1] 654
[1, 1, 1, 1] 700
[1, 1, 1, 1] 847
[1, 1, 1, 1] 858
[1, 1, 1, 1] 896
[1, 1, 1, 1] 922
[1, 1, 1, 1] 923
[0, 1, 1, 1] 42
[0, 1, 1, 1] 73
[0, 1, 1, 1] 87
[0, 1, 1, 1] 98
[0, 1, 1, 1] 125
[0, 1, 1, 1] 142
[0, 1, 1, 1] 250
[0, 1, 1, 1] 259
[0, 1, 1, 1] 282
[0, 1, 1, 1] 351
[0, 1, 1, 1] 364
[0, 1, 1, 1] 422
[0, 1, 1, 1] 443
[0, 1, 1, 1] 463
[0, 1, 1, 1] 539
[0, 1, 1, 1] 574
[0, 1, 1, 1] 575
[0, 1, 1, 1] 575
[0, 1, 1, 1] 583
[0, 1, 1, 1] 634
[0, 1, 1, 1] 666
[0, 1, 1, 1] 692
[0, 1, 1, 1] 719
[0, 1, 1, 1] 814
[0, 1, 1, 1] 844
[0, 1, 1, 1] 852
[0, 1, 1, 1] 894
[0, 1, 1, 1] 925
[0, 1, 1, 1] 975
[0, 1, 1, 1] 986
[0, 0, 1, 1] 61
[0, 0, 1, 1] 63
[0, 0, 1, 1] 71
[0, 0, 1, 1] 76
[0, 0, 1, 1] 83
[0, 0, 1, 1] 125
[0, 0, 1, 1] 146
[0, 0, 1, 1] 148
[0, 0, 1, 1] 169
[0, 0, 1, 1] 182
[0, 0, 1, 1] 213
[0, 0, 1, 1] 256
[0, 0, 1, 1] 282
[0, 0, 1, 1] 298
[0, 0, 1, 1] 305
[0, 0, 1, 1] 352
[0, 0, 1, 1] 483
[0, 0, 1, 1] 501
[0, 0, 1, 1] 517
[0, 0, 1, 1] 581
[0, 0, 1, 1] 607
[0, 0, 1, 1] 644
[0, 0, 1, 1] 656
[0, 0, 1, 1] 703
[0, 0, 1, 1] 716
[0, 0, 1, 1] 731
[0, 0, 1, 1] 771
[0, 0, 1, 1] 818
[0, 0, 1, 1] 917
[0, 0, 1, 1] 958
[0, 0, 0, 1] 18
[0, 0, 0, 1] 155
[0, 0, 0, 1] 239
[0, 0, 0, 1] 255
[0, 0, 0, 1] 346
[0, 0, 0, 1] 367
[0, 0, 0, 1] 418
[0, 0, 0, 1] 442
[0, 0, 0, 1] 462
[0, 0, 0, 1] 482
[0, 0, 0, 1] 488
[0, 0, 0, 1] 490
[0, 0, 0, 1] 546
[0, 0, 0, 1] 581
[0, 0, 0, 1] 582
[0, 0, 0, 1] 650
[0, 0, 0, 1] 700
[0, 0, 0, 1] 701
[0, 0, 0, 1] 932
[0, 0, 0, 1] 937
