VARIABLES 200
NB_OBJ 4
ITEMS
[1, 1, 1, 1] 8
[1, 1, 1, 1] 15
[1, 1, 1, 1] 50
[1, 1, 1, 1] 54
[1, 1, 1, 1] 65
[1, 1, 1, 1] 82
[1, 1, 1, 1] 121
[1, 1, 1, 1] 130
[1, 1, 1, 1] 139
[1, 1, 1, 1] 142
[1, 1, 1, 1] 170
[1, 1, 1, 1] 170
[1, 1, 1, 1] 178
[1, 1, 1, 1] 184
[1, 1, 1, 1] 190
[1, 1, 1, 1] 206
[1, 1, 1, 1] 238
[1, 1, 1, 1] 305
[1, 1, 1, 1] 321
[1, 1, 1, 1] 337
[1, 1, 1, 1] 362
[1, 1, 1, 1] 424
[1, 1, 1, 1] 461
[1, 1, 1, 1] 465
[1, 1, 1, 1] 471
[1, 1, 1, 1] 471
[1, 1, 1, 1] 493
[1, 1, 1, 1] 506
[1, 1, 1, 1] 541
[1, 1, 1, 1] 556
[1, 1, 1, 1] 563
[1, 1, 1, 1] 565
[1, 1, 1, 1] 591
[1, 1, 1, 1] 618
[1, 1, 1, 1] 635
[1, 1, 1, 1] 655
[1, 1, 1, 1] 658
[1, 1, 1, 1] 711
[1, 1, 1, 1] 723
[1, 1, 1, 1] 808
[1, 1, 1, 1] 846
[1, 1, 1, 1] 867
[1, 1, 1, 1] 873
[1, 1, 1, 1] 923
[1, 1, 1, 1] 928
[1, 1, 1, 1] 984
[1, 1, 1, 1] 987
[0, 1, 1, 1] 51
[0, 1, 1, 1] 81
[0, 1, 1, 1] 130
[0, 1, 1, 1] 147
[0, 1, 1, 1] 149
[0, 1, 1, 1] 195
[0, 1, 1, 1] 210
[0, 1, 1, 1] 226
[0, 1, 1, 1] 229
[0, 1, 1, 1] 238
[0, 1, 1, 1] 239
[0, 1, 1, 1] 243
[0, 1, 1, 1] 258
[0, 1, 1, 1] 275
[0, 1, 1, 1] 321
[0, 1, 1, 1] 324
[0, 1, 1, 1] 375
[0, 1, 1, 1] 380
[0, 1, 1, 1] 417
[0, 1, 1, 1] 433
[0, 1, 1, 1] 491
[0, 1, 1, 1] 505
[0, 1, 1, 1] 554
[0, 1, 1, 1] 558
[0, 1, 1, 1] 560
[0, 1, 1, 1] 581
[0, 1, 1, 1] 583
[0, 1, 1, 1] 593
[0, 1, 1, 1] 673
[0, 1, 1, 1] 696
[0, 1, 1, 1] 698
[0, 1, 1, 1] 706
[0, 1, 1, 1] 755
[0, 1, 1, 1] 759
[0, 1, 1, 1] 800
[0, 1, 1, 1] 825
[0, 1, 1, 1] 842
[0, 1, 1, 1] 844
[0, 1, 1, 1] 854
[0, 1, 1, 1] 917
[0, 1, 1, 1] 937
[0, 1, 1, 1] 964
[0, 1, 1, 1] 969
[0, 1, 1, 1] 994
[0, 0, 1, 1] 12
[0, 0, 1, 1] 14
[0, 0, 1, 1] 20
[0, 0, 1, 1] 55
[0, 0, 1, 1] 55
[0, 0, 1, 1] 82
[0, 0, 1, 1] 84
[0, 0, 1, 1] 129
[0, 0, 1, 1] 136
[0, 0, 1, 1] 167
[0, 0, 1, 1] 170
[0, 0, 1, 1] 179
[0, 0, 1, 1] 220
[0, 0, 1, 1] 229
[0, 0, 1, 1] 299
[0, 0, 1, 1] 301
[0, 0, 1, 1] 323
[0, 0, 1, 1] 351
[0, 0, 1, 1] 362
[0, 0, 1, 1] 365
[0, 0, 1, 1] 402
[0, 0, 1, 1] 503
[0, 0, 1, 1] 532
[0, 0, 1, 1] 559
[0, 0, 1, 1] 592
[0, 0, 1, 1] 595
[0, 0, 1, 1] 604
[0, 0, 1, 1] 610
[0, 0, 1, 1] 631
[0, 0, 1, 1] 649
[0, 0, 1, 1] 656
[0, 0, 1, 1] 696
[0, 0, 1, 1] 702
[0, 0, 1, 1] 703
[0, 0, 1, 1] 705
[0, 0, 1, 1] 714
[0, 0, 1, 1] 733
[0, 0, 1, 1] 733
[0, 0, 1, 1] 750
[0, 0, 1, 1] 776
[0, 0, 1, 1] 812
[0, 0, 1, 1] 849
[0, 0, 1, 1] 859
[0, 0, 1, 1] 878
[0, 0, 1, 1] 938
[0, 0, 1, 1] 941
[0, 0, 1, 1] 992
[0, 0, 1, 1] 997
[0, 0, 0, 1] 4
[0, 0, 0, 1] 15
[0, 0, 0, 1] 29
[0, 0, 0, 1] 92
[0, 0, 0, 1] 115
[0, 0, 0, 1] 116
[0, 0, 0, 1] 117
[0, 0, 0, 1] 119
[0, 0, 0, 1] 155
[0, 0, 0, 1] 158
[0, 0, 0, 1] 171
[0, 0, 0, 1] 189
[0, 0, 0, 1] 190
[0, 0, 0, 1] 209
[0, 0, 0, 1] 222
[0, 0, 0, 1] 264
[0, 0, 0, 1] 288
[0, 0, 0, 1] 302
[0, 0, 0, 1] 310
[0, 0, 0, 1] 342
[0, 0, 0, 1] 367
[0, 0, 0, 1] 403
[0, 0, 0, 1] 412
[0, 0, 0, 1] 418
[0, 0, 0, 1] 451
[0, 0, 0, 1] 469
[0, 0, 0, 1] 488
[0, 0, 0, 1] 500
[0, 0, 0, 1] 533
[0, 0, 0, 1] 533
[0, 0, 0, 1] 542
[0, 0, 0, 1] 548
[0, 0, 0, 1] 568
[0, 0, 0, 1] 571
[0, 0, 0, 1] 600
[0, 0, 0, 1] 625
[0, 0, 0, 1] 636
[0, 0, 0, 1] 667
[0, 0, 0, 1] 670
[0, 0, 0, 1] 683
[0, 0, 0, 1] 693
[0, 0, 0, 1] 699
[0, 0, 0, 1] 778
[0, 0, 0, 1] 845
[0, 0, 0, 1] 846
[0, 0, 0, 1] 855
[0, 0, 0, 1] 872
[0, 0, 0, 1] 876
[0, 0, 0, 1] 877
[0, 0, 0, 1] 890
[0, 0, 0, 1] 905
[0, 0, 0, 1] 905
[0, 0, 0, 1] 912
[0, 0, 0, 1] 917
[0, 0, 0, 1] 947
[0, 0, 0, 1] 955
[0, 0, 0, 1] 962
[0, 0, 0, 1] 969
[0, 0, 0, 1] 975
[0, 0, 0, 1] 983
[0, 0, 0, 1] 993
