VARIABLES 200
NB_OBJ 4
ITEMS
[1, 1, 1, 1] 16
[1, 1, 1, 1] 26
[1, 1, 1, 1] 27
[1, 1, 1, 1] 39
[1, 1, 1, 1] 50
[1, 1, 1, 1] 104
[1, 1, 1, 1] 113
[1, 1, 1, 1] 183
[1, 1, 1, 1] 205
[1, 1, 1, 1] 225
[1, 1, 1, 1] 264
[1, 1, 1, 1] 310
[1, 1, 1, 1] 326
[1, 1, 1, 1] 335
[1, 1, 1, 1] 342
[1, 1, 1, 1] 407
[1, 1, 1, 1] 420
[1, 1, 1, 1] 450
[1, 1, 1, 1] 477
[1, 1, 1, 1] 494
[1, 1, 1, 1] 498
[1, 1, 1, 1] 504
[1, 1, 1, 1] 509
[1, 1, 1, 1] 516
[1, 1, 1, 1] 552
[1, 1, 1, 1] 559
[1, 1, 1, 1] 618
[1, 1, 1, 1] 622
[1, 1, 1, 1] 654
[1, 1, 1, 1] 663
[1, 1, 1, 1] 700
[1, 1, 1, 1] 729
[1, 1, 1, 1] 748
[1, 1, 1, 1] 761
[1, 1, 1, 1] 767
[1, 1, 1, 1] 806
[1, 1, 1, 1] 811
[1, 1, 1, 1] 825
[1, 1, 1, 1] 850
[1, 1, 1, 1] 864
[1, 1, 1, 1] 877
[1, 1, 1, 1] 945
[1, 1, 1, 1] 963
[1, 1, 1, 1] 969
[1, 1, 1, 1] 982
[0, 1, 1, 1] 8
[0, 1, 1, 1] 33
[0, 1, 1, 1] 34
[0, 1, 1, 1] 38
[0, 1, 1, 1] 41
[0, 1, 1, 1] 42
[0, 1, 1, 1] 51
[0, 1, 1, 1] 53
[0, 1, 1, 1] 69
[0, 1, 1, 1] 126
[0, 1, 1, 1] 137
[0, 1, 1, 1] 139
[0, 1, 1, 1] 146
[0, 1, 1, 1] 180
[0, 1, 1, 1] 182
[0, 1, 1, 1] 245
[0, 1, 1, 1] 284
[0, 1, 1, 1] 292
[0, 1, 1, 1] 344
[0, 1, 1, 1] 348
[0, 1, 1, 1] 349
[0, 1, 1, 1] 367
[0, 1, 1, 1] 391
[0, 1, 1, 1] 397
[0, 1, 1, 1] 399
[0, 1, 1, 1] 406
[0, 1, 1, 1] 414
[0, 1, 1, 1] 444
[0, 1, 1, 1] 457
[0, 1, 1, 1] 466
[0, 1, 1, 1] 470
[0, 1, 1, 1] 483
[0, 1, 1, 1] 492
[0, 1, 1, 1] 539
[0, 1, 1, 1] 556
[0, 1, 1, 1] 558
[0, 1, 1, 1] 571
[0, 1, 1, 1] 581
[0, 1, 1, 1] 585
[0, 1, 1, 1] 626
[0, 1, 1, 1] 659
[0, 1, 1, 1] 667
[0, 1, 1, 1] 672
[0, 1, 1, 1] 698
[0, 1, 1, 1] 713
[0, 1, 1, 1] 750
[0, 1, 1, 1] 766
[0, 1, 1, 1] 791
[0, 1, 1, 1] 794
[0, 1, 1, 1] 829
[0, 1, 1, 1] 860
[0, 1, 1, 1] 869
[0, 1, 1, 1] 873
[0, 1, 1, 1] 876
[0, 1, 1, 1] 913
[0, 1, 1, 1] 920
[0, 1, 1, 1] 928
[0, 1, 1, 1] 928
[0, 1, 1, 1] 989
[0, 0, 1, 1] 20
[0, 0, 1, 1] 23
[0, 0, 1, 1] 27
[0, 0, 1, 1] 62
[0, 0, 1, 1] 74
[0, 0, 1, 1] 80
[0, 0, 1, 1] 99
[0, 0, 1, 1] 117
[0, 0, 1, 1] 120
[0, 0, 1, 1] 136
[0, 0, 1, 1] 139
[0, 0, 1, 1] 143
[0, 0, 1, 1] 150
[0, 0, 1, 1] 218
[0, 0, 1, 1] 240
[0, 0, 1, 1] 242
[0, 0, 1, 1] 271
[0, 0, 1, 1] 332
[0, 0, 1, 1] 338
[0, 0, 1, 1] 340
[0, 0, 1, 1] 343
[0, 0, 1, 1] 346
[0, 0, 1, 1] 384
[0, 0, 1, 1] 446
[0, 0, 1, 1] 511
[0, 0, 1, 1] 547
[0, 0, 1, 1] 607
[0, 0, 1, 1] 624
[0, 0, 1, 1] 636
[0, 0, 1, 1] 659
[0, 0, 1, 1] 701
[0, 0, 1, 1] 705
[0, 0, 1, 1] 731
[0, 0, 1, 1] 765
[0, 0, 1, 1] 791
[0, 0, 1, 1] 799
[0, 0, 1, 1] 800
[0, 0, 1, 1] 852
[0, 0, 1, 1] 852
[0, 0, 1, 1] 872
[0, 0, 1, 1] 875
[0, 0, 1, 1] 905
[0, 0, 1, 1] 922
[0, 0, 1, 1] 929
[0, 0, 1, 1] 940
[0, 0, 1, 1] 968
[0, 0, 0, 1] 3
[0, 0, 0, 1] 5
[0, 0, 0, 1] 23
[0, 0, 0, 1] 30
[0, 0, 0, 1] 82
[0, 0, 0, 1] 95
[0, 0, 0, 1] 104
[0, 0, 0, 1] 116
[0, 0, 0, 1] 132
[0, 0, 0, 1] 135
[0, 0, 0, 1] 148
[0, 0, 0, 1] 156
[0, 0, 0, 1] 156
[0, 0, 0, 1] 174
[0, 0, 0, 1] 175
[0, 0, 0, 1] 176
[0, 0, 0, 1] 186
[0, 0, 0, 1] 205
[0, 0, 0, 1] 281
[0, 0, 0, 1] 325
[0, 0, 0, 1] 333
[0, 0, 0, 1] 384
[0, 0, 0, 1] 392
[0, 0, 0, 1] 506
[0, 0, 0, 1] 519
[0, 0, 0, 1] 525
[0, 0, 0, 1] 526
[0, 0, 0, 1] 542
[0, 0, 0, 1] 557
[0, 0, 0, 1] 575
[0, 0, 0, 1] 584
[0, 0, 0, 1] 594
[0, 0, 0, 1] 594
[0, 0, 0, 1] 595
[0, 0, 0, 1] 615
[0, 0, 0, 1] 623
[0, 0, 0, 1] 644
[0, 0, 0, 1] 666
[0, 0, 0, 1] 724
[0, 0, 0, 1] 780
[0, 0, 0, 1] 784
[0, 0, 0, 1] 794
[0, 0, 0, 1] 796
[0, 0, 0, 1] 813
[0, 0, 0, 1] 829
[0, 0, 0, 1] 847
[0, 0, 0, 1] 903
[0, 0, 0, 1] 908
[0, 0, 0, 1] 981
[0, 0, 0, 1] 991
