VARIABLES 200
NB_OBJ 4
ITEMS
[1, 1, 1, 1] 2
[1, 1, 1, 1] 49
[1, 1, 1, 1] 50
[1, 1, 1, 1] 51
[1, 1, 1, 1] 57
[1, 1, 1, 1] 62
[1, 1, 1, 1] 64
[1, 1, 1, 1] 123
[1, 1, 1, 1] 142
[1, 1, 1, 1] 152
[1, 1, 1, 1] 162
[1, 1, 1, 1] 169
[1, 1, 1, 1] 176
[1, 1, 1, 1] 186
[1, 1, 1, 1] 191
[1, 1, 1, 1] 204
[1, 1, 1, 1] 259
[1, 1, 1, 1] 274
[1, 1, 1, 1] 300
[1, 1, 1, 1] 302
[1, 1, 1, 1] 325
[1, 1, 1, 1] 415
[1, 1, 1, 1] 419
[1, 1, 1, 1] 467
[1, 1, 1, 1] 468
[1, 1, 1, 1] 481
[1, 1, 1, 1] 484
[1, 1, 1, 1] 485
[1, 1, 1, 1] 508
[1, 1, 1, 1] 541
[1, 1, 1, 1] 546
[1, 1, 1, 1] 546
[1, 1, 1, 1] 574
[1, 1, 1, 1] 611
[1, 1, 1, 1] 634
[1, 1, 1, 1] 659
[1, 1, 1, 1] 661
[1, 1, 1, 1] 665
[1, 1, 1, 1] 695
[1, 1, 1, 1] 703
[1, 1, 1, 1] 716
[1, 1, 1, 1] 745
[1, 1, 1, 1] 768
[1, 1, 1, 1] 793
[1, 1, 1, 1] 896
[1, 1, 1, 1] 902
[1, 1, 1, 1] 969
[1, 1, 1, 1] 992
[0, 1, 1, 1] 23
[0, 1, 1, 1] 80
[0, 1, 1, 1] 84
[0, 1, 1, 1] 88
[0, 1, 1, 1] 108
[0, 1, 1, 1] 124
[0, 1, 1, 1] 160
[0, 1, 1, 1] 164
[0, 1, 1, 1] 167
[0, 1, 1, 1] 191
[0, 1, 1, 1] 213
[0, 1, 1, 1] 215
[0, 1, 1, 1] 225
[0, 1, 1, 1] 231
[0, 1, 1, 1] 241
[0, 1, 1, 1] 260
[0, 1, 1, 1] 296
[0, 1, 1, 1] 313
[0, 1, 1, 1] 320
[0, 1, 1, 1] 338
[0, 1, 1, 1] 355
[0, 1, 1, 1] 372
[0, 1, 1, 1] 386
[0, 1, 1, 1] 401
[0, 1, 1, 1] 404
[0, 1, 1, 1] 409
[0, 1, 1, 1] 418
[0, 1, 1, 1] 446
[0, 1, 1, 1] 454
[0, 1, 1, 1] 514
[0, 1, 1, 1] 518
[0, 1, 1, 1] 533
[0, 1, 1, 1] 550
[0, 1, 1, 1] 576
[0, 1, 1, 1] 585
[0, 1, 1, 1] 590
[0, 1, 1, 1] 594
[0, 1, 1, 1] 643
[0, 1, 1, 1] 651
[0, 1, 1, 1] 660
[0, 1, 1, 1] 665
[0, 1, 1, 1] 665
[0, 1, 1, 1] 677
[0, 1, 1, 1] 684
[0, 1, 1, 1] 730
[0, 1, 1, 1] 731
[0, 1, 1, 1] 746
[0, 1, 1, 1] 749
[0, 1, 1, 1] 753
[0, 1, 1, 1] 778
[0, 1, 1, 1] 815
[0, 1, 1, 1] 833
[0, 1, 1, 1] 861
[0, 1, 1, 1] 891
[0, 1, 1, 1] 896
[0, 1, 1, 1] 918
[0, 1, 1, 1] 934
[0, 1, 1, 1] 935
[0, 1, 1, 1] 953
[0, 1, 1, 1] 992
[0, 0, 1, 1] 2
[0, 0, 1, 1] 12
[0, 0, 1, 1] 44
[0, 0, 1, 1] 57
[0, 0, 1, 1] 94
[0, 0, 1, 1] 136
[0, 0, 1, 1] 143
[0, 0, 1, 1] 216
[0, 0, 1, 1] 221
[0, 0, 1, 1] 237
[0, 0, 1, 1] 240
[0, 0, 1, 1] 267
[0, 0, 1, 1] 286
[0, 0, 1, 1] 288
[0, 0, 1, 1] 306
[0, 0, 1, 1] 315
[0, 0, 1, 1] 345
[0, 0, 1, 1] 378
[0, 0, 1, 1] 396
[0, 0, 1, 1] 400
[0, 0, 1, 1] 419
[0, 0, 1, 1] 419
[0, 0, 1, 1] 471
[0, 0, 1, 1] 478
[0, 0, 1, 1] 497
[0, 0, 1, 1] 510
[0, 0, 1, 1] 524
[0, 0, 1, 1] 557
[0, 0, 1, 1] 569
[0, 0, 1, 1] 596
[0, 0, 1, 1] 598
[0, 0, 1, 1] 653
[0, 0, 1, 1] 656
[0, 0, 1, 1] 671
[0, 0, 1, 1] 676
[0, 0, 1, 1] 742
[0, 0, 1, 1] 779
[0, 0, 1, 1] 811
[0, 0, 1, 1] 816
[0, 0, 1, 1] 824
[0, 0, 1, 1] 831
[0, 0, 1, 1] 849
[0, 0, 1, 1] 863
[0, 0, 1, 1] 872
[0, 0, 1, 1] 904
[0, 0, 1, 1] 905
[0, 0, 1, 1] 936
[0, 0, 0, 1] 22
[0, 0, 0, 1] 32
[0, 0, 0, 1] 61
[0, 0, 0, 1] 64
[0, 0, 0, 1] 73
[0, 0, 0, 1] 83
[0, 0, 0, 1] 103
[0, 0, 0, 1] 121
[0, 0, 0, 1] 135
[0, 0, 0, 1] 192
[0, 0, 0, 1] 202
[0, 0, 0, 1] 265
[0, 0, 0, 1] 273
[0, 0, 0, 1] 299
[0, 0, 0, 1] 312
[0, 0, 0, 1] 326
[0, 0, 0, 1] 326
[0, 0, 0, 1] 370
[0, 0, 0, 1] 406
[0, 0, 0, 1] 436
[0, 0, 0, 1] 440
[0, 0, 0, 1] 443
[0, 0, 0, 1] 449
[0, 0, 0, 1] 472
[0, 0, 0, 1] 479
[0, 0, 0, 1] 523
[0, 0, 0, 1] 542
[0, 0, 0, 1] 551
[0, 0, 0, 1] 562
[0, 0, 0, 1] 613
[0, 0, 0, 1] 634
[0, 0, 0, 1] 674
[0, 0, 0, 1] 679
[0, 0, 0, 1] 709
[0, 0, 0, 1] 712
[0, 0, 0, 1] 759
[0, 0, 0, 1] 800
[0, 0, 0, 1] 827
[0, 0, 0, 1] 850
[0, 0, 0, 1] 864
[0, 0, 0, 1] 915
[0, 0, 0, 1] 922
[0, 0, 0, 1] 936
[0, 0, 0, 1] 940
[0, 0, 0, 1] 992
