VARIABLES 200
NB_OBJ 4
ITEMS
[1, 1, 1, 1] 3
[1, 1, 1, 1] 18
[1, 1, 1, 1] 25
[1, 1, 1, 1] 79
[1, 1, 1, 1] 127
[1, 1, 1, 1] 129
[1, 1, 1, 1] 139
[1, 1, 1, 1] 151
[1, 1, 1, 1] 162
[1, 1, 1, 1] 169
[1, 1, 1, 1] 190
[1, 1, 1, 1] 205
[1, 1, 1, 1] 218
[1, 1, 1, 1] 250
[1, 1, 1, 1] 291
[1, 1, 1, 1] 302
[1, 1, 1, 1] 316
[1, 1, 1, 1] 317
[1, 1, 1, 1] 341
[1, 1, 1, 1] 356
[1, 1, 1, 1] 362
[1, 1, 1, 1] 377
[1, 1, 1, 1] 396
[1, 1, 1, 1] 414
[1, 1, 1, 1] 459
[1, 1, 1, 1] 467
[1, 1, 1, 1] 504
[1, 1, 1, 1] 519
[1, 1, 1, 1] 537
[1, 1, 1, 1] 562
[1, 1, 1, 1] 577
[1, 1, 1, 1] 582
[1, 1, 1, 1] 616
[1, 1, 1, 1] 632
[1, 1, 1, 1] 642
[1, 1, 1, 1] 702
[1, 1, 1, 1] 703
[1, 1, 1, 1] 709
[1, 1, 1, 1] 710
[1, 1, 1, 1] 748
[1, 1, 1, 1] 754
[1, 1, 1, 1] 784
[1, 1, 1, 1] 818
[1, 1, 1, 1] 830
[1, 1, 1, 1] 835
[1, 1, 1, 1] 853
[1, 1, 1, 1] 865
[1, 1, 1, 1] 871
[1, 1, 1, 1] 876
[1, 1, 1, 1] 879
[1, 1, 1, 1] 925
[1, 1, 1, 1] 970
[1, 1, 1, 1] 974
[1, 1, 1, 1] 981
[0, 1, 1, 1] 1
[0, 1, 1, 1] 26
[0, 1, 1, 1] 53
[0, 1, 1, 1] 165
[0, 1, 1, 1] 166
[0, 1, 1, 1] 177
[0, 1, 1, 1] 203
[0, 1, 1, 1] 208
[0, 1, 1, 1] 252
[0, 1, 1, 1] 259
[0, 1, 1, 1] 281
[0, 1, 1, 1] 286
[0, 1, 1, 1] 315
[0, 1, 1, 1] 353
[0, 1, 1, 1] 366
[0, 1, 1, 1] 394
[0, 1, 1, 1] 402
[0, 1, 1, 1] 431
[0, 1, 1, 1] 454
[0, 1, 1, 1] 476
[0, 1, 1, 1] 476
[0, 1, 1, 1] 515
[0, 1, 1, 1] 522
[0, 1, 1, 1] 549
[0, 1, 1, 1] 588
[0, 1, 1, 1] 645
[0, 1, 1, 1] 649
[0, 1, 1, 1] 673
[0, 1, 1, 1] 684
[0, 1, 1, 1] 703
[0, 1, 1, 1] 710
[0, 1, 1, 1] 722
[0, 1, 1, 1] 775
[0, 1, 1, 1] 802
[0, 1, 1, 1] 807
[0, 1, 1, 1] 848
[0, 1, 1, 1] 857
[0, 1, 1, 1] 859
[0, 1, 1, 1] 863
[0, 1, 1, 1] 864
[0, 1, 1, 1] 879
[0, 1, 1, 1] 893
[0, 1, 1, 1] 912
[0, 1, 1, 1] 934
[0, 1, 1, 1] 957
[0, 1, 1, 1] 987
[0, 1, 1, 1] 991
[0, 1, 1, 1] 996
[0, 0, 1, 1] 5
[0, 0, 1, 1] 19
[0, 0, 1, 1] 56
[0, 0, 1, 1] 84
[0, 0, 1, 1] 95
[0, 0, 1, 1] 106
[0, 0, 1, 1] 143
[0, 0, 1, 1] 154
[0, 0, 1, 1] 233
[0, 0, 1, 1] 241
[0, 0, 1, 1] 256
[0, 0, 1, 1] 318
[0, 0, 1, 1] 319
[0, 0, 1, 1] 321
[0, 0, 1, 1] 328
[0, 0, 1, 1] 346
[0, 0, 1, 1] 349
[0, 0, 1, 1] 364
[0, 0, 1, 1] 365
[0, 0, 1, 1] 375
[0, 0, 1, 1] 377
[0, 0, 1, 1] 379
[0, 0, 1, 1] 387
[0, 0, 1, 1] 445
[0, 0, 1, 1] 447
[0, 0, 1, 1] 459
[0, 0, 1, 1] 488
[0, 0, 1, 1] 499
[0, 0, 1, 1] 526
[0, 0, 1, 1] 535
[0, 0, 1, 1] 546
[0, 0, 1, 1] 566
[0, 0, 1, 1] 712
[0, 0, 1, 1] 712
[0, 0, 1, 1] 730
[0, 0, 1, 1] 731
[0, 0, 1, 1] 766
[0, 0, 1, 1] 794
[0, 0, 1, 1] 829
[0, 0, 1, 1] 839
[0, 0, 1, 1] 864
[0, 0, 1, 1] 865
[0, 0, 1, 1] 953
[0, 0, 1, 1] 964
[0, 0, 0, 1] 5
[0, 0, 0, 1] 63
[0, 0, 0, 1] 78
[0, 0, 0, 1] 112
[0, 0, 0, 1] 132
[0, 0, 0, 1] 140
[0, 0, 0, 1] 154
[0, 0, 0, 1] 171
[0, 0, 0, 1] 183
[0, 0, 0, 1] 232
[0, 0, 0, 1] 252
[0, 0, 0, 1] 273
[0, 0, 0, 1] 286
[0, 0, 0, 1] 311
[0, 0, 0, 1] 350
[0, 0, 0, 1] 352
[0, 0, 0, 1] 369
[0, 0, 0, 1] 373
[0, 0, 0, 1] 384
[0, 0, 0, 1] 430
[0, 0, 0, 1] 455
[0, 0, 0, 1] 476
[0, 0, 0, 1] 503
[0, 0, 0, 1] 534
[0, 0, 0, 1] 539
[0, 0, 0, 1] 547
[0, 0, 0, 1] 559
[0, 0, 0, 1] 575
[0, 0, 0, 1] 600
[0, 0, 0, 1] 606
[0, 0, 0, 1] 625
[0, 0, 0, 1] 630
[0, 0, 0, 1] 640
[0, 0, 0, 1] 644
[0, 0, 0, 1] 663
[0, 0, 0, 1] 665
[0, 0, 0, 1] 678
[0, 0, 0, 1] 680
[0, 0, 0, 1] 690
[0, 0, 0, 1] 698
[0, 0, 0, 1] 719
[0, 0, 0, 1] 733
[0, 0, 0, 1] 737
[0, 0, 0, 1] 743
[0, 0, 0, 1] 755
[0, 0, 0, 1] 813
[0, 0, 0, 1] 869
[0, 0, 0, 1] 913
[0, 0, 0, 1] 917
[0, 0, 0, 1] 927
[0, 0, 0, 1] 936
[0, 0, 0, 1] 973
[0, 0, 0, 1] 992
[0, 0, 0, 1] 998
