VARIABLES 200
NB_OBJ 4
ITEMS
[1, 1, 1, 1] 73
[1, 1, 1, 1] 85
[1, 1, 1, 1] 90
[1, 1, 1, 1] 139
[1, 1, 1, 1] 150
[1, 1, 1, 1] 152
[1, 1, 1, 1] 160
[1, 1, 1, 1] 172
[1, 1, 1, 1] 173
[1, 1, 1, 1] 175
[1, 1, 1, 1] 276
[1, 1, 1, 1] 296
[1, 1, 1, 1] 337
[1, 1, 1, 1] 353
[1, 1, 1, 1] 372
[1, 1, 1, 1] 372
[1, 1, 1, 1] 409
[1, 1, 1, 1] 422
[1, 1, 1, 1] 423
[1, 1, 1, 1] 427
[1, 1, 1, 1] 433
[1, 1, 1, 1] 433
[1, 1, 1, 1] 436
[1, 1, 1, 1] 454
[1, 1, 1, 1] 467
[1, 1, 1, 1] 473
[1, 1, 1, 1] 534
[1, 1, 1, 1] 544
[1, 1, 1, 1] 546
[1, 1, 1, 1] 567
[1, 1, 1, 1] 612
[1, 1, 1, 1] 653
[1, 1, 1, 1] 667
[1, 1, 1, 1] 705
[1, 1, 1, 1] 755
[1, 1, 1, 1] 765
[1, 1, 1, 1] 771
[1, 1, 1, 1] 786
[1, 1, 1, 1] 792
[1, 1, 1, 1] 798
[1, 1, 1, 1] 812
[1, 1, 1, 1] 817
[1, 1, 1, 1] 841
[1, 1, 1, 1] 849
[1, 1, 1, 1] 892
[1, 1, 1, 1] 905
[1, 1, 1, 1] 917
[1, 1, 1, 1] 919
[1, 1, 1, 1] 922
[1, 1, 1, 1] 934
[1, 1, 1, 1] 946
[1, 1, 1, 1] 954
[1, 1, 1, 1] 954
[1, 1, 1, 1] 970
[1, 1, 1, 1] 973
[1, 1, 1, 1] 986
[1, 1, 1, 1] 993
[1, 1, 1, 1] 993
[1, 1, 1, 1] 995
[1, 1, 1, 1] 999
[0, 1, 1, 1] 39
[0, 1, 1, 1] 107
[0, 1, 1, 1] 121
[0, 1, 1, 1] 127
[0, 1, 1, 1] 145
[0, 1, 1, 1] 161
[0, 1, 1, 1] 183
[0, 1, 1, 1] 183
[0, 1, 1, 1] 190
[0, 1, 1, 1] 197
[0, 1, 1, 1] 225
[0, 1, 1, 1] 241
[0, 1, 1, 1] 242
[0, 1, 1, 1] 306
[0, 1, 1, 1] 310
[0, 1, 1, 1] 338
[0, 1, 1, 1] 359
[0, 1, 1, 1] 365
[0, 1, 1, 1] 386
[0, 1, 1, 1] 403
[0, 1, 1, 1] 410
[0, 1, 1, 1] 445
[0, 1, 1, 1] 451
[0, 1, 1, 1] 472
[0, 1, 1, 1] 483
[0, 1, 1, 1] 548
[0, 1, 1, 1] 556
[0, 1, 1, 1] 585
[0, 1, 1, 1] 592
[0, 1, 1, 1] 599
[0, 1, 1, 1] 601
[0, 1, 1, 1] 628
[0, 1, 1, 1] 632
[0, 1, 1, 1] 644
[0, 1, 1, 1] 672
[0, 1, 1, 1] 723
[0, 1, 1, 1] 737
[0, 1, 1, 1] 744
[0, 1, 1, 1] 750
[0, 1, 1, 1] 760
[0, 1, 1, 1] 808
[0, 1, 1, 1] 818
[0, 1, 1, 1] 822
[0, 1, 1, 1] 824
[0, 1, 1, 1] 825
[0, 1, 1, 1] 828
[0, 1, 1, 1] 839
[0, 1, 1, 1] 883
[0, 1, 1, 1] 889
[0, 1, 1, 1] 896
[0, 1, 1, 1] 929
[0, 1, 1, 1] 941
[0, 1, 1, 1] 955
[0, 1, 1, 1] 958
[0, 1, 1, 1] 972
[0, 1, 1, 1] 983
[0, 1, 1, 1] 984
[0, 0, 1, 1] 10
[0, 0, 1, 1] 13
[0, 0, 1, 1] 19
[0, 0, 1, 1] 22
[0, 0, 1, 1] 86
[0, 0, 1, 1] 132
[0, 0, 1, 1] 147
[0, 0, 1, 1] 205
[0, 0, 1, 1] 214
[0, 0, 1, 1] 219
[0, 0, 1, 1] 240
[0, 0, 1, 1] 273
[0, 0, 1, 1] 330
[0, 0, 1, 1] 339
[0, 0, 1, 1] 379
[0, 0, 1, 1] 382
[0, 0, 1, 1] 382
[0, 0, 1, 1] 398
[0, 0, 1, 1] 416
[0, 0, 1, 1] 427
[0, 0, 1, 1] 471
[0, 0, 1, 1] 476
[0, 0, 1, 1] 498
[0, 0, 1, 1] 601
[0, 0, 1, 1] 664
[0, 0, 1, 1] 695
[0, 0, 1, 1] 769
[0, 0, 1, 1] 782
[0, 0, 1, 1] 783
[0, 0, 1, 1] 825
[0, 0, 1, 1] 843
[0, 0, 1, 1] 845
[0, 0, 1, 1] 863
[0, 0, 1, 1] 876
[0, 0, 1, 1] 914
[0, 0, 1, 1] 922
[0, 0, 1, 1] 925
[0, 0, 1, 1] 928
[0, 0, 1, 1] 953
[0, 0, 1, 1] 961
[0, 0, 0, 1] 8
[0, 0, 0, 1] 67
[0, 0, 0, 1] 91
[0, 0, 0, 1] 99
[0, 0, 0, 1] 143
[0, 0, 0, 1] 181
[0, 0, 0, 1] 208
[0, 0, 0, 1] 222
[0, 0, 0, 1] 246
[0, 0, 0, 1] 247
[0, 0, 0, 1] 252
[0, 0, 0, 1] 258
[0, 0, 0, 1] 314
[0, 0, 0, 1] 317
[0, 0, 0, 1] 330
[0, 0, 0, 1] 340
[0, 0, 0, 1] 394
[0, 0, 0, 1] 399
[0, 0, 0, 1] 416
[0, 0, 0, 1] 419
[0, 0, 0, 1] 438
[0, 0, 0, 1] 459
[0, 0, 0, 1] 460
[0, 0, 0, 1] 471
[0, 0, 0, 1] 504
[0, 0, 0, 1] 560
[0, 0, 0, 1] 560
[0, 0, 0, 1] 565
[0, 0, 0, 1] 587
[0, 0, 0, 1] 590
[0, 0, 0, 1] 593
[0, 0, 0, 1] 615
[0, 0, 0, 1] 616
[0, 0, 0, 1] 630
[0, 0, 0, 1] 646
[0, 0, 0, 1] 646
[0, 0, 0, 1] 683
[0, 0, 0, 1] 689
[0, 0, 0, 1] 692
[0, 0, 0, 1] 709
[0, 0, 0, 1] 822
[0, 0, 0, 1] 959
[0, 0, 0, 1] 997
