VARIABLES 200
NB_OBJ 4
ITEMS
[1, 1, 1, 1] 10
[1, 1, 1, 1] 63
[1, 1, 1, 1] 92
[1, 1, 1, 1] 100
[1, 1, 1, 1] 161
[1, 1, 1, 1] 173
[1, 1, 1, 1] 177
[1, 1, 1, 1] 214
[1, 1, 1, 1] 226
[1, 1, 1, 1] 234
[1, 1, 1, 1] 274
[1, 1, 1, 1] 282
[1, 1, 1, 1] 324
[1, 1, 1, 1] 326
[1, 1, 1, 1] 346
[1, 1, 1, 1] 352
[1, 1, 1, 1] 353
[1, 1, 1, 1] 396
[1, 1, 1, 1] 400
[1, 1, 1, 1] 444
[1, 1, 1, 1] 467
[1, 1, 1, 1] 469
[1, 1, 1, 1] 481
[1, 1, 1, 1] 485
[1, 1, 1, 1] 489
[1, 1, 1, 1] 533
[1, 1, 1, 1] 537
[1, 1, 1, 1] 545
[1, 1, 1, 1] 566
[1, 1, 1, 1] 567
[1, 1, 1, 1] 577
[1, 1, 1, 1] 603
[1, 1, 1, 1] 626
[1, 1, 1, 1] 647
[1, 1, 1, 1] 692
[1, 1, 1, 1] 695
[1, 1, 1, 1] 698
[1, 1, 1, 1] 719
[1, 1, 1, 1] 740
[1, 1, 1, 1] 767
[1, 1, 1, 1] 769
[1, 1, 1, 1] 804
[1, 1, 1, 1] 821
[1, 1, 1, 1] 826
[1, 1, 1, 1] 845
[1, 1, 1, 1] 847
[1, 1, 1, 1] 857
[1, 1, 1, 1] 873
[1, 1, 1, 1] 888
[1, 1, 1, 1] 926
[1, 1, 1, 1] 928
[1, 1, 1, 1] 951
[1, 1, 1, 1] 980
[0, 1, 1, 1] 69
[0, 1, 1, 1] 140
[0, 1, 1, 1] 153
[0, 1, 1, 1] 156
[0, 1, 1, 1] 162
[0, 1, 1, 1] 176
[0, 1, 1, 1] 208
[0, 1, 1, 1] 256
[0, 1, 1, 1] 273
[0, 1, 1, 1] 280
[0, 1, 1, 1] 293
[0, 1, 1, 1] 324
[0, 1, 1, 1] 342
[0, 1, 1, 1] 380
[0, 1, 1, 1] 408
[0, 1, 1, 1] 422
[0, 1, 1, 1] 491
[0, 1, 1, 1] 587
[0, 1, 1, 1] 588
[0, 1, 1, 1] 590
[0, 1, 1, 1] 595
[0, 1, 1, 1] 604
[0, 1, 1, 1] 620
[0, 1, 1, 1] 636
[0, 1, 1, 1] 665
[0, 1, 1, 1] 724
[0, 1, 1, 1] 743
[0, 1, 1, 1] 766
[0, 1, 1, 1] 766
[0, 1, 1, 1] 801
[0, 1, 1, 1] 807
[0, 1, 1, 1] 813
[0, 1, 1, 1] 824
[0, 1, 1, 1] 835
[0, 1, 1, 1] 845
[0, 1, 1, 1] 860
[0, 1, 1, 1] 906
[0, 1, 1, 1] 907
[0, 1, 1, 1] 938
[0, 1, 1, 1] 995
[0, 0, 1, 1] 1
[0, 0, 1, 1] 2
[0, 0, 1, 1] 30
[0, 0, 1, 1] 41
[0, 0, 1, 1] 41
[0, 0, 1, 1] 44
[0, 0, 1, 1] 52
[0, 0, 1, 1] 53
[0, 0, 1, 1] 58
[0, 0, 1, 1] 76
[0, 0, 1, 1] 86
[0, 0, 1, 1] 103
[0, 0, 1, 1] 114
[0, 0, 1, 1] 119
[0, 0, 1, 1] 140
[0, 0, 1, 1] 141
[0, 0, 1, 1] 155
[0, 0, 1, 1] 159
[0, 0, 1, 1] 200
[0, 0, 1, 1] 254
[0, 0, 1, 1] 280
[0, 0, 1, 1] 296
[0, 0, 1, 1] 297
[0, 0, 1, 1] 344
[0, 0, 1, 1] 346
[0, 0, 1, 1] 348
[0, 0, 1, 1] 372
[0, 0, 1, 1] 400
[0, 0, 1, 1] 487
[0, 0, 1, 1] 541
[0, 0, 1, 1] 577
[0, 0, 1, 1] 585
[0, 0, 1, 1] 591
[0, 0, 1, 1] 596
[0, 0, 1, 1] 628
[0, 0, 1, 1] 708
[0, 0, 1, 1] 725
[0, 0, 1, 1] 731
[0, 0, 1, 1] 736
[0, 0, 1, 1] 753
[0, 0, 1, 1] 780
[0, 0, 1, 1] 819
[0, 0, 1, 1] 826
[0, 0, 1, 1] 847
[0, 0, 1, 1] 915
[0, 0, 1, 1] 938
[0, 0, 1, 1] 942
[0, 0, 1, 1] 943
[0, 0, 1, 1] 954
[0, 0, 1, 1] 985
[0, 0, 0, 1] 15
[0, 0, 0, 1] 50
[0, 0, 0, 1] 84
[0, 0, 0, 1] 144
[0, 0, 0, 1] 151
[0, 0, 0, 1] 172
[0, 0, 0, 1] 180
[0, 0, 0, 1] 201
[0, 0, 0, 1] 221
[0, 0, 0, 1] 235
[0, 0, 0, 1] 322
[0, 0, 0, 1] 324
[0, 0, 0, 1] 377
[0, 0, 0, 1] 393
[0, 0, 0, 1] 393
[0, 0, 0, 1] 399
[0, 0, 0, 1] 401
[0, 0, 0, 1] 405
[0, 0, 0, 1] 425
[0, 0, 0, 1] 435
[0, 0, 0, 1] 445
[0, 0, 0, 1] 449
[0, 0, 0, 1] 490
[0, 0, 0, 1] 493
[0, 0, 0, 1] 495
[0, 0, 0, 1] 561
[0, 0, 0, 1] 561
[0, 0, 0, 1] 563
[0, 0, 0, 1] 574
[0, 0, 0, 1] 585
[0, 0, 0, 1] 591
[0, 0, 0, 1] 613
[0, 0, 0, 1] 614
[0, 0, 0, 1] 628
[0, 0, 0, 1] 628
[0, 0, 0, 1] 631
[0, 0, 0, 1] 632
[0, 0, 0, 1] 635
[0, 0, 0, 1] 645
[0, 0, 0, 1] 674
[0, 0, 0, 1] 702
[0, 0, 0, 1] 702
[0, 0, 0, 1] 717
[0, 0, 0, 1] 724
[0, 0, 0, 1] 729
[0, 0, 0, 1] 744
[0, 0, 0, 1] 758
[0, 0, 0, 1] 766
[0, 0, 0, 1] 766
[0, 0, 0, 1] 803
[0, 0, 0, 1] 816
[0, 0, 0, 1] 820
[0, 0, 0, 1] 842
[0, 0, 0, 1] 934
[0, 0, 0, 1] 940
[0, 0, 0, 1] 987
[0, 0, 0, 1] 994
