VARIABLES 200
NB_OBJ 4
ITEMS
[1, 1, 1, 1] 23
[1, 1, 1, 1] 42
[1, 1, 1, 1] 51
[1, 1, 1, 1] 58
[1, 1, 1, 1] 59
[1, 1, 1, 1] 62
[1, 1, 1, 1] 74
[1, 1, 1, 1] 83
[1, 1, 1, 1] 93
[1, 1, 1, 1] 97
[1, 1, 1, 1] 119
[1, 1, 1, 1] 138
[1, 1, 1, 1] 139
[1, 1, 1, 1] 153
[1, 1, 1, 1] 161
[1, 1, 1, 1] 162
[1, 1, 1, 1] 216
[1, 1, 1, 1] 218
[1, 1, 1, 1] 224
[1, 1, 1, 1] 276
[1, 1, 1, 1] 290
[1, 1, 1, 1] 297
[1, 1, 1, 1] 315
[1, 1, 1, 1] 321
[1, 1, 1, 1] 342
[1, 1, 1, 1] 353
[1, 1, 1, 1] 374
[1, 1, 1, 1] 393
[1, 1, 1, 1] 502
[1, 1, 1, 1] 518
[1, 1, 1, 1] 530
[1, 1, 1, 1] 574
[1, 1, 1, 1] 579
[1, 1, 1, 1] 608
[1, 1, 1, 1] 618
[1, 1, 1, 1] 621
[1, 1, 1, 1] 631
[1, 1, 1, 1] 634
[1, 1, 1, 1] 649
[1, 1, 1, 1] 675
[1, 1, 1, 1] 681
[1, 1, 1, 1] 708
[1, 1, 1, 1] 716
[1, 1, 1, 1] 719
[1, 1, 1, 1] 727
[1, 1, 1, 1] 732
[1, 1, 1, 1] 843
[1, 1, 1, 1] 843
[1, 1, 1, 1] 846
[1, 1, 1, 1] 853
[1, 1, 1, 1] 866
[1, 1, 1, 1] 874
[1, 1, 1, 1] 906
[1, 1, 1, 1] 921
[1, 1, 1, 1] 977
[1, 1, 1, 1] 993
[1, 1, 1, 1] 993
[1, 1, 1, 1] 996
[0, 1, 1, 1] 39
[0, 1, 1, 1] 85
[0, 1, 1, 1] 89
[0, 1, 1, 1] 102
[0, 1, 1, 1] 106
[0, 1, 1, 1] 124
[0, 1, 1, 1] 125
[0, 1, 1, 1] 157
[0, 1, 1, 1] 170
[0, 1, 1, 1] 185
[0, 1, 1, 1] 190
[0, 1, 1, 1] 200
[0, 1, 1, 1] 219
[0, 1, 1, 1] 276
[0, 1, 1, 1] 297
[0, 1, 1, 1] 325
[0, 1, 1, 1] 346
[0, 1, 1, 1] 395
[0, 1, 1, 1] 397
[0, 1, 1, 1] 423
[0, 1, 1, 1] 425
[0, 1, 1, 1] 434
[0, 1, 1, 1] 476
[0, 1, 1, 1] 478
[0, 1, 1, 1] 495
[0, 1, 1, 1] 500
[0, 1, 1, 1] 516
[0, 1, 1, 1] 520
[0, 1, 1, 1] 541
[0, 1, 1, 1] 572
[0, 1, 1, 1] 605
[0, 1, 1, 1] 637
[0, 1, 1, 1] 687
[0, 1, 1, 1] 711
[0, 1, 1, 1] 735
[0, 1, 1, 1] 740
[0, 1, 1, 1] 772
[0, 1, 1, 1] 792
[0, 1, 1, 1] 792
[0, 1, 1, 1] 829
[0, 1, 1, 1] 833
[0, 1, 1, 1] 848
[0, 1, 1, 1] 892
[0, 1, 1, 1] 915
[0, 1, 1, 1] 925
[0, 1, 1, 1] 930
[0, 1, 1, 1] 965
[0, 0, 1, 1] 3
[0, 0, 1, 1] 60
[0, 0, 1, 1] 99
[0, 0, 1, 1] 111
[0, 0, 1, 1] 114
[0, 0, 1, 1] 123
[0, 0, 1, 1] 163
[0, 0, 1, 1] 171
[0, 0, 1, 1] 213
[0, 0, 1, 1] 232
[0, 0, 1, 1] 307
[0, 0, 1, 1] 331
[0, 0, 1, 1] 347
[0, 0, 1, 1] 362
[0, 0, 1, 1] 402
[0, 0, 1, 1] 413
[0, 0, 1, 1] 428
[0, 0, 1, 1] 456
[0, 0, 1, 1] 493
[0, 0, 1, 1] 564
[0, 0, 1, 1] 569
[0, 0, 1, 1] 575
[0, 0, 1, 1] 592
[0, 0, 1, 1] 607
[0, 0, 1, 1] 608
[0, 0, 1, 1] 613
[0, 0, 1, 1] 622
[0, 0, 1, 1] 639
[0, 0, 1, 1] 646
[0, 0, 1, 1] 657
[0, 0, 1, 1] 675
[0, 0, 1, 1] 677
[0, 0, 1, 1] 694
[0, 0, 1, 1] 721
[0, 0, 1, 1] 731
[0, 0, 1, 1] 733
[0, 0, 1, 1] 864
[0, 0, 1, 1] 888
[0, 0, 1, 1] 930
[0, 0, 1, 1] 961
[0, 0, 1, 1] 967
[0, 0, 1, 1] 989
[0, 0, 1, 1] 993
[0, 0, 1, 1] 995
[0, 0, 0, 1] 11
[0, 0, 0, 1] 22
[0, 0, 0, 1] 65
[0, 0, 0, 1] 90
[0, 0, 0, 1] 105
[0, 0, 0, 1] 110
[0, 0, 0, 1] 129
[0, 0, 0, 1] 146
[0, 0, 0, 1] 169
[0, 0, 0, 1] 181
[0, 0, 0, 1] 190
[0, 0, 0, 1] 217
[0, 0, 0, 1] 243
[0, 0, 0, 1] 257
[0, 0, 0, 1] 267
[0, 0, 0, 1] 273
[0, 0, 0, 1] 305
[0, 0, 0, 1] 320
[0, 0, 0, 1] 364
[0, 0, 0, 1] 378
[0, 0, 0, 1] 393
[0, 0, 0, 1] 410
[0, 0, 0, 1] 420
[0, 0, 0, 1] 455
[0, 0, 0, 1] 460
[0, 0, 0, 1] 518
[0, 0, 0, 1] 540
[0, 0, 0, 1] 566
[0, 0, 0, 1] 585
[0, 0, 0, 1] 672
[0, 0, 0, 1] 681
[0, 0, 0, 1] 688
[0, 0, 0, 1] 688
[0, 0, 0, 1] 697
[0, 0, 0, 1] 715
[0, 0, 0, 1] 747
[0, 0, 0, 1] 756
[0, 0, 0, 1] 757
[0, 0, 0, 1] 760
[0, 0, 0, 1] 777
[0, 0, 0, 1] 789
[0, 0, 0, 1] 808
[0, 0, 0, 1] 835
[0, 0, 0, 1] 888
[0, 0, 0, 1] 904
[0, 0, 0, 1] 906
[0, 0, 0, 1] 913
[0, 0, 0, 1] 923
[0, 0, 0, 1] 960
[0, 0, 0, 1] 968
[0, 0, 0, 1] 993
