VARIABLES 200
NB_OBJ 4
ITEMS
[1, 1, 1, 1] 3
[1, 1, 1, 1] 116
[1, 1, 1, 1] 199
[1, 1, 1, 1] 217
[1, 1, 1, 1] 230
[1, 1, 1, 1] 231
[1, 1, 1, 1] 267
[1, 1, 1, 1] 267
[1, 1, 1, 1] 270
[1, 1, 1, 1] 271
[1, 1, 1, 1] 279
[1, 1, 1, 1] 279
[1, 1, 1, 1] 282
[1, 1, 1, 1] 343
[1, 1, 1, 1] 350
[1, 1, 1, 1] 371
[1, 1, 1, 1] 399
[1, 1, 1, 1] 437
[1, 1, 1, 1] 449
[1, 1, 1, 1] 456
[1, 1, 1, 1] 485
[1, 1, 1, 1] 491
[1, 1, 1, 1] 492
[1, 1, 1, 1] 499
[1, 1, 1, 1] 525
[1, 1, 1, 1] 580
[1, 1, 1, 1] 588
[1, 1, 1, 1] 606
[1, 1, 1, 1] 610
[1, 1, 1, 1] 612
[1, 1, 1, 1] 626
[1, 1, 1, 1] 674
[1, 1, 1, 1] 702
[1, 1, 1, 1] 740
[1, 1, 1, 1] 830
[1, 1, 1, 1] 881
[1, 1, 1, 1] 890
[1, 1, 1, 1] 893
[1, 1, 1, 1] 909
[1, 1, 1, 1] 914
[1, 1, 1, 1] 951
[1, 1, 1, 1] 953
[1, 1, 1, 1] 966
[1, 1, 1, 1] 976
[1, 1, 1, 1] 978
[1, 1, 1, 1] 981
[1, 1, 1, 1] 989
[1, 1, 1, 1] 990
[1, 1, 1, 1] 992
[0, 1, 1, 1] 11
[0, 1, 1, 1] 49
[0, 1, 1, 1] 49
[0, 1, 1, 1] 81
[0, 1, 1, 1] 99
[0, 1, 1, 1] 170
[0, 1, 1, 1] 171
[0, 1, 1, 1] 178
[0, 1, 1, 1] 240
[0, 1, 1, 1] 259
[0, 1, 1, 1] 262
[0, 1, 1, 1] 288
[0, 1, 1, 1] 305
[0, 1, 1, 1] 306
[0, 1, 1, 1] 339
[0, 1, 1, 1] 350
[0, 1, 1, 1] 357
[0, 1, 1, 1] 376
[0, 1, 1, 1] 383
[0, 1, 1, 1] 394
[0, 1, 1, 1] 396
[0, 1, 1, 1] 432
[0, 1, 1, 1] 459
[0, 1, 1, 1] 467
[0, 1, 1, 1] 498
[0, 1, 1, 1] 567
[0, 1, 1, 1] 578
[0, 1, 1, 1] 584
[0, 1, 1, 1] 620
[0, 1, 1, 1] 664
[0, 1, 1, 1] 681
[0, 1, 1, 1] 688
[0, 1, 1, 1] 747
[0, 1, 1, 1] 764
[0, 1, 1, 1] 792
[0, 1, 1, 1] 794
[0, 1, 1, 1] 824
[0, 1, 1, 1] 842
[0, 1, 1, 1] 843
[0, 1, 1, 1] 859
[0, 1, 1, 1] 939
[0, 1, 1, 1] 951
[0, 1, 1, 1] 964
[0, 1, 1, 1] 968
[0, 1, 1, 1] 988
[0, 0, 1, 1] 10
[0, 0, 1, 1] 36
[0, 0, 1, 1] 62
[0, 0, 1, 1] 73
[0, 0, 1, 1] 132
[0, 0, 1, 1] 135
[0, 0, 1, 1] 148
[0, 0, 1, 1] 177
[0, 0, 1, 1] 180
[0, 0, 1, 1] 190
[0, 0, 1, 1] 218
[0, 0, 1, 1] 236
[0, 0, 1, 1] 242
[0, 0, 1, 1] 245
[0, 0, 1, 1] 253
[0, 0, 1, 1] 292
[0, 0, 1, 1] 293
[0, 0, 1, 1] 318
[0, 0, 1, 1] 348
[0, 0, 1, 1] 381
[0, 0, 1, 1] 384
[0, 0, 1, 1] 394
[0, 0, 1, 1] 442
[0, 0, 1, 1] 442
[0, 0, 1, 1] 456
[0, 0, 1, 1] 473
[0, 0, 1, 1] 477
[0, 0, 1, 1] 531
[0, 0, 1, 1] 538
[0, 0, 1, 1] 547
[0, 0, 1, 1] 559
[0, 0, 1, 1] 566
[0, 0, 1, 1] 571
[0, 0, 1, 1] 593
[0, 0, 1, 1] 595
[0, 0, 1, 1] 610
[0, 0, 1, 1] 622
[0, 0, 1, 1] 643
[0, 0, 1, 1] 654
[0, 0, 1, 1] 670
[0, 0, 1, 1] 692
[0, 0, 1, 1] 704
[0, 0, 1, 1] 709
[0, 0, 1, 1] 714
[0, 0, 1, 1] 723
[0, 0, 1, 1] 730
[0, 0, 1, 1] 741
[0, 0, 1, 1] 821
[0, 0, 1, 1] 830
[0, 0, 1, 1] 831
[0, 0, 1, 1] 843
[0, 0, 1, 1] 860
[0, 0, 1, 1] 871
[0, 0, 1, 1] 902
[0, 0, 1, 1] 925
[0, 0, 1, 1] 934
[0, 0, 1, 1] 937
[0, 0, 1, 1] 939
[0, 0, 1, 1] 951
[0, 0, 1, 1] 951
[0, 0, 1, 1] 972
[0, 0, 1, 1] 973
[0, 0, 1, 1] 988
[0, 0, 1, 1] 993
[0, 0, 1, 1] 995
[0, 0, 0, 1] 11
[0, 0, 0, 1] 31
[0, 0, 0, 1] 71
[0, 0, 0, 1] 100
[0, 0, 0, 1] 127
[0, 0, 0, 1] 160
[0, 0, 0, 1] 228
[0, 0, 0, 1] 257
[0, 0, 0, 1] 270
[0, 0, 0, 1] 275
[0, 0, 0, 1] 275
[0, 0, 0, 1] 282
[0, 0, 0, 1] 301
[0, 0, 0, 1] 317
[0, 0, 0, 1] 336
[0, 0, 0, 1] 381
[0, 0, 0, 1] 451
[0, 0, 0, 1] 476
[0, 0, 0, 1] 477
[0, 0, 0, 1] 483
[0, 0, 0, 1] 484
[0, 0, 0, 1] 494
[0, 0, 0, 1] 509
[0, 0, 0, 1] 514
[0, 0, 0, 1] 526
[0, 0, 0, 1] 549
[0, 0, 0, 1] 617
[0, 0, 0, 1] 653
[0, 0, 0, 1] 669
[0, 0, 0, 1] 704
[0, 0, 0, 1] 706
[0, 0, 0, 1] 710
[0, 0, 0, 1] 730
[0, 0, 0, 1] 774
[0, 0, 0, 1] 805
[0, 0, 0, 1] 807
[0, 0, 0, 1] 847
[0, 0, 0, 1] 848
[0, 0, 0, 1] 880
[0, 0, 0, 1] 880
[0, 0, 0, 1] 892
