VARIABLES 200
NB_OBJ 4
ITEMS
[1, 1, 1, 1] 27
[1, 1, 1, 1] 108
[1, 1, 1, 1] 122
[1, 1, 1, 1] 139
[1, 1, 1, 1] 140
[1, 1, 1, 1] 141
[1, 1, 1, 1] 148
[1, 1, 1, 1] 158
[1, 1, 1, 1] 190
[1, 1, 1, 1] 202
[1, 1, 1, 1] 207
[1, 1, 1, 1] 216
[1, 1, 1, 1] 225
[1, 1, 1, 1] 280
[1, 1, 1, 1] 287
[1, 1, 1, 1] 316
[1, 1, 1, 1] 319
[1, 1, 1, 1] 393
[1, 1, 1, 1] 402
[1, 1, 1, 1] 406
[1, 1, 1, 1] 422
[1, 1, 1, 1] 423
[1, 1, 1, 1] 456
[1, 1, 1, 1] 462
[1, 1, 1, 1] 489
[1, 1, 1, 1] 542
[1, 1, 1, 1] 557
[1, 1, 1, 1] 578
[1, 1, 1, 1] 609
[1, 1, 1, 1] 620
[1, 1, 1, 1] 667
[1, 1, 1, 1] 680
[1, 1, 1, 1] 691
[1, 1, 1, 1] 708
[1, 1, 1, 1] 712
[1, 1, 1, 1] 742
[1, 1, 1, 1] 781
[1, 1, 1, 1] 825
[1, 1, 1, 1] 856
[1, 1, 1, 1] 895
[1, 1, 1, 1] 901
[1, 1, 1, 1] 921
[1, 1, 1, 1] 941
[1, 1, 1, 1] 959
[1, 1, 1, 1] 975
[1, 1, 1, 1] 991
[0, 1, 1, 1] 5
[0, 1, 1, 1] 69
[0, 1, 1, 1] 75
[0, 1, 1, 1] 84
[0, 1, 1, 1] 92
[0, 1, 1, 1] 94
[0, 1, 1, 1] 134
[0, 1, 1, 1] 147
[0, 1, 1, 1] 153
[0, 1, 1, 1] 168
[0, 1, 1, 1] 227
[0, 1, 1, 1] 253
[0, 1, 1, 1] 274
[0, 1, 1, 1] 285
[0, 1, 1, 1] 307
[0, 1, 1, 1] 316
[0, 1, 1, 1] 338
[0, 1, 1, 1] 339
[0, 1, 1, 1] 341
[0, 1, 1, 1] 343
[0, 1, 1, 1] 410
[0, 1, 1, 1] 432
[0, 1, 1, 1] 467
[0, 1, 1, 1] 503
[0, 1, 1, 1] 523
[0, 1, 1, 1] 527
[0, 1, 1, 1] 532
[0, 1, 1, 1] 536
[0, 1, 1, 1] 559
[0, 1, 1, 1] 564
[0, 1, 1, 1] 591
[0, 1, 1, 1] 656
[0, 1, 1, 1] 665
[0, 1, 1, 1] 666
[0, 1, 1, 1] 693
[0, 1, 1, 1] 704
[0, 1, 1, 1] 704
[0, 1, 1, 1] 730
[0, 1, 1, 1] 733
[0, 1, 1, 1] 746
[0, 1, 1, 1] 770
[0, 1, 1, 1] 790
[0, 1, 1, 1] 809
[0, 1, 1, 1] 818
[0, 1, 1, 1] 825
[0, 1, 1, 1] 848
[0, 1, 1, 1] 906
[0, 1, 1, 1] 950
[0, 1, 1, 1] 966
[0, 1, 1, 1] 974
[0, 1, 1, 1] 984
[0, 1, 1, 1] 989
[0, 1, 1, 1] 995
[0, 0, 1, 1] 13
[0, 0, 1, 1] 25
[0, 0, 1, 1] 54
[0, 0, 1, 1] 136
[0, 0, 1, 1] 146
[0, 0, 1, 1] 149
[0, 0, 1, 1] 233
[0, 0, 1, 1] 269
[0, 0, 1, 1] 277
[0, 0, 1, 1] 299
[0, 0, 1, 1] 303
[0, 0, 1, 1] 325
[0, 0, 1, 1] 325
[0, 0, 1, 1] 330
[0, 0, 1, 1] 339
[0, 0, 1, 1] 342
[0, 0, 1, 1] 347
[0, 0, 1, 1] 370
[0, 0, 1, 1] 373
[0, 0, 1, 1] 412
[0, 0, 1, 1] 442
[0, 0, 1, 1] 459
[0, 0, 1, 1] 470
[0, 0, 1, 1] 513
[0, 0, 1, 1] 542
[0, 0, 1, 1] 546
[0, 0, 1, 1] 555
[0, 0, 1, 1] 582
[0, 0, 1, 1] 586
[0, 0, 1, 1] 598
[0, 0, 1, 1] 615
[0, 0, 1, 1] 628
[0, 0, 1, 1] 630
[0, 0, 1, 1] 632
[0, 0, 1, 1] 638
[0, 0, 1, 1] 659
[0, 0, 1, 1] 662
[0, 0, 1, 1] 749
[0, 0, 1, 1] 750
[0, 0, 1, 1] 758
[0, 0, 1, 1] 760
[0, 0, 1, 1] 788
[0, 0, 1, 1] 794
[0, 0, 1, 1] 810
[0, 0, 1, 1] 813
[0, 0, 1, 1] 819
[0, 0, 1, 1] 857
[0, 0, 1, 1] 879
[0, 0, 1, 1] 885
[0, 0, 1, 1] 898
[0, 0, 1, 1] 942
[0, 0, 1, 1] 967
[0, 0, 1, 1] 995
[0, 0, 1, 1] 997
[0, 0, 1, 1] 997
[0, 0, 0, 1] 32
[0, 0, 0, 1] 34
[0, 0, 0, 1] 35
[0, 0, 0, 1] 46
[0, 0, 0, 1] 63
[0, 0, 0, 1] 96
[0, 0, 0, 1] 136
[0, 0, 0, 1] 156
[0, 0, 0, 1] 181
[0, 0, 0, 1] 206
[0, 0, 0, 1] 214
[0, 0, 0, 1] 217
[0, 0, 0, 1] 239
[0, 0, 0, 1] 277
[0, 0, 0, 1] 279
[0, 0, 0, 1] 293
[0, 0, 0, 1] 298
[0, 0, 0, 1] 300
[0, 0, 0, 1] 318
[0, 0, 0, 1] 328
[0, 0, 0, 1] 380
[0, 0, 0, 1] 385
[0, 0, 0, 1] 406
[0, 0, 0, 1] 419
[0, 0, 0, 1] 475
[0, 0, 0, 1] 497
[0, 0, 0, 1] 516
[0, 0, 0, 1] 580
[0, 0, 0, 1] 610
[0, 0, 0, 1] 627
[0, 0, 0, 1] 658
[0, 0, 0, 1] 663
[0, 0, 0, 1] 667
[0, 0, 0, 1] 671
[0, 0, 0, 1] 695
[0, 0, 0, 1] 699
[0, 0, 0, 1] 717
[0, 0, 0, 1] 754
[0, 0, 0, 1] 779
[0, 0, 0, 1] 794
[0, 0, 0, 1] 795
[0, 0, 0, 1] 809
[0, 0, 0, 1] 950
[0, 0, 0, 1] 973
[0, 0, 0, 1] 989
[0, 0, 0, 1] 995
