VARIABLES 200
NB_OBJ 4
ITEMS
[1, 1, 1, 1] 18
[1, 1, 1, 1] 51
[1, 1, 1, 1] 53
[1, 1, 1, 1] 58
[1, 1, 1, 1] 67
[1, 1, 1, 1] 115
[1, 1, 1, 1] 122
[1, 1, 1, 1] 151
[1, 1, 1, 1] 208
[1, 1, 1, 1] 227
[1, 1, 1, 1] 235
[1, 1, 1, 1] 246
[1, 1, 1, 1] 260
[1, 1, 1, 1] 317
[1, 1, 1, 1] 326
[1, 1, 1, 1] 445
[1, 1, 1, 1] 465
[1, 1, 1, 1] 481
[1, 1, 1, 1] 500
[1, 1, 1, 1] 550
[1, 1, 1, 1] 575
[1, 1, 1, 1] 623
[1, 1, 1, 1] 649
[1, 1, 1, 1] 671
[1, 1, 1, 1] 689
[1, 1, 1, 1] 717
[1, 1, 1, 1] 726
[1, 1, 1, 1] 746
[1, 1, 1, 1] 751
[1, 1, 1, 1] 784
[1, 1, 1, 1] 804
[1, 1, 1, 1] 833
[1, 1, 1, 1] 845
[1, 1, 1, 1] 846
[1, 1, 1, 1] 859
[1, 1, 1, 1] 860
[1, 1, 1, 1] 862
[1, 1, 1, 1] 884
[1, 1, 1, 1] 908
[1, 1, 1, 1] 938
[1, 1, 1, 1] 948
[1, 1, 1, 1] 970
[0, 1, 1, 1] 7
[0, 1, 1, 1] 18
[0, 1, 1, 1] 24
[0, 1, 1, 1] 40
[0, 1, 1, 1] 99
[0, 1, 1, 1] 130
[0, 1, 1, 1] 151
[0, 1, 1, 1] 153
[0, 1, 1, 1] 155
[0, 1, 1, 1] 171
[0, 1, 1, 1] 215
[0, 1, 1, 1] 320
[0, 1, 1, 1] 322
[0, 1, 1, 1] 336
[0, 1, 1, 1] 353
[0, 1, 1, 1] 399
[0, 1, 1, 1] 406
[0, 1, 1, 1] 410
[0, 1, 1, 1] 411
[0, 1, 1, 1] 433
[0, 1, 1, 1] 607
[0, 1, 1, 1] 616
[0, 1, 1, 1] 662
[0, 1, 1, 1] 667
[0, 1, 1, 1] 703
[0, 1, 1, 1] 749
[0, 1, 1, 1] 771
[0, 1, 1, 1] 774
[0, 1, 1, 1] 778
[0, 1, 1, 1] 788
[0, 1, 1, 1] 791
[0, 1, 1, 1] 796
[0, 1, 1, 1] 811
[0, 1, 1, 1] 819
[0, 1, 1, 1] 834
[0, 1, 1, 1] 836
[0, 1, 1, 1] 843
[0, 1, 1, 1] 849
[0, 1, 1, 1] 852
[0, 1, 1, 1] 896
[0, 1, 1, 1] 897
[0, 1, 1, 1] 902
[0, 1, 1, 1] 930
[0, 1, 1, 1] 985
[0, 0, 1, 1] 28
[0, 0, 1, 1] 62
[0, 0, 1, 1] 82
[0, 0, 1, 1] 128
[0, 0, 1, 1] 145
[0, 0, 1, 1] 168
[0, 0, 1, 1] 189
[0, 0, 1, 1] 235
[0, 0, 1, 1] 237
[0, 0, 1, 1] 253
[0, 0, 1, 1] 263
[0, 0, 1, 1] 274
[0, 0, 1, 1] 321
[0, 0, 1, 1] 325
[0, 0, 1, 1] 330
[0, 0, 1, 1] 335
[0, 0, 1, 1] 353
[0, 0, 1, 1] 374
[0, 0, 1, 1] 393
[0, 0, 1, 1] 395
[0, 0, 1, 1] 396
[0, 0, 1, 1] 398
[0, 0, 1, 1] 426
[0, 0, 1, 1] 429
[0, 0, 1, 1] 455
[0, 0, 1, 1] 475
[0, 0, 1, 1] 475
[0, 0, 1, 1] 477
[0, 0, 1, 1] 546
[0, 0, 1, 1] 550
[0, 0, 1, 1] 569
[0, 0, 1, 1] 588
[0, 0, 1, 1] 598
[0, 0, 1, 1] 604
[0, 0, 1, 1] 615
[0, 0, 1, 1] 649
[0, 0, 1, 1] 683
[0, 0, 1, 1] 712
[0, 0, 1, 1] 713
[0, 0, 1, 1] 718
[0, 0, 1, 1] 722
[0, 0, 1, 1] 729
[0, 0, 1, 1] 764
[0, 0, 1, 1] 788
[0, 0, 1, 1] 798
[0, 0, 1, 1] 809
[0, 0, 1, 1] 818
[0, 0, 1, 1] 819
[0, 0, 1, 1] 819
[0, 0, 1, 1] 848
[0, 0, 1, 1] 850
[0, 0, 1, 1] 911
[0, 0, 1, 1] 923
[0, 0, 1, 1] 930
[0, 0, 1, 1] 950
[0, 0, 1, 1] 959
[0, 0, 1, 1] 971
[0, 0, 1, 1] 980
[0, 0, 1, 1] 981
[0, 0, 1, 1] 988
[0, 0, 0, 1] 13
[0, 0, 0, 1] 18
[0, 0, 0, 1] 33
[0, 0, 0, 1] 66
[0, 0, 0, 1] 113
[0, 0, 0, 1] 132
[0, 0, 0, 1] 145
[0, 0, 0, 1] 149
[0, 0, 0, 1] 195
[0, 0, 0, 1] 223
[0, 0, 0, 1] 244
[0, 0, 0, 1] 249
[0, 0, 0, 1] 251
[0, 0, 0, 1] 292
[0, 0, 0, 1] 292
[0, 0, 0, 1] 294
[0, 0, 0, 1] 341
[0, 0, 0, 1] 348
[0, 0, 0, 1] 383
[0, 0, 0, 1] 388
[0, 0, 0, 1] 397
[0, 0, 0, 1] 453
[0, 0, 0, 1] 486
[0, 0, 0, 1] 512
[0, 0, 0, 1] 514
[0, 0, 0, 1] 572
[0, 0, 0, 1] 576
[0, 0, 0, 1] 584
[0, 0, 0, 1] 590
[0, 0, 0, 1] 632
[0, 0, 0, 1] 637
[0, 0, 0, 1] 639
[0, 0, 0, 1] 666
[0, 0, 0, 1] 689
[0, 0, 0, 1] 795
[0, 0, 0, 1] 836
[0, 0, 0, 1] 840
[0, 0, 0, 1] 841
[0, 0, 0, 1] 850
[0, 0, 0, 1] 852
[0, 0, 0, 1] 856
[0, 0, 0, 1] 858
[0, 0, 0, 1] 874
[0, 0, 0, 1] 898
[0, 0, 0, 1] 913
[0, 0, 0, 1] 917
[0, 0, 0, 1] 934
[0, 0, 0, 1] 954
[0, 0, 0, 1] 954
[0, 0, 0, 1] 960
[0, 0, 0, 1] 986
[0, 0, 0, 1] 990
[0, 0, 0, 1] 995
[0, 0, 0, 1] 997
