VARIABLES 200
NB_OBJ 4
ITEMS
[1, 1, 1, 1] 28
[1, 1, 1, 1] 36
[1, 1, 1, 1] 174
[1, 1, 1, 1] 182
[1, 1, 1, 1] 191
[1, 1, 1, 1] 212
[1, 1, 1, 1] 216
[1, 1, 1, 1] 234
[1, 1, 1, 1] 238
[1, 1, 1, 1] 275
[1, 1, 1, 1] 327
[1, 1, 1, 1] 335
[1, 1, 1, 1] 339
[1, 1, 1, 1] 341
[1, 1, 1, 1] 353
[1, 1, 1, 1] 354
[1, 1, 1, 1] 356
[1, 1, 1, 1] 366
[1, 1, 1, 1] 373
[1, 1, 1, 1] 374
[1, 1, 1, 1] 375
[1, 1, 1, 1] 390
[1, 1, 1, 1] 440
[1, 1, 1, 1] 470
[1, 1, 1, 1] 501
[1, 1, 1, 1] 506
[1, 1, 1, 1] 543
[1, 1, 1, 1] 569
[1, 1, 1, 1] 584
[1, 1, 1, 1] 634
[1, 1, 1, 1] 643
[1, 1, 1, 1] 680
[1, 1, 1, 1] 712
[1, 1, 1, 1] 743
[1, 1, 1, 1] 748
[1, 1, 1, 1] 765
[1, 1, 1, 1] 769
[1, 1, 1, 1] 780
[1, 1, 1, 1] 786
[1, 1, 1, 1] 795
[1, 1, 1, 1] 871
[1, 1, 1, 1] 881
[1, 1, 1, 1] 915
[1, 1, 1, 1] 930
[1, 1, 1, 1] 935
[1, 1, 1, 1] 969
[1, 1, 1, 1] 976
[1, 1, 1, 1] 985
[1, 1, 1, 1] 994
[0, 1, 1, 1] 2
[0, 1, 1, 1] 29
[0, 1, 1, 1] 49
[0, 1, 1, 1] 57
[0, 1, 1, 1] 67
[0, 1, 1, 1] 73
[0, 1, 1, 1] 74
[0, 1, 1, 1] 178
[0, 1, 1, 1] 179
[0, 1, 1, 1] 182
[0, 1, 1, 1] 196
[0, 1, 1, 1] 209
[0, 1, 1, 1] 220
[0, 1, 1, 1] 230
[0, 1, 1, 1] 233
[0, 1, 1, 1] 239
[0, 1, 1, 1] 240
[0, 1, 1, 1] 252
[0, 1, 1, 1] 262
[0, 1, 1, 1] 300
[0, 1, 1, 1] 337
[0, 1, 1, 1] 379
[0, 1, 1, 1] 382
[0, 1, 1, 1] 431
[0, 1, 1, 1] 431
[0, 1, 1, 1] 485
[0, 1, 1, 1] 515
[0, 1, 1, 1] 516
[0, 1, 1, 1] 518
[0, 1, 1, 1] 533
[0, 1, 1, 1] 535
[0, 1, 1, 1] 544
[0, 1, 1, 1] 575
[0, 1, 1, 1] 616
[0, 1, 1, 1] 632
[0, 1, 1, 1] 677
[0, 1, 1, 1] 708
[0, 1, 1, 1] 735
[0, 1, 1, 1] 747
[0, 1, 1, 1] 761
[0, 1, 1, 1] 771
[0, 1, 1, 1] 774
[0, 1, 1, 1] 778
[0, 1, 1, 1] 778
[0, 1, 1, 1] 786
[0, 1, 1, 1] 829
[0, 1, 1, 1] 834
[0, 1, 1, 1] 845
[0, 1, 1, 1] 890
[0, 1, 1, 1] 900
[0, 1, 1, 1] 911
[0, 0, 1, 1] 14
[0, 0, 1, 1] 16
[0, 0, 1, 1] 28
[0, 0, 1, 1] 33
[0, 0, 1, 1] 153
[0, 0, 1, 1] 163
[0, 0, 1, 1] 166
[0, 0, 1, 1] 182
[0, 0, 1, 1] 194
[0, 0, 1, 1] 263
[0, 0, 1, 1] 266
[0, 0, 1, 1] 293
[0, 0, 1, 1] 301
[0, 0, 1, 1] 335
[0, 0, 1, 1] 343
[0, 0, 1, 1] 371
[0, 0, 1, 1] 390
[0, 0, 1, 1] 390
[0, 0, 1, 1] 412
[0, 0, 1, 1] 450
[0, 0, 1, 1] 464
[0, 0, 1, 1] 492
[0, 0, 1, 1] 495
[0, 0, 1, 1] 497
[0, 0, 1, 1] 506
[0, 0, 1, 1] 553
[0, 0, 1, 1] 572
[0, 0, 1, 1] 577
[0, 0, 1, 1] 579
[0, 0, 1, 1] 592
[0, 0, 1, 1] 602
[0, 0, 1, 1] 625
[0, 0, 1, 1] 625
[0, 0, 1, 1] 690
[0, 0, 1, 1] 745
[0, 0, 1, 1] 762
[0, 0, 1, 1] 762
[0, 0, 1, 1] 787
[0, 0, 1, 1] 792
[0, 0, 1, 1] 792
[0, 0, 1, 1] 837
[0, 0, 1, 1] 855
[0, 0, 1, 1] 877
[0, 0, 1, 1] 878
[0, 0, 1, 1] 879
[0, 0, 1, 1] 886
[0, 0, 1, 1] 904
[0, 0, 1, 1] 907
[0, 0, 1, 1] 916
[0, 0, 1, 1] 933
[0, 0, 1, 1] 938
[0, 0, 1, 1] 997
[0, 0, 0, 1] 47
[0, 0, 0, 1] 49
[0, 0, 0, 1] 71
[0, 0, 0, 1] 82
[0, 0, 0, 1] 89
[0, 0, 0, 1] 193
[0, 0, 0, 1] 203
[0, 0, 0, 1] 208
[0, 0, 0, 1] 227
[0, 0, 0, 1] 227
[0, 0, 0, 1] 234
[0, 0, 0, 1] 280
[0, 0, 0, 1] 280
[0, 0, 0, 1] 307
[0, 0, 0, 1] 312
[0, 0, 0, 1] 330
[0, 0, 0, 1] 343
[0, 0, 0, 1] 385
[0, 0, 0, 1] 411
[0, 0, 0, 1] 411
[0, 0, 0, 1] 421
[0, 0, 0, 1] 447
[0, 0, 0, 1] 452
[0, 0, 0, 1] 456
[0, 0, 0, 1] 469
[0, 0, 0, 1] 473
[0, 0, 0, 1] 523
[0, 0, 0, 1] 552
[0, 0, 0, 1] 595
[0, 0, 0, 1] 600
[0, 0, 0, 1] 617
[0, 0, 0, 1] 674
[0, 0, 0, 1] 682
[0, 0, 0, 1] 706
[0, 0, 0, 1] 708
[0, 0, 0, 1] 773
[0, 0, 0, 1] 776
[0, 0, 0, 1] 793
[0, 0, 0, 1] 813
[0, 0, 0, 1] 852
[0, 0, 0, 1] 855
[0, 0, 0, 1] 870
[0, 0, 0, 1] 878
[0, 0, 0, 1] 933
[0, 0, 0, 1] 951
[0, 0, 0, 1] 963
[0, 0, 0, 1] 971
[0, 0, 0, 1] 990
