VARIABLES 200
NB_OBJ 4
ITEMS
[1, 1, 1, 1] 35
[1, 1, 1, 1] 48
[1, 1, 1, 1] 50
[1, 1, 1, 1] 59
[1, 1, 1, 1] 82
[1, 1, 1, 1] 126
[1, 1, 1, 1] 175
[1, 1, 1, 1] 178
[1, 1, 1, 1] 195
[1, 1, 1, 1] 222
[1, 1, 1, 1] 228
[1, 1, 1, 1] 232
[1, 1, 1, 1] 249
[1, 1, 1, 1] 254
[1, 1, 1, 1] 287
[1, 1, 1, 1] 331
[1, 1, 1, 1] 331
[1, 1, 1, 1] 339
[1, 1, 1, 1] 347
[1, 1, 1, 1] 375
[1, 1, 1, 1] 423
[1, 1, 1, 1] 470
[1, 1, 1, 1] 477
[1, 1, 1, 1] 537
[1, 1, 1, 1] 579
[1, 1, 1, 1] 580
[1, 1, 1, 1] 604
[1, 1, 1, 1] 606
[1, 1, 1, 1] 608
[1, 1, 1, 1] 609
[1, 1, 1, 1] 613
[1, 1, 1, 1] 659
[1, 1, 1, 1] 688
[1, 1, 1, 1] 689
[1, 1, 1, 1] 717
[1, 1, 1, 1] 717
[1, 1, 1, 1] 726
[1, 1, 1, 1] 735
[1, 1, 1, 1] 738
[1, 1, 1, 1] 748
[1, 1, 1, 1] 758
[1, 1, 1, 1] 758
[1, 1, 1, 1] 825
[1, 1, 1, 1] 868
[1, 1, 1, 1] 870
[1, 1, 1, 1] 907
[1, 1, 1, 1] 934
[1, 1, 1, 1] 978
[0, 1, 1, 1] 26
[0, 1, 1, 1] 35
[0, 1, 1, 1] 48
[0, 1, 1, 1] 115
[0, 1, 1, 1] 144
[0, 1, 1, 1] 155
[0, 1, 1, 1] 158
[0, 1, 1, 1] 175
[0, 1, 1, 1] 193
[0, 1, 1, 1] 196
[0, 1, 1, 1] 239
[0, 1, 1, 1] 247
[0, 1, 1, 1] 250
[0, 1, 1, 1] 271
[0, 1, 1, 1] 290
[0, 1, 1, 1] 304
[0, 1, 1, 1] 321
[0, 1, 1, 1] 331
[0, 1, 1, 1] 353
[0, 1, 1, 1] 356
[0, 1, 1, 1] 364
[0, 1, 1, 1] 387
[0, 1, 1, 1] 408
[0, 1, 1, 1] 425
[0, 1, 1, 1] 435
[0, 1, 1, 1] 483
[0, 1, 1, 1] 493
[0, 1, 1, 1] 496
[0, 1, 1, 1] 499
[0, 1, 1, 1] 513
[0, 1, 1, 1] 528
[0, 1, 1, 1] 604
[0, 1, 1, 1] 604
[0, 1, 1, 1] 607
[0, 1, 1, 1] 620
[0, 1, 1, 1] 638
[0, 1, 1, 1] 645
[0, 1, 1, 1] 691
[0, 1, 1, 1] 721
[0, 1, 1, 1] 722
[0, 1, 1, 1] 764
[0, 1, 1, 1] 793
[0, 1, 1, 1] 827
[0, 1, 1, 1] 850
[0, 1, 1, 1] 877
[0, 1, 1, 1] 916
[0, 1, 1, 1] 924
[0, 1, 1, 1] 929
[0, 1, 1, 1] 990
[0, 1, 1, 1] 994
[0, 0, 1, 1] 71
[0, 0, 1, 1] 92
[0, 0, 1, 1] 96
[0, 0, 1, 1] 115
[0, 0, 1, 1] 138
[0, 0, 1, 1] 146
[0, 0, 1, 1] 152
[0, 0, 1, 1] 168
[0, 0, 1, 1] 230
[0, 0, 1, 1] 248
[0, 0, 1, 1] 281
[0, 0, 1, 1] 283
[0, 0, 1, 1] 312
[0, 0, 1, 1] 319
[0, 0, 1, 1] 327
[0, 0, 1, 1] 327
[0, 0, 1, 1] 338
[0, 0, 1, 1] 400
[0, 0, 1, 1] 423
[0, 0, 1, 1] 436
[0, 0, 1, 1] 439
[0, 0, 1, 1] 447
[0, 0, 1, 1] 449
[0, 0, 1, 1] 453
[0, 0, 1, 1] 465
[0, 0, 1, 1] 467
[0, 0, 1, 1] 517
[0, 0, 1, 1] 521
[0, 0, 1, 1] 527
[0, 0, 1, 1] 541
[0, 0, 1, 1] 544
[0, 0, 1, 1] 544
[0, 0, 1, 1] 555
[0, 0, 1, 1] 562
[0, 0, 1, 1] 607
[0, 0, 1, 1] 610
[0, 0, 1, 1] 670
[0, 0, 1, 1] 687
[0, 0, 1, 1] 761
[0, 0, 1, 1] 781
[0, 0, 1, 1] 794
[0, 0, 1, 1] 798
[0, 0, 1, 1] 834
[0, 0, 1, 1] 852
[0, 0, 1, 1] 869
[0, 0, 1, 1] 885
[0, 0, 1, 1] 890
[0, 0, 1, 1] 904
[0, 0, 1, 1] 916
[0, 0, 1, 1] 982
[0, 0, 0, 1] 5
[0, 0, 0, 1] 12
[0, 0, 0, 1] 43
[0, 0, 0, 1] 51
[0, 0, 0, 1] 66
[0, 0, 0, 1] 70
[0, 0, 0, 1] 78
[0, 0, 0, 1] 116
[0, 0, 0, 1] 168
[0, 0, 0, 1] 169
[0, 0, 0, 1] 204
[0, 0, 0, 1] 213
[0, 0, 0, 1] 220
[0, 0, 0, 1] 267
[0, 0, 0, 1] 275
[0, 0, 0, 1] 279
[0, 0, 0, 1] 309
[0, 0, 0, 1] 345
[0, 0, 0, 1] 402
[0, 0, 0, 1] 404
[0, 0, 0, 1] 416
[0, 0, 0, 1] 449
[0, 0, 0, 1] 469
[0, 0, 0, 1] 475
[0, 0, 0, 1] 476
[0, 0, 0, 1] 495
[0, 0, 0, 1] 513
[0, 0, 0, 1] 551
[0, 0, 0, 1] 576
[0, 0, 0, 1] 585
[0, 0, 0, 1] 595
[0, 0, 0, 1] 620
[0, 0, 0, 1] 626
[0, 0, 0, 1] 640
[0, 0, 0, 1] 706
[0, 0, 0, 1] 716
[0, 0, 0, 1] 741
[0, 0, 0, 1] 750
[0, 0, 0, 1] 762
[0, 0, 0, 1] 770
[0, 0, 0, 1] 774
[0, 0, 0, 1] 811
[0, 0, 0, 1] 825
[0, 0, 0, 1] 869
[0, 0, 0, 1] 884
[0, 0, 0, 1] 888
[0, 0, 0, 1] 892
[0, 0, 0, 1] 914
[0, 0, 0, 1] 927
[0, 0, 0, 1] 936
[0, 0, 0, 1] 970
[0, 0, 0, 1] 996
