VARIABLES 200
NB_OBJ 4
ITEMS
[1, 1, 1, 1] 3
[1, 1, 1, 1] 17
[1, 1, 1, 1] 24
[1, 1, 1, 1] 70
[1, 1, 1, 1] 88
[1, 1, 1, 1] 89
[1, 1, 1, 1] 90
[1, 1, 1, 1] 97
[1, 1, 1, 1] 103
[1, 1, 1, 1] 106
[1, 1, 1, 1] 109
[1, 1, 1, 1] 132
[1, 1, 1, 1] 147
[1, 1, 1, 1] 157
[1, 1, 1, 1] 173
[1, 1, 1, 1] 211
[1, 1, 1, 1] 226
[1, 1, 1, 1] 233
[1, 1, 1, 1] 252
[1, 1, 1, 1] 262
[1, 1, 1, 1] 311
[1, 1, 1, 1] 314
[1, 1, 1, 1] 319
[1, 1, 1, 1] 400
[1, 1, 1, 1] 417
[1, 1, 1, 1] 419
[1, 1, 1, 1] 434
[1, 1, 1, 1] 439
[1, 1, 1, 1] 449
[1, 1, 1, 1] 461
[1, 1, 1, 1] 495
[1, 1, 1, 1] 497
[1, 1, 1, 1] 520
[1, 1, 1, 1] 551
[1, 1, 1, 1] 592
[1, 1, 1, 1] 624
[1, 1, 1, 1] 641
[1, 1, 1, 1] 641
[1, 1, 1, 1] 645
[1, 1, 1, 1] 685
[1, 1, 1, 1] 689
[1, 1, 1, 1] 690
[1, 1, 1, 1] 725
[1, 1, 1, 1] 730
[1, 1, 1, 1] 759
[1, 1, 1, 1] 763
[1, 1, 1, 1] 765
[1, 1, 1, 1] 796
[1, 1, 1, 1] 835
[1, 1, 1, 1] 874
[1, 1, 1, 1] 885
[1, 1, 1, 1] 901
[1, 1, 1, 1] 927
[1, 1, 1, 1] 972
[1, 1, 1, 1] 986
[1, 1, 1, 1] 996
[0, 1, 1, 1] 2
[0, 1, 1, 1] 39
[0, 1, 1, 1] 52
[0, 1, 1, 1] 57
[0, 1, 1, 1] 71
[0, 1, 1, 1] 72
[0, 1, 1, 1] 118
[0, 1, 1, 1] 142
[0, 1, 1, 1] 142
[0, 1, 1, 1] 171
[0, 1, 1, 1] 177
[0, 1, 1, 1] 180
[0, 1, 1, 1] 199
[0, 1, 1, 1] 209
[0, 1, 1, 1] 236
[0, 1, 1, 1] 241
[0, 1, 1, 1] 302
[0, 1, 1, 1] 319
[0, 1, 1, 1] 333
[0, 1, 1, 1] 385
[0, 1, 1, 1] 408
[0, 1, 1, 1] 434
[0, 1, 1, 1] 439
[0, 1, 1, 1] 479
[0, 1, 1, 1] 482
[0, 1, 1, 1] 500
[0, 1, 1, 1] 546
[0, 1, 1, 1] 572
[0, 1, 1, 1] 626
[0, 1, 1, 1] 634
[0, 1, 1, 1] 645
[0, 1, 1, 1] 651
[0, 1, 1, 1] 662
[0, 1, 1, 1] 665
[0, 1, 1, 1] 678
[0, 1, 1, 1] 684
[0, 1, 1, 1] 714
[0, 1, 1, 1] 723
[0, 1, 1, 1] 744
[0, 1, 1, 1] 753
[0, 1, 1, 1] 817
[0, 1, 1, 1] 824
[0, 1, 1, 1] 830
[0, 1, 1, 1] 842
[0, 1, 1, 1] 901
[0, 1, 1, 1] 911
[0, 1, 1, 1] 945
[0, 1, 1, 1] 953
[0, 1, 1, 1] 982
[0, 0, 1, 1] 11
[0, 0, 1, 1] 20
[0, 0, 1, 1] 32
[0, 0, 1, 1] 39
[0, 0, 1, 1] 43
[0, 0, 1, 1] 75
[0, 0, 1, 1] 126
[0, 0, 1, 1] 150
[0, 0, 1, 1] 160
[0, 0, 1, 1] 208
[0, 0, 1, 1] 244
[0, 0, 1, 1] 270
[0, 0, 1, 1] 282
[0, 0, 1, 1] 293
[0, 0, 1, 1] 307
[0, 0, 1, 1] 438
[0, 0, 1, 1] 443
[0, 0, 1, 1] 473
[0, 0, 1, 1] 476
[0, 0, 1, 1] 478
[0, 0, 1, 1] 510
[0, 0, 1, 1] 577
[0, 0, 1, 1] 598
[0, 0, 1, 1] 599
[0, 0, 1, 1] 603
[0, 0, 1, 1] 632
[0, 0, 1, 1] 708
[0, 0, 1, 1] 738
[0, 0, 1, 1] 775
[0, 0, 1, 1] 775
[0, 0, 1, 1] 777
[0, 0, 1, 1] 789
[0, 0, 1, 1] 832
[0, 0, 1, 1] 887
[0, 0, 1, 1] 891
[0, 0, 1, 1] 905
[0, 0, 1, 1] 955
[0, 0, 1, 1] 987
[0, 0, 0, 1] 29
[0, 0, 0, 1] 64
[0, 0, 0, 1] 93
[0, 0, 0, 1] 111
[0, 0, 0, 1] 131
[0, 0, 0, 1] 132
[0, 0, 0, 1] 132
[0, 0, 0, 1] 139
[0, 0, 0, 1] 146
[0, 0, 0, 1] 170
[0, 0, 0, 1] 179
[0, 0, 0, 1] 182
[0, 0, 0, 1] 197
[0, 0, 0, 1] 222
[0, 0, 0, 1] 233
[0, 0, 0, 1] 277
[0, 0, 0, 1] 277
[0, 0, 0, 1] 282
[0, 0, 0, 1] 287
[0, 0, 0, 1] 304
[0, 0, 0, 1] 317
[0, 0, 0, 1] 331
[0, 0, 0, 1] 345
[0, 0, 0, 1] 349
[0, 0, 0, 1] 369
[0, 0, 0, 1] 378
[0, 0, 0, 1] 387
[0, 0, 0, 1] 402
[0, 0, 0, 1] 406
[0, 0, 0, 1] 417
[0, 0, 0, 1] 444
[0, 0, 0, 1] 455
[0, 0, 0, 1] 463
[0, 0, 0, 1] 467
[0, 0, 0, 1] 476
[0, 0, 0, 1] 513
[0, 0, 0, 1] 540
[0, 0, 0, 1] 545
[0, 0, 0, 1] 554
[0, 0, 0, 1] 563
[0, 0, 0, 1] 578
[0, 0, 0, 1] 608
[0, 0, 0, 1] 630
[0, 0, 0, 1] 640
[0, 0, 0, 1] 657
[0, 0, 0, 1] 667
[0, 0, 0, 1] 718
[0, 0, 0, 1] 730
[0, 0, 0, 1] 742
[0, 0, 0, 1] 754
[0, 0, 0, 1] 785
[0, 0, 0, 1] 864
[0, 0, 0, 1] 867
[0, 0, 0, 1] 888
[0, 0, 0, 1] 925
[0, 0, 0, 1] 948
[0, 0, 0, 1] 981
