VARIABLES 200
NB_OBJ 4
ITEMS
[1, 1, 1, 1] 15
[1, 1, 1, 1] 70
[1, 1, 1, 1] 91
[1, 1, 1, 1] 102
[1, 1, 1, 1] 115
[1, 1, 1, 1] 137
[1, 1, 1, 1] 149
[1, 1, 1, 1] 164
[1, 1, 1, 1] 177
[1, 1, 1, 1] 184
[1, 1, 1, 1] 197
[1, 1, 1, 1] 225
[1, 1, 1, 1] 233
[1, 1, 1, 1] 235
[1, 1, 1, 1] 293
[1, 1, 1, 1] 301
[1, 1, 1, 1] 310
[1, 1, 1, 1] 352
[1, 1, 1, 1] 362
[1, 1, 1, 1] 370
[1, 1, 1, 1] 381
[1, 1, 1, 1] 383
[1, 1, 1, 1] 412
[1, 1, 1, 1] 427
[1, 1, 1, 1] 440
[1, 1, 1, 1] 483
[1, 1, 1, 1] 490
[1, 1, 1, 1] 510
[1, 1, 1, 1] 541
[1, 1, 1, 1] 586
[1, 1, 1, 1] 611
[1, 1, 1, 1] 620
[1, 1, 1, 1] 655
[1, 1, 1, 1] 659
[1, 1, 1, 1] 672
[1, 1, 1, 1] 721
[1, 1, 1, 1] 723
[1, 1, 1, 1] 725
[1, 1, 1, 1] 759
[1, 1, 1, 1] 764
[1, 1, 1, 1] 771
[1, 1, 1, 1] 774
[1, 1, 1, 1] 789
[1, 1, 1, 1] 789
[1, 1, 1, 1] 799
[1, 1, 1, 1] 809
[1, 1, 1, 1] 823
[1, 1, 1, 1] 829
[1, 1, 1, 1] 832
[1, 1, 1, 1] 844
[1, 1, 1, 1] 852
[1, 1, 1, 1] 859
[1, 1, 1, 1] 870
[1, 1, 1, 1] 878
[1, 1, 1, 1] 880
[1, 1, 1, 1] 913
[1, 1, 1, 1] 970
[1, 1, 1, 1] 983
[1, 1, 1, 1] 986
[0, 1, 1, 1] 6
[0, 1, 1, 1] 38
[0, 1, 1, 1] 67
[0, 1, 1, 1] 75
[0, 1, 1, 1] 76
[0, 1, 1, 1] 89
[0, 1, 1, 1] 96
[0, 1, 1, 1] 100
[0, 1, 1, 1] 107
[0, 1, 1, 1] 129
[0, 1, 1, 1] 129
[0, 1, 1, 1] 145
[0, 1, 1, 1] 199
[0, 1, 1, 1] 231
[0, 1, 1, 1] 255
[0, 1, 1, 1] 270
[0, 1, 1, 1] 344
[0, 1, 1, 1] 367
[0, 1, 1, 1] 419
[0, 1, 1, 1] 447
[0, 1, 1, 1] 459
[0, 1, 1, 1] 493
[0, 1, 1, 1] 525
[0, 1, 1, 1] 563
[0, 1, 1, 1] 581
[0, 1, 1, 1] 604
[0, 1, 1, 1] 609
[0, 1, 1, 1] 610
[0, 1, 1, 1] 637
[0, 1, 1, 1] 637
[0, 1, 1, 1] 651
[0, 1, 1, 1] 695
[0, 1, 1, 1] 698
[0, 1, 1, 1] 706
[0, 1, 1, 1] 753
[0, 1, 1, 1] 770
[0, 1, 1, 1] 771
[0, 1, 1, 1] 775
[0, 1, 1, 1] 830
[0, 1, 1, 1] 832
[0, 1, 1, 1] 848
[0, 1, 1, 1] 849
[0, 1, 1, 1] 892
[0, 1, 1, 1] 909
[0, 1, 1, 1] 933
[0, 1, 1, 1] 948
[0, 1, 1, 1] 961
[0, 1, 1, 1] 987
[0, 0, 1, 1] 6
[0, 0, 1, 1] 35
[0, 0, 1, 1] 40
[0, 0, 1, 1] 60
[0, 0, 1, 1] 64
[0, 0, 1, 1] 65
[0, 0, 1, 1] 75
[0, 0, 1, 1] 133
[0, 0, 1, 1] 145
[0, 0, 1, 1] 152
[0, 0, 1, 1] 159
[0, 0, 1, 1] 195
[0, 0, 1, 1] 205
[0, 0, 1, 1] 220
[0, 0, 1, 1] 240
[0, 0, 1, 1] 244
[0, 0, 1, 1] 256
[0, 0, 1, 1] 391
[0, 0, 1, 1] 394
[0, 0, 1, 1] 430
[0, 0, 1, 1] 450
[0, 0, 1, 1] 482
[0, 0, 1, 1] 488
[0, 0, 1, 1] 558
[0, 0, 1, 1] 588
[0, 0, 1, 1] 630
[0, 0, 1, 1] 685
[0, 0, 1, 1] 687
[0, 0, 1, 1] 693
[0, 0, 1, 1] 704
[0, 0, 1, 1] 710
[0, 0, 1, 1] 714
[0, 0, 1, 1] 738
[0, 0, 1, 1] 743
[0, 0, 1, 1] 743
[0, 0, 1, 1] 826
[0, 0, 1, 1] 830
[0, 0, 1, 1] 835
[0, 0, 1, 1] 840
[0, 0, 1, 1] 861
[0, 0, 1, 1] 862
[0, 0, 1, 1] 881
[0, 0, 1, 1] 898
[0, 0, 1, 1] 907
[0, 0, 1, 1] 926
[0, 0, 1, 1] 931
[0, 0, 1, 1] 933
[0, 0, 1, 1] 951
[0, 0, 1, 1] 983
[0, 0, 0, 1] 2
[0, 0, 0, 1] 13
[0, 0, 0, 1] 23
[0, 0, 0, 1] 37
[0, 0, 0, 1] 71
[0, 0, 0, 1] 71
[0, 0, 0, 1] 126
[0, 0, 0, 1] 133
[0, 0, 0, 1] 134
[0, 0, 0, 1] 142
[0, 0, 0, 1] 163
[0, 0, 0, 1] 202
[0, 0, 0, 1] 213
[0, 0, 0, 1] 222
[0, 0, 0, 1] 259
[0, 0, 0, 1] 264
[0, 0, 0, 1] 295
[0, 0, 0, 1] 306
[0, 0, 0, 1] 328
[0, 0, 0, 1] 342
[0, 0, 0, 1] 342
[0, 0, 0, 1] 355
[0, 0, 0, 1] 365
[0, 0, 0, 1] 378
[0, 0, 0, 1] 433
[0, 0, 0, 1] 485
[0, 0, 0, 1] 487
[0, 0, 0, 1] 513
[0, 0, 0, 1] 556
[0, 0, 0, 1] 572
[0, 0, 0, 1] 589
[0, 0, 0, 1] 594
[0, 0, 0, 1] 600
[0, 0, 0, 1] 678
[0, 0, 0, 1] 699
[0, 0, 0, 1] 710
[0, 0, 0, 1] 768
[0, 0, 0, 1] 809
[0, 0, 0, 1] 850
[0, 0, 0, 1] 879
[0, 0, 0, 1] 918
[0, 0, 0, 1] 966
[0, 0, 0, 1] 992
[0, 0, 0, 1] 994
