VARIABLES 200
NB_OBJ 4
ITEMS
[1, 1, 1, 1] 3
[1, 1, 1, 1] 41
[1, 1, 1, 1] 106
[1, 1, 1, 1] 111
[1, 1, 1, 1] 127
[1, 1, 1, 1] 176
[1, 1, 1, 1] 195
[1, 1, 1, 1] 214
[1, 1, 1, 1] 215
[1, 1, 1, 1] 218
[1, 1, 1, 1] 258
[1, 1, 1, 1] 329
[1, 1, 1, 1] 331
[1, 1, 1, 1] 350
[1, 1, 1, 1] 383
[1, 1, 1, 1] 400
[1, 1, 1, 1] 466
[1, 1, 1, 1] 483
[1, 1, 1, 1] 504
[1, 1, 1, 1] 511
[1, 1, 1, 1] 538
[1, 1, 1, 1] 557
[1, 1, 1, 1] 585
[1, 1, 1, 1] 588
[1, 1, 1, 1] 607
[1, 1, 1, 1] 634
[1, 1, 1, 1] 680
[1, 1, 1, 1] 697
[1, 1, 1, 1] 706
[1, 1, 1, 1] 721
[1, 1, 1, 1] 724
[1, 1, 1, 1] 819
[1, 1, 1, 1] 833
[1, 1, 1, 1] 855
[1, 1, 1, 1] 863
[1, 1, 1, 1] 864
[1, 1, 1, 1] 876
[1, 1, 1, 1] 876
[1, 1, 1, 1] 897
[1, 1, 1, 1] 905
[1, 1, 1, 1] 924
[1, 1, 1, 1] 936
[1, 1, 1, 1] 961
[1, 1, 1, 1] 971
[1, 1, 1, 1] 975
[1, 1, 1, 1] 999
[0, 1, 1, 1] 17
[0, 1, 1, 1] 43
[0, 1, 1, 1] 63
[0, 1, 1, 1] 75
[0, 1, 1, 1] 90
[0, 1, 1, 1] 102
[0, 1, 1, 1] 143
[0, 1, 1, 1] 181
[0, 1, 1, 1] 293
[0, 1, 1, 1] 295
[0, 1, 1, 1] 311
[0, 1, 1, 1] 326
[0, 1, 1, 1] 332
[0, 1, 1, 1] 335
[0, 1, 1, 1] 337
[0, 1, 1, 1] 355
[0, 1, 1, 1] 368
[0, 1, 1, 1] 375
[0, 1, 1, 1] 389
[0, 1, 1, 1] 408
[0, 1, 1, 1] 411
[0, 1, 1, 1] 426
[0, 1, 1, 1] 429
[0, 1, 1, 1] 476
[0, 1, 1, 1] 503
[0, 1, 1, 1] 505
[0, 1, 1, 1] 514
[0, 1, 1, 1] 562
[0, 1, 1, 1] 581
[0, 1, 1, 1] 597
[0, 1, 1, 1] 599
[0, 1, 1, 1] 660
[0, 1, 1, 1] 680
[0, 1, 1, 1] 690
[0, 1, 1, 1] 694
[0, 1, 1, 1] 716
[0, 1, 1, 1] 755
[0, 1, 1, 1] 766
[0, 1, 1, 1] 818
[0, 1, 1, 1] 832
[0, 1, 1, 1] 841
[0, 1, 1, 1] 872
[0, 1, 1, 1] 900
[0, 1, 1, 1] 908
[0, 1, 1, 1] 919
[0, 1, 1, 1] 940
[0, 1, 1, 1] 951
[0, 1, 1, 1] 975
[0, 1, 1, 1] 993
[0, 0, 1, 1] 57
[0, 0, 1, 1] 69
[0, 0, 1, 1] 82
[0, 0, 1, 1] 91
[0, 0, 1, 1] 94
[0, 0, 1, 1] 142
[0, 0, 1, 1] 144
[0, 0, 1, 1] 149
[0, 0, 1, 1] 158
[0, 0, 1, 1] 178
[0, 0, 1, 1] 183
[0, 0, 1, 1] 194
[0, 0, 1, 1] 246
[0, 0, 1, 1] 246
[0, 0, 1, 1] 262
[0, 0, 1, 1] 293
[0, 0, 1, 1] 296
[0, 0, 1, 1] 312
[0, 0, 1, 1] 322
[0, 0, 1, 1] 328
[0, 0, 1, 1] 338
[0, 0, 1, 1] 409
[0, 0, 1, 1] 411
[0, 0, 1, 1] 430
[0, 0, 1, 1] 462
[0, 0, 1, 1] 462
[0, 0, 1, 1] 470
[0, 0, 1, 1] 596
[0, 0, 1, 1] 623
[0, 0, 1, 1] 637
[0, 0, 1, 1] 665
[0, 0, 1, 1] 666
[0, 0, 1, 1] 690
[0, 0, 1, 1] 700
[0, 0, 1, 1] 708
[0, 0, 1, 1] 748
[0, 0, 1, 1] 748
[0, 0, 1, 1] 761
[0, 0, 1, 1] 780
[0, 0, 1, 1] 798
[0, 0, 1, 1] 846
[0, 0, 1, 1] 896
[0, 0, 1, 1] 918
[0, 0, 1, 1] 940
[0, 0, 1, 1] 950
[0, 0, 1, 1] 981
[0, 0, 1, 1] 985
[0, 0, 1, 1] 986
[0, 0, 1, 1] 992
[0, 0, 0, 1] 38
[0, 0, 0, 1] 47
[0, 0, 0, 1] 73
[0, 0, 0, 1] 78
[0, 0, 0, 1] 81
[0, 0, 0, 1] 84
[0, 0, 0, 1] 101
[0, 0, 0, 1] 105
[0, 0, 0, 1] 139
[0, 0, 0, 1] 139
[0, 0, 0, 1] 140
[0, 0, 0, 1] 141
[0, 0, 0, 1] 144
[0, 0, 0, 1] 161
[0, 0, 0, 1] 186
[0, 0, 0, 1] 205
[0, 0, 0, 1] 284
[0, 0, 0, 1] 307
[0, 0, 0, 1] 323
[0, 0, 0, 1] 354
[0, 0, 0, 1] 358
[0, 0, 0, 1] 366
[0, 0, 0, 1] 371
[0, 0, 0, 1] 381
[0, 0, 0, 1] 396
[0, 0, 0, 1] 430
[0, 0, 0, 1] 433
[0, 0, 0, 1] 437
[0, 0, 0, 1] 468
[0, 0, 0, 1] 486
[0, 0, 0, 1] 517
[0, 0, 0, 1] 546
[0, 0, 0, 1] 553
[0, 0, 0, 1] 565
[0, 0, 0, 1] 566
[0, 0, 0, 1] 566
[0, 0, 0, 1] 609
[0, 0, 0, 1] 625
[0, 0, 0, 1] 648
[0, 0, 0, 1] 663
[0, 0, 0, 1] 687
[0, 0, 0, 1] 689
[0, 0, 0, 1] 720
[0, 0, 0, 1] 727
[0, 0, 0, 1] 765
[0, 0, 0, 1] 774
[0, 0, 0, 1] 780
[0, 0, 0, 1] 787
[0, 0, 0, 1] 801
[0, 0, 0, 1] 818
[0, 0, 0, 1] 848
[0, 0, 0, 1] 861
[0, 0, 0, 1] 863
[0, 0, 0, 1] 899
[0, 0, 0, 1] 903
[0, 0, 0, 1] 979
