VARIABLES 200
NB_OBJ 4
ITEMS
[1, 1, 1, 1] 82
[1, 1, 1, 1] 84
[1, 1, 1, 1] 115
[1, 1, 1, 1] 142
[1, 1, 1, 1] 147
[1, 1, 1, 1] 224
[1, 1, 1, 1] 239
[1, 1, 1, 1] 244
[1, 1, 1, 1] 246
[1, 1, 1, 1] 252
[1, 1, 1, 1] 263
[1, 1, 1, 1] 283
[1, 1, 1, 1] 298
[1, 1, 1, 1] 313
[1, 1, 1, 1] 362
[1, 1, 1, 1] 365
[1, 1, 1, 1] 366
[1, 1, 1, 1] 377
[1, 1, 1, 1] 415
[1, 1, 1, 1] 444
[1, 1, 1, 1] 445
[1, 1, 1, 1] 468
[1, 1, 1, 1] 490
[1, 1, 1, 1] 512
[1, 1, 1, 1] 537
[1, 1, 1, 1] 590
[1, 1, 1, 1] 613
[1, 1, 1, 1] 649
[1, 1, 1, 1] 697
[1, 1, 1, 1] 735
[1, 1, 1, 1] 753
[1, 1, 1, 1] 757
[1, 1, 1, 1] 784
[1, 1, 1, 1] 788
[1, 1, 1, 1] 852
[1, 1, 1, 1] 864
[1, 1, 1, 1] 886
[1, 1, 1, 1] 887
[1, 1, 1, 1] 890
[1, 1, 1, 1] 908
[1, 1, 1, 1] 931
[1, 1, 1, 1] 941
[1, 1, 1, 1] 950
[0, 1, 1, 1] 6
[0, 1, 1, 1] 17
[0, 1, 1, 1] 29
[0, 1, 1, 1] 43
[0, 1, 1, 1] 86
[0, 1, 1, 1] 95
[0, 1, 1, 1] 110
[0, 1, 1, 1] 123
[0, 1, 1, 1] 126
[0, 1, 1, 1] 156
[0, 1, 1, 1] 191
[0, 1, 1, 1] 198
[0, 1, 1, 1] 273
[0, 1, 1, 1] 276
[0, 1, 1, 1] 297
[0, 1, 1, 1] 312
[0, 1, 1, 1] 394
[0, 1, 1, 1] 418
[0, 1, 1, 1] 480
[0, 1, 1, 1] 494
[0, 1, 1, 1] 496
[0, 1, 1, 1] 511
[0, 1, 1, 1] 549
[0, 1, 1, 1] 569
[0, 1, 1, 1] 582
[0, 1, 1, 1] 596
[0, 1, 1, 1] 620
[0, 1, 1, 1] 685
[0, 1, 1, 1] 687
[0, 1, 1, 1] 690
[0, 1, 1, 1] 715
[0, 1, 1, 1] 765
[0, 1, 1, 1] 780
[0, 1, 1, 1] 780
[0, 1, 1, 1] 787
[0, 1, 1, 1] 846
[0, 1, 1, 1] 857
[0, 1, 1, 1] 870
[0, 1, 1, 1] 870
[0, 1, 1, 1] 954
[0, 1, 1, 1] 978
[0, 1, 1, 1] 982
[0, 0, 1, 1] 28
[0, 0, 1, 1] 31
[0, 0, 1, 1] 34
[0, 0, 1, 1] 56
[0, 0, 1, 1] 81
[0, 0, 1, 1] 117
[0, 0, 1, 1] 122
[0, 0, 1, 1] 131
[0, 0, 1, 1] 151
[0, 0, 1, 1] 171
[0, 0, 1, 1] 220
[0, 0, 1, 1] 222
[0, 0, 1, 1] 230
[0, 0, 1, 1] 242
[0, 0, 1, 1] 252
[0, 0, 1, 1] 269
[0, 0, 1, 1] 285
[0, 0, 1, 1] 334
[0, 0, 1, 1] 336
[0, 0, 1, 1] 360
[0, 0, 1, 1] 362
[0, 0, 1, 1] 374
[0, 0, 1, 1] 374
[0, 0, 1, 1] 389
[0, 0, 1, 1] 447
[0, 0, 1, 1] 481
[0, 0, 1, 1] 489
[0, 0, 1, 1] 490
[0, 0, 1, 1] 496
[0, 0, 1, 1] 539
[0, 0, 1, 1] 561
[0, 0, 1, 1] 586
[0, 0, 1, 1] 619
[0, 0, 1, 1] 651
[0, 0, 1, 1] 660
[0, 0, 1, 1] 670
[0, 0, 1, 1] 671
[0, 0, 1, 1] 677
[0, 0, 1, 1] 686
[0, 0, 1, 1] 703
[0, 0, 1, 1] 716
[0, 0, 1, 1] 731
[0, 0, 1, 1] 776
[0, 0, 1, 1] 813
[0, 0, 1, 1] 814
[0, 0, 1, 1] 841
[0, 0, 1, 1] 855
[0, 0, 1, 1] 867
[0, 0, 1, 1] 915
[0, 0, 1, 1] 919
[0, 0, 1, 1] 940
[0, 0, 1, 1] 969
[0, 0, 1, 1] 978
[0, 0, 1, 1] 992
[0, 0, 1, 1] 996
[0, 0, 0, 1] 17
[0, 0, 0, 1] 64
[0, 0, 0, 1] 68
[0, 0, 0, 1] 105
[0, 0, 0, 1] 106
[0, 0, 0, 1] 123
[0, 0, 0, 1] 131
[0, 0, 0, 1] 142
[0, 0, 0, 1] 158
[0, 0, 0, 1] 163
[0, 0, 0, 1] 167
[0, 0, 0, 1] 186
[0, 0, 0, 1] 204
[0, 0, 0, 1] 218
[0, 0, 0, 1] 222
[0, 0, 0, 1] 237
[0, 0, 0, 1] 246
[0, 0, 0, 1] 265
[0, 0, 0, 1] 266
[0, 0, 0, 1] 299
[0, 0, 0, 1] 309
[0, 0, 0, 1] 314
[0, 0, 0, 1] 330
[0, 0, 0, 1] 337
[0, 0, 0, 1] 342
[0, 0, 0, 1] 352
[0, 0, 0, 1] 354
[0, 0, 0, 1] 367
[0, 0, 0, 1] 372
[0, 0, 0, 1] 394
[0, 0, 0, 1] 427
[0, 0, 0, 1] 441
[0, 0, 0, 1] 457
[0, 0, 0, 1] 486
[0, 0, 0, 1] 515
[0, 0, 0, 1] 526
[0, 0, 0, 1] 550
[0, 0, 0, 1] 568
[0, 0, 0, 1] 603
[0, 0, 0, 1] 659
[0, 0, 0, 1] 675
[0, 0, 0, 1] 684
[0, 0, 0, 1] 687
[0, 0, 0, 1] 688
[0, 0, 0, 1] 695
[0, 0, 0, 1] 731
[0, 0, 0, 1] 740
[0, 0, 0, 1] 744
[0, 0, 0, 1] 758
[0, 0, 0, 1] 795
[0, 0, 0, 1] 809
[0, 0, 0, 1] 850
[0, 0, 0, 1] 881
[0, 0, 0, 1] 895
[0, 0, 0, 1] 935
[0, 0, 0, 1] 951
[0, 0, 0, 1] 963
[0, 0, 0, 1] 975
[0, 0, 0, 1] 976
[0, 0, 0, 1] 993
