VARIABLES 200
NB_OBJ 4
ITEMS
[1, 1, 1, 1] 6
[1, 1, 1, 1] 23
[1, 1, 1, 1] 50
[1, 1, 1, 1] 54
[1, 1, 1, 1] 83
[1, 1, 1, 1] 92
[1, 1, 1, 1] 99
[1, 1, 1, 1] 99
[1, 1, 1, 1] 124
[1, 1, 1, 1] 128
[1, 1, 1, 1] 251
[1, 1, 1, 1] 275
[1, 1, 1, 1] 275
[1, 1, 1, 1] 283
[1, 1, 1, 1] 323
[1, 1, 1, 1] 419
[1, 1, 1, 1] 456
[1, 1, 1, 1] 457
[1, 1, 1, 1] 530
[1, 1, 1, 1] 554
[1, 1, 1, 1] 635
[1, 1, 1, 1] 647
[1, 1, 1, 1] 652
[1, 1, 1, 1] 656
[1, 1, 1, 1] 714
[1, 1, 1, 1] 720
[1, 1, 1, 1] 734
[1, 1, 1, 1] 736
[1, 1, 1, 1] 786
[1, 1, 1, 1] 788
[1, 1, 1, 1] 830
[1, 1, 1, 1] 858
[1, 1, 1, 1] 862
[1, 1, 1, 1] 866
[1, 1, 1, 1] 869
[1, 1, 1, 1] 876
[1, 1, 1, 1] 878
[1, 1, 1, 1] 909
[1, 1, 1, 1] 913
[1, 1, 1, 1] 927
[1, 1, 1, 1] 947
[1, 1, 1, 1] 954
[1, 1, 1, 1] 959
[1, 1, 1, 1] 968
[0, 1, 1, 1] 30
[0, 1, 1, 1] 42
[0, 1, 1, 1] 64
[0, 1, 1, 1] 110
[0, 1, 1, 1] 116
[0, 1, 1, 1] 139
[0, 1, 1, 1] 145
[0, 1, 1, 1] 155
[0, 1, 1, 1] 188
[0, 1, 1, 1] 200
[0, 1, 1, 1] 219
[0, 1, 1, 1] 247
[0, 1, 1, 1] 248
[0, 1, 1, 1] 248
[0, 1, 1, 1] 253
[0, 1, 1, 1] 322
[0, 1, 1, 1] 349
[0, 1, 1, 1] 374
[0, 1, 1, 1] 378
[0, 1, 1, 1] 385
[0, 1, 1, 1] 404
[0, 1, 1, 1] 411
[0, 1, 1, 1] 411
[0, 1, 1, 1] 420
[0, 1, 1, 1] 455
[0, 1, 1, 1] 463
[0, 1, 1, 1] 470
[0, 1, 1, 1] 478
[0, 1, 1, 1] 506
[0, 1, 1, 1] 517
[0, 1, 1, 1] 537
[0, 1, 1, 1] 543
[0, 1, 1, 1] 558
[0, 1, 1, 1] 560
[0, 1, 1, 1] 573
[0, 1, 1, 1] 585
[0, 1, 1, 1] 591
[0, 1, 1, 1] 592
[0, 1, 1, 1] 598
[0, 1, 1, 1] 599
[0, 1, 1, 1] 622
[0, 1, 1, 1] 625
[0, 1, 1, 1] 644
[0, 1, 1, 1] 653
[0, 1, 1, 1] 764
[0, 1, 1, 1] 812
[0, 1, 1, 1] 855
[0, 1, 1, 1] 945
[0, 1, 1, 1] 987
[0, 1, 1, 1] 990
[0, 0, 1, 1] 4
[0, 0, 1, 1] 7
[0, 0, 1, 1] 18
[0, 0, 1, 1] 20
[0, 0, 1, 1] 21
[0, 0, 1, 1] 32
[0, 0, 1, 1] 53
[0, 0, 1, 1] 70
[0, 0, 1, 1] 88
[0, 0, 1, 1] 95
[0, 0, 1, 1] 102
[0, 0, 1, 1] 120
[0, 0, 1, 1] 148
[0, 0, 1, 1] 153
[0, 0, 1, 1] 162
[0, 0, 1, 1] 187
[0, 0, 1, 1] 214
[0, 0, 1, 1] 214
[0, 0, 1, 1] 225
[0, 0, 1, 1] 245
[0, 0, 1, 1] 293
[0, 0, 1, 1] 298
[0, 0, 1, 1] 309
[0, 0, 1, 1] 315
[0, 0, 1, 1] 385
[0, 0, 1, 1] 386
[0, 0, 1, 1] 401
[0, 0, 1, 1] 404
[0, 0, 1, 1] 424
[0, 0, 1, 1] 433
[0, 0, 1, 1] 440
[0, 0, 1, 1] 474
[0, 0, 1, 1] 531
[0, 0, 1, 1] 580
[0, 0, 1, 1] 603
[0, 0, 1, 1] 628
[0, 0, 1, 1] 659
[0, 0, 1, 1] 660
[0, 0, 1, 1] 672
[0, 0, 1, 1] 693
[0, 0, 1, 1] 694
[0, 0, 1, 1] 699
[0, 0, 1, 1] 704
[0, 0, 1, 1] 706
[0, 0, 1, 1] 791
[0, 0, 1, 1] 796
[0, 0, 1, 1] 798
[0, 0, 1, 1] 800
[0, 0, 1, 1] 803
[0, 0, 1, 1] 859
[0, 0, 1, 1] 862
[0, 0, 1, 1] 879
[0, 0, 1, 1] 886
[0, 0, 1, 1] 886
[0, 0, 1, 1] 918
[0, 0, 1, 1] 935
[0, 0, 1, 1] 947
[0, 0, 1, 1] 956
[0, 0, 1, 1] 976
[0, 0, 1, 1] 982
[0, 0, 0, 1] 36
[0, 0, 0, 1] 45
[0, 0, 0, 1] 61
[0, 0, 0, 1] 88
[0, 0, 0, 1] 141
[0, 0, 0, 1] 154
[0, 0, 0, 1] 170
[0, 0, 0, 1] 197
[0, 0, 0, 1] 269
[0, 0, 0, 1] 317
[0, 0, 0, 1] 322
[0, 0, 0, 1] 387
[0, 0, 0, 1] 412
[0, 0, 0, 1] 420
[0, 0, 0, 1] 429
[0, 0, 0, 1] 464
[0, 0, 0, 1] 514
[0, 0, 0, 1] 521
[0, 0, 0, 1] 558
[0, 0, 0, 1] 563
[0, 0, 0, 1] 564
[0, 0, 0, 1] 583
[0, 0, 0, 1] 603
[0, 0, 0, 1] 634
[0, 0, 0, 1] 643
[0, 0, 0, 1] 659
[0, 0, 0, 1] 666
[0, 0, 0, 1] 671
[0, 0, 0, 1] 690
[0, 0, 0, 1] 692
[0, 0, 0, 1] 743
[0, 0, 0, 1] 759
[0, 0, 0, 1] 767
[0, 0, 0, 1] 770
[0, 0, 0, 1] 787
[0, 0, 0, 1] 791
[0, 0, 0, 1] 818
[0, 0, 0, 1] 826
[0, 0, 0, 1] 889
[0, 0, 0, 1] 894
[0, 0, 0, 1] 900
[0, 0, 0, 1] 923
[0, 0, 0, 1] 960
[0, 0, 0, 1] 960
[0, 0, 0, 1] 970
[0, 0, 0, 1] 977
