VARIABLES 200
NB_OBJ 4
ITEMS
[1, 1, 1, 1] 12
[1, 1, 1, 1] 28
[1, 1, 1, 1] 29
[1, 1, 1, 1] 44
[1, 1, 1, 1] 48
[1, 1, 1, 1] 52
[1, 1, 1, 1] 99
[1, 1, 1, 1] 101
[1, 1, 1, 1] 106
[1, 1, 1, 1] 124
[1, 1, 1, 1] 143
[1, 1, 1, 1] 147
[1, 1, 1, 1] 157
[1, 1, 1, 1] 275
[1, 1, 1, 1] 299
[1, 1, 1, 1] 305
[1, 1, 1, 1] 324
[1, 1, 1, 1] 335
[1, 1, 1, 1] 350
[1, 1, 1, 1] 361
[1, 1, 1, 1] 362
[1, 1, 1, 1] 368
[1, 1, 1, 1] 393
[1, 1, 1, 1] 393
[1, 1, 1, 1] 422
[1, 1, 1, 1] 488
[1, 1, 1, 1] 493
[1, 1, 1, 1] 532
[1, 1, 1, 1] 555
[1, 1, 1, 1] 567
[1, 1, 1, 1] 576
[1, 1, 1, 1] 582
[1, 1, 1, 1] 584
[1, 1, 1, 1] 594
[1, 1, 1, 1] 611
[1, 1, 1, 1] 645
[1, 1, 1, 1] 662
[1, 1, 1, 1] 680
[1, 1, 1, 1] 712
[1, 1, 1, 1] 716
[1, 1, 1, 1] 716
[1, 1, 1, 1] 718
[1, 1, 1, 1] 733
[1, 1, 1, 1] 738
[1, 1, 1, 1] 751
[1, 1, 1, 1] 773
[1, 1, 1, 1] 776
[1, 1, 1, 1] 829
[1, 1, 1, 1] 829
[1, 1, 1, 1] 893
[1, 1, 1, 1] 926
[1, 1, 1, 1] 946
[1, 1, 1, 1] 951
[1, 1, 1, 1] 963
[0, 1, 1, 1] 13
[0, 1, 1, 1] 70
[0, 1, 1, 1] 85
[0, 1, 1, 1] 86
[0, 1, 1, 1] 119
[0, 1, 1, 1] 129
[0, 1, 1, 1] 146
[0, 1, 1, 1] 175
[0, 1, 1, 1] 177
[0, 1, 1, 1] 192
[0, 1, 1, 1] 205
[0, 1, 1, 1] 244
[0, 1, 1, 1] 252
[0, 1, 1, 1] 291
[0, 1, 1, 1] 300
[0, 1, 1, 1] 315
[0, 1, 1, 1] 319
[0, 1, 1, 1] 323
[0, 1, 1, 1] 332
[0, 1, 1, 1] 347
[0, 1, 1, 1] 361
[0, 1, 1, 1] 363
[0, 1, 1, 1] 371
[0, 1, 1, 1] 376
[0, 1, 1, 1] 384
[0, 1, 1, 1] 412
[0, 1, 1, 1] 423
[0, 1, 1, 1] 429
[0, 1, 1, 1] 463
[0, 1, 1, 1] 477
[0, 1, 1, 1] 477
[0, 1, 1, 1] 515
[0, 1, 1, 1] 520
[0, 1, 1, 1] 536
[0, 1, 1, 1] 582
[0, 1, 1, 1] 607
[0, 1, 1, 1] 612
[0, 1, 1, 1] 614
[0, 1, 1, 1] 618
[0, 1, 1, 1] 721
[0, 1, 1, 1] 729
[0, 1, 1, 1] 752
[0, 1, 1, 1] 763
[0, 1, 1, 1] 782
[0, 1, 1, 1] 812
[0, 1, 1, 1] 822
[0, 1, 1, 1] 829
[0, 1, 1, 1] 836
[0, 1, 1, 1] 856
[0, 1, 1, 1] 952
[0, 0, 1, 1] 58
[0, 0, 1, 1] 84
[0, 0, 1, 1] 96
[0, 0, 1, 1] 127
[0, 0, 1, 1] 148
[0, 0, 1, 1] 154
[0, 0, 1, 1] 186
[0, 0, 1, 1] 201
[0, 0, 1, 1] 224
[0, 0, 1, 1] 232
[0, 0, 1, 1] 260
[0, 0, 1, 1] 280
[0, 0, 1, 1] 313
[0, 0, 1, 1] 344
[0, 0, 1, 1] 363
[0, 0, 1, 1] 386
[0, 0, 1, 1] 390
[0, 0, 1, 1] 404
[0, 0, 1, 1] 429
[0, 0, 1, 1] 436
[0, 0, 1, 1] 482
[0, 0, 1, 1] 508
[0, 0, 1, 1] 511
[0, 0, 1, 1] 513
[0, 0, 1, 1] 516
[0, 0, 1, 1] 537
[0, 0, 1, 1] 542
[0, 0, 1, 1] 566
[0, 0, 1, 1] 640
[0, 0, 1, 1] 643
[0, 0, 1, 1] 670
[0, 0, 1, 1] 772
[0, 0, 1, 1] 795
[0, 0, 1, 1] 848
[0, 0, 1, 1] 854
[0, 0, 1, 1] 874
[0, 0, 1, 1] 875
[0, 0, 1, 1] 918
[0, 0, 1, 1] 993
[0, 0, 1, 1] 995
[0, 0, 0, 1] 2
[0, 0, 0, 1] 56
[0, 0, 0, 1] 60
[0, 0, 0, 1] 64
[0, 0, 0, 1] 73
[0, 0, 0, 1] 93
[0, 0, 0, 1] 93
[0, 0, 0, 1] 94
[0, 0, 0, 1] 104
[0, 0, 0, 1] 160
[0, 0, 0, 1] 162
[0, 0, 0, 1] 181
[0, 0, 0, 1] 249
[0, 0, 0, 1] 265
[0, 0, 0, 1] 266
[0, 0, 0, 1] 302
[0, 0, 0, 1] 308
[0, 0, 0, 1] 351
[0, 0, 0, 1] 370
[0, 0, 0, 1] 373
[0, 0, 0, 1] 394
[0, 0, 0, 1] 420
[0, 0, 0, 1] 458
[0, 0, 0, 1] 459
[0, 0, 0, 1] 470
[0, 0, 0, 1] 508
[0, 0, 0, 1] 535
[0, 0, 0, 1] 546
[0, 0, 0, 1] 579
[0, 0, 0, 1] 596
[0, 0, 0, 1] 651
[0, 0, 0, 1] 700
[0, 0, 0, 1] 720
[0, 0, 0, 1] 742
[0, 0, 0, 1] 745
[0, 0, 0, 1] 747
[0, 0, 0, 1] 752
[0, 0, 0, 1] 770
[0, 0, 0, 1] 777
[0, 0, 0, 1] 840
[0, 0, 0, 1] 857
[0, 0, 0, 1] 864
[0, 0, 0, 1] 872
[0, 0, 0, 1] 874
[0, 0, 0, 1] 892
[0, 0, 0, 1] 895
[0, 0, 0, 1] 896
[0, 0, 0, 1] 914
[0, 0, 0, 1] 918
[0, 0, 0, 1] 923
[0, 0, 0, 1] 936
[0, 0, 0, 1] 964
[0, 0, 0, 1] 969
[0, 0, 0, 1] 974
[0, 0, 0, 1] 991
[0, 0, 0, 1] 996
