VARIABLES 200
NB_OBJ 4
ITEMS
[1, 1, 1, 1] 23
[1, 1, 1, 1] 49
[1, 1, 1, 1] 104
[1, 1, 1, 1] 115
[1, 1, 1, 1] 124
[1, 1, 1, 1] 126
[1, 1, 1, 1] 159
[1, 1, 1, 1] 168
[1, 1, 1, 1] 187
[1, 1, 1, 1] 221
[1, 1, 1, 1] 227
[1, 1, 1, 1] 234
[1, 1, 1, 1] 246
[1, 1, 1, 1] 251
[1, 1, 1, 1] 255
[1, 1, 1, 1] 258
[1, 1, 1, 1] 309
[1, 1, 1, 1] 315
[1, 1, 1, 1] 317
[1, 1, 1, 1] 323
[1, 1, 1, 1] 350
[1, 1, 1, 1] 351
[1, 1, 1, 1] 360
[1, 1, 1, 1] 364
[1, 1, 1, 1] 376
[1, 1, 1, 1] 390
[1, 1, 1, 1] 406
[1, 1, 1, 1] 422
[1, 1, 1, 1] 426
[1, 1, 1, 1] 511
[1, 1, 1, 1] 514
[1, 1, 1, 1] 527
[1, 1, 1, 1] 556
[1, 1, 1, 1] 556
[1, 1, 1, 1] 565
[1, 1, 1, 1] 579
[1, 1, 1, 1] 580
[1, 1, 1, 1] 583
[1, 1, 1, 1] 588
[1, 1, 1, 1] 614
[1, 1, 1, 1] 618
[1, 1, 1, 1] 637
[1, 1, 1, 1] 650
[1, 1, 1, 1] 660
[1, 1, 1, 1] 685
[1, 1, 1, 1] 704
[1, 1, 1, 1] 738
[1, 1, 1, 1] 829
[1, 1, 1, 1] 836
[1, 1, 1, 1] 843
[1, 1, 1, 1] 896
[1, 1, 1, 1] 902
[1, 1, 1, 1] 912
[1, 1, 1, 1] 919
[1, 1, 1, 1] 930
[1, 1, 1, 1] 930
[1, 1, 1, 1] 957
[1, 1, 1, 1] 966
[0, 1, 1, 1] 7
[0, 1, 1, 1] 18
[0, 1, 1, 1] 21
[0, 1, 1, 1] 28
[0, 1, 1, 1] 51
[0, 1, 1, 1] 69
[0, 1, 1, 1] 90
[0, 1, 1, 1] 103
[0, 1, 1, 1] 116
[0, 1, 1, 1] 118
[0, 1, 1, 1] 158
[0, 1, 1, 1] 163
[0, 1, 1, 1] 197
[0, 1, 1, 1] 213
[0, 1, 1, 1] 252
[0, 1, 1, 1] 260
[0, 1, 1, 1] 261
[0, 1, 1, 1] 267
[0, 1, 1, 1] 333
[0, 1, 1, 1] 351
[0, 1, 1, 1] 360
[0, 1, 1, 1] 380
[0, 1, 1, 1] 384
[0, 1, 1, 1] 400
[0, 1, 1, 1] 438
[0, 1, 1, 1] 453
[0, 1, 1, 1] 456
[0, 1, 1, 1] 456
[0, 1, 1, 1] 532
[0, 1, 1, 1] 540
[0, 1, 1, 1] 556
[0, 1, 1, 1] 568
[0, 1, 1, 1] 600
[0, 1, 1, 1] 613
[0, 1, 1, 1] 665
[0, 1, 1, 1] 687
[0, 1, 1, 1] 748
[0, 1, 1, 1] 764
[0, 1, 1, 1] 771
[0, 1, 1, 1] 781
[0, 1, 1, 1] 845
[0, 1, 1, 1] 848
[0, 1, 1, 1] 880
[0, 1, 1, 1] 887
[0, 1, 1, 1] 890
[0, 1, 1, 1] 895
[0, 1, 1, 1] 895
[0, 1, 1, 1] 898
[0, 1, 1, 1] 908
[0, 1, 1, 1] 962
[0, 1, 1, 1] 978
[0, 0, 1, 1] 21
[0, 0, 1, 1] 60
[0, 0, 1, 1] 61
[0, 0, 1, 1] 61
[0, 0, 1, 1] 64
[0, 0, 1, 1] 81
[0, 0, 1, 1] 101
[0, 0, 1, 1] 103
[0, 0, 1, 1] 104
[0, 0, 1, 1] 112
[0, 0, 1, 1] 131
[0, 0, 1, 1] 146
[0, 0, 1, 1] 167
[0, 0, 1, 1] 180
[0, 0, 1, 1] 202
[0, 0, 1, 1] 286
[0, 0, 1, 1] 297
[0, 0, 1, 1] 302
[0, 0, 1, 1] 304
[0, 0, 1, 1] 312
[0, 0, 1, 1] 382
[0, 0, 1, 1] 395
[0, 0, 1, 1] 405
[0, 0, 1, 1] 412
[0, 0, 1, 1] 416
[0, 0, 1, 1] 440
[0, 0, 1, 1] 483
[0, 0, 1, 1] 565
[0, 0, 1, 1] 589
[0, 0, 1, 1] 594
[0, 0, 1, 1] 627
[0, 0, 1, 1] 687
[0, 0, 1, 1] 738
[0, 0, 1, 1] 816
[0, 0, 1, 1] 863
[0, 0, 1, 1] 866
[0, 0, 1, 1] 871
[0, 0, 1, 1] 896
[0, 0, 1, 1] 897
[0, 0, 1, 1] 907
[0, 0, 1, 1] 911
[0, 0, 1, 1] 934
[0, 0, 0, 1] 13
[0, 0, 0, 1] 14
[0, 0, 0, 1] 35
[0, 0, 0, 1] 43
[0, 0, 0, 1] 49
[0, 0, 0, 1] 53
[0, 0, 0, 1] 56
[0, 0, 0, 1] 92
[0, 0, 0, 1] 136
[0, 0, 0, 1] 195
[0, 0, 0, 1] 203
[0, 0, 0, 1] 276
[0, 0, 0, 1] 278
[0, 0, 0, 1] 317
[0, 0, 0, 1] 324
[0, 0, 0, 1] 327
[0, 0, 0, 1] 350
[0, 0, 0, 1] 355
[0, 0, 0, 1] 388
[0, 0, 0, 1] 390
[0, 0, 0, 1] 419
[0, 0, 0, 1] 425
[0, 0, 0, 1] 486
[0, 0, 0, 1] 492
[0, 0, 0, 1] 524
[0, 0, 0, 1] 525
[0, 0, 0, 1] 529
[0, 0, 0, 1] 559
[0, 0, 0, 1] 601
[0, 0, 0, 1] 604
[0, 0, 0, 1] 605
[0, 0, 0, 1] 618
[0, 0, 0, 1] 627
[0, 0, 0, 1] 629
[0, 0, 0, 1] 641
[0, 0, 0, 1] 654
[0, 0, 0, 1] 670
[0, 0, 0, 1] 694
[0, 0, 0, 1] 715
[0, 0, 0, 1] 723
[0, 0, 0, 1] 727
[0, 0, 0, 1] 735
[0, 0, 0, 1] 752
[0, 0, 0, 1] 837
[0, 0, 0, 1] 842
[0, 0, 0, 1] 887
[0, 0, 0, 1] 899
[0, 0, 0, 1] 934
[0, 0, 0, 1] 947
