VARIABLES 200
NB_OBJ 4
ITEMS
[1, 1, 1, 1] 5
[1, 1, 1, 1] 8
[1, 1, 1, 1] 53
[1, 1, 1, 1] 95
[1, 1, 1, 1] 113
[1, 1, 1, 1] 115
[1, 1, 1, 1] 142
[1, 1, 1, 1] 144
[1, 1, 1, 1] 169
[1, 1, 1, 1] 200
[1, 1, 1, 1] 202
[1, 1, 1, 1] 206
[1, 1, 1, 1] 209
[1, 1, 1, 1] 210
[1, 1, 1, 1] 253
[1, 1, 1, 1] 320
[1, 1, 1, 1] 329
[1, 1, 1, 1] 331
[1, 1, 1, 1] 348
[1, 1, 1, 1] 361
[1, 1, 1, 1] 397
[1, 1, 1, 1] 416
[1, 1, 1, 1] 471
[1, 1, 1, 1] 483
[1, 1, 1, 1] 509
[1, 1, 1, 1] 510
[1, 1, 1, 1] 521
[1, 1, 1, 1] 543
[1, 1, 1, 1] 575
[1, 1, 1, 1] 586
[1, 1, 1, 1] 652
[1, 1, 1, 1] 677
[1, 1, 1, 1] 678
[1, 1, 1, 1] 718
[1, 1, 1, 1] 722
[1, 1, 1, 1] 757
[1, 1, 1, 1] 765
[1, 1, 1, 1] 792
[1, 1, 1, 1] 803
[1, 1, 1, 1] 872
[1, 1, 1, 1] 955
[1, 1, 1, 1] 964
[1, 1, 1, 1] 965
[1, 1, 1, 1] 982
[1, 1, 1, 1] 991
[0, 1, 1, 1] 1
[0, 1, 1, 1] 24
[0, 1, 1, 1] 62
[0, 1, 1, 1] 71
[0, 1, 1, 1] 93
[0, 1, 1, 1] 98
[0, 1, 1, 1] 109
[0, 1, 1, 1] 171
[0, 1, 1, 1] 183
[0, 1, 1, 1] 184
[0, 1, 1, 1] 197
[0, 1, 1, 1] 211
[0, 1, 1, 1] 218
[0, 1, 1, 1] 220
[0, 1, 1, 1] 236
[0, 1, 1, 1] 256
[0, 1, 1, 1] 292
[0, 1, 1, 1] 306
[0, 1, 1, 1] 328
[0, 1, 1, 1] 377
[0, 1, 1, 1] 379
[0, 1, 1, 1] 406
[0, 1, 1, 1] 471
[0, 1, 1, 1] 471
[0, 1, 1, 1] 483
[0, 1, 1, 1] 530
[0, 1, 1, 1] 549
[0, 1, 1, 1] 555
[0, 1, 1, 1] 566
[0, 1, 1, 1] 566
[0, 1, 1, 1] 612
[0, 1, 1, 1] 623
[0, 1, 1, 1] 624
[0, 1, 1, 1] 657
[0, 1, 1, 1] 661
[0, 1, 1, 1] 690
[0, 1, 1, 1] 693
[0, 1, 1, 1] 716
[0, 1, 1, 1] 719
[0, 1, 1, 1] 751
[0, 1, 1, 1] 752
[0, 1, 1, 1] 773
[0, 1, 1, 1] 801
[0, 1, 1, 1] 882
[0, 1, 1, 1] 904
[0, 1, 1, 1] 908
[0, 1, 1, 1] 921
[0, 1, 1, 1] 957
[0, 1, 1, 1] 965
[0, 1, 1, 1] 966
[0, 1, 1, 1] 971
[0, 0, 1, 1] 13
[0, 0, 1, 1] 16
[0, 0, 1, 1] 23
[0, 0, 1, 1] 45
[0, 0, 1, 1] 58
[0, 0, 1, 1] 62
[0, 0, 1, 1] 82
[0, 0, 1, 1] 106
[0, 0, 1, 1] 117
[0, 0, 1, 1] 126
[0, 0, 1, 1] 144
[0, 0, 1, 1] 165
[0, 0, 1, 1] 265
[0, 0, 1, 1] 277
[0, 0, 1, 1] 289
[0, 0, 1, 1] 311
[0, 0, 1, 1] 311
[0, 0, 1, 1] 332
[0, 0, 1, 1] 334
[0, 0, 1, 1] 360
[0, 0, 1, 1] 367
[0, 0, 1, 1] 374
[0, 0, 1, 1] 397
[0, 0, 1, 1] 409
[0, 0, 1, 1] 411
[0, 0, 1, 1] 417
[0, 0, 1, 1] 434
[0, 0, 1, 1] 445
[0, 0, 1, 1] 462
[0, 0, 1, 1] 474
[0, 0, 1, 1] 481
[0, 0, 1, 1] 515
[0, 0, 1, 1] 523
[0, 0, 1, 1] 565
[0, 0, 1, 1] 581
[0, 0, 1, 1] 581
[0, 0, 1, 1] 584
[0, 0, 1, 1] 596
[0, 0, 1, 1] 630
[0, 0, 1, 1] 630
[0, 0, 1, 1] 638
[0, 0, 1, 1] 644
[0, 0, 1, 1] 684
[0, 0, 1, 1] 712
[0, 0, 1, 1] 734
[0, 0, 1, 1] 764
[0, 0, 1, 1] 771
[0, 0, 1, 1] 782
[0, 0, 1, 1] 796
[0, 0, 1, 1] 803
[0, 0, 1, 1] 811
[0, 0, 1, 1] 822
[0, 0, 1, 1] 849
[0, 0, 1, 1] 899
[0, 0, 1, 1] 952
[0, 0, 1, 1] 952
[0, 0, 1, 1] 961
[0, 0, 1, 1] 986
[0, 0, 0, 1] 37
[0, 0, 0, 1] 41
[0, 0, 0, 1] 41
[0, 0, 0, 1] 69
[0, 0, 0, 1] 90
[0, 0, 0, 1] 122
[0, 0, 0, 1] 143
[0, 0, 0, 1] 198
[0, 0, 0, 1] 245
[0, 0, 0, 1] 248
[0, 0, 0, 1] 249
[0, 0, 0, 1] 282
[0, 0, 0, 1] 304
[0, 0, 0, 1] 313
[0, 0, 0, 1] 352
[0, 0, 0, 1] 366
[0, 0, 0, 1] 390
[0, 0, 0, 1] 411
[0, 0, 0, 1] 417
[0, 0, 0, 1] 471
[0, 0, 0, 1] 502
[0, 0, 0, 1] 515
[0, 0, 0, 1] 529
[0, 0, 0, 1] 542
[0, 0, 0, 1] 550
[0, 0, 0, 1] 659
[0, 0, 0, 1] 671
[0, 0, 0, 1] 697
[0, 0, 0, 1] 707
[0, 0, 0, 1] 740
[0, 0, 0, 1] 758
[0, 0, 0, 1] 768
[0, 0, 0, 1] 772
[0, 0, 0, 1] 802
[0, 0, 0, 1] 808
[0, 0, 0, 1] 813
[0, 0, 0, 1] 826
[0, 0, 0, 1] 835
[0, 0, 0, 1] 846
[0, 0, 0, 1] 861
[0, 0, 0, 1] 893
[0, 0, 0, 1] 954
[0, 0, 0, 1] 954
[0, 0, 0, 1] 956
[0, 0, 0, 1] 966
[0, 0, 0, 1] 980
