VARIABLES 200
NB_OBJ 4
ITEMS
[1, 1, 1, 1] 30
[1, 1, 1, 1] 45
[1, 1, 1, 1] 59
[1, 1, 1, 1] 93
[1, 1, 1, 1] 102
[1, 1, 1, 1] 125
[1, 1, 1, 1] 139
[1, 1, 1, 1] 175
[1, 1, 1, 1] 216
[1, 1, 1, 1] 238
[1, 1, 1, 1] 326
[1, 1, 1, 1] 328
[1, 1, 1, 1] 368
[1, 1, 1, 1] 397
[1, 1, 1, 1] 398
[1, 1, 1, 1] 456
[1, 1, 1, 1] 465
[1, 1, 1, 1] 472
[1, 1, 1, 1] 520
[1, 1, 1, 1] 546
[1, 1, 1, 1] 547
[1, 1, 1, 1] 559
[1, 1, 1, 1] 582
[1, 1, 1, 1] 597
[1, 1, 1, 1] 621
[1, 1, 1, 1] 644
[1, 1, 1, 1] 674
[1, 1, 1, 1] 674
[1, 1, 1, 1] 686
[1, 1, 1, 1] 703
[1, 1, 1, 1] 708
[1, 1, 1, 1] 739
[1, 1, 1, 1] 780
[1, 1, 1, 1] 785
[1, 1, 1, 1] 802
[1, 1, 1, 1] 806
[1, 1, 1, 1] 819
[1, 1, 1, 1] 859
[1, 1, 1, 1] 872
[1, 1, 1, 1] 901
[1, 1, 1, 1] 923
[1, 1, 1, 1] 924
[1, 1, 1, 1] 924
[1, 1, 1, 1] 933
[1, 1, 1, 1] 956
[1, 1, 1, 1] 962
[1, 1, 1, 1] 966
[1, 1, 1, 1] 972
[0, 1, 1, 1] 20
[0, 1, 1, 1] 58
[0, 1, 1, 1] 68
[0, 1, 1, 1] 106
[0, 1, 1, 1] 117
[0, 1, 1, 1] 140
[0, 1, 1, 1] 145
[0, 1, 1, 1] 148
[0, 1, 1, 1] 156
[0, 1, 1, 1] 170
[0, 1, 1, 1] 203
[0, 1, 1, 1] 212
[0, 1, 1, 1] 230
[0, 1, 1, 1] 232
[0, 1, 1, 1] 240
[0, 1, 1, 1] 270
[0, 1, 1, 1] 276
[0, 1, 1, 1] 310
[0, 1, 1, 1] 312
[0, 1, 1, 1] 322
[0, 1, 1, 1] 385
[0, 1, 1, 1] 401
[0, 1, 1, 1] 425
[0, 1, 1, 1] 440
[0, 1, 1, 1] 483
[0, 1, 1, 1] 483
[0, 1, 1, 1] 499
[0, 1, 1, 1] 503
[0, 1, 1, 1] 524
[0, 1, 1, 1] 538
[0, 1, 1, 1] 545
[0, 1, 1, 1] 547
[0, 1, 1, 1] 610
[0, 1, 1, 1] 659
[0, 1, 1, 1] 678
[0, 1, 1, 1] 685
[0, 1, 1, 1] 723
[0, 1, 1, 1] 727
[0, 1, 1, 1] 776
[0, 1, 1, 1] 802
[0, 1, 1, 1] 987
[0, 1, 1, 1] 994
[0, 0, 1, 1] 80
[0, 0, 1, 1] 95
[0, 0, 1, 1] 95
[0, 0, 1, 1] 111
[0, 0, 1, 1] 171
[0, 0, 1, 1] 190
[0, 0, 1, 1] 201
[0, 0, 1, 1] 204
[0, 0, 1, 1] 251
[0, 0, 1, 1] 282
[0, 0, 1, 1] 293
[0, 0, 1, 1] 295
[0, 0, 1, 1] 297
[0, 0, 1, 1] 325
[0, 0, 1, 1] 328
[0, 0, 1, 1] 330
[0, 0, 1, 1] 396
[0, 0, 1, 1] 423
[0, 0, 1, 1] 448
[0, 0, 1, 1] 467
[0, 0, 1, 1] 496
[0, 0, 1, 1] 534
[0, 0, 1, 1] 536
[0, 0, 1, 1] 548
[0, 0, 1, 1] 549
[0, 0, 1, 1] 576
[0, 0, 1, 1] 592
[0, 0, 1, 1] 598
[0, 0, 1, 1] 602
[0, 0, 1, 1] 628
[0, 0, 1, 1] 646
[0, 0, 1, 1] 675
[0, 0, 1, 1] 682
[0, 0, 1, 1] 683
[0, 0, 1, 1] 704
[0, 0, 1, 1] 741
[0, 0, 1, 1] 741
[0, 0, 1, 1] 747
[0, 0, 1, 1] 754
[0, 0, 1, 1] 813
[0, 0, 1, 1] 838
[0, 0, 1, 1] 857
[0, 0, 1, 1] 858
[0, 0, 1, 1] 871
[0, 0, 1, 1] 877
[0, 0, 1, 1] 887
[0, 0, 1, 1] 931
[0, 0, 1, 1] 963
[0, 0, 0, 1] 5
[0, 0, 0, 1] 7
[0, 0, 0, 1] 53
[0, 0, 0, 1] 77
[0, 0, 0, 1] 84
[0, 0, 0, 1] 108
[0, 0, 0, 1] 117
[0, 0, 0, 1] 129
[0, 0, 0, 1] 143
[0, 0, 0, 1] 151
[0, 0, 0, 1] 163
[0, 0, 0, 1] 199
[0, 0, 0, 1] 201
[0, 0, 0, 1] 202
[0, 0, 0, 1] 220
[0, 0, 0, 1] 248
[0, 0, 0, 1] 254
[0, 0, 0, 1] 306
[0, 0, 0, 1] 312
[0, 0, 0, 1] 332
[0, 0, 0, 1] 338
[0, 0, 0, 1] 343
[0, 0, 0, 1] 348
[0, 0, 0, 1] 360
[0, 0, 0, 1] 390
[0, 0, 0, 1] 435
[0, 0, 0, 1] 436
[0, 0, 0, 1] 440
[0, 0, 0, 1] 444
[0, 0, 0, 1] 453
[0, 0, 0, 1] 503
[0, 0, 0, 1] 508
[0, 0, 0, 1] 532
[0, 0, 0, 1] 541
[0, 0, 0, 1] 543
[0, 0, 0, 1] 551
[0, 0, 0, 1] 576
[0, 0, 0, 1] 590
[0, 0, 0, 1] 598
[0, 0, 0, 1] 609
[0, 0, 0, 1] 619
[0, 0, 0, 1] 641
[0, 0, 0, 1] 660
[0, 0, 0, 1] 705
[0, 0, 0, 1] 707
[0, 0, 0, 1] 733
[0, 0, 0, 1] 735
[0, 0, 0, 1] 750
[0, 0, 0, 1] 765
[0, 0, 0, 1] 808
[0, 0, 0, 1] 808
[0, 0, 0, 1] 836
[0, 0, 0, 1] 867
[0, 0, 0, 1] 895
[0, 0, 0, 1] 897
[0, 0, 0, 1] 905
[0, 0, 0, 1] 913
[0, 0, 0, 1] 915
[0, 0, 0, 1] 917
[0, 0, 0, 1] 919
[0, 0, 0, 1] 923
[0, 0, 0, 1] 984
