VARIABLES 200
NB_OBJ 4
ITEMS
[1, 1, 1, 1] 74
[1, 1, 1, 1] 91
[1, 1, 1, 1] 95
[1, 1, 1, 1] 100
[1, 1, 1, 1] 114
[1, 1, 1, 1] 121
[1, 1, 1, 1] 137
[1, 1, 1, 1] 139
[1, 1, 1, 1] 157
[1, 1, 1, 1] 165
[1, 1, 1, 1] 184
[1, 1, 1, 1] 189
[1, 1, 1, 1] 192
[1, 1, 1, 1] 226
[1, 1, 1, 1] 235
[1, 1, 1, 1] 251
[1, 1, 1, 1] 298
[1, 1, 1, 1] 315
[1, 1, 1, 1] 341
[1, 1, 1, 1] 346
[1, 1, 1, 1] 348
[1, 1, 1, 1] 352
[1, 1, 1, 1] 427
[1, 1, 1, 1] 446
[1, 1, 1, 1] 501
[1, 1, 1, 1] 505
[1, 1, 1, 1] 540
[1, 1, 1, 1] 593
[1, 1, 1, 1] 604
[1, 1, 1, 1] 607
[1, 1, 1, 1] 611
[1, 1, 1, 1] 612
[1, 1, 1, 1] 655
[1, 1, 1, 1] 662
[1, 1, 1, 1] 669
[1, 1, 1, 1] 689
[1, 1, 1, 1] 727
[1, 1, 1, 1] 746
[1, 1, 1, 1] 756
[1, 1, 1, 1] 757
[1, 1, 1, 1] 776
[1, 1, 1, 1] 782
[1, 1, 1, 1] 862
[1, 1, 1, 1] 874
[1, 1, 1, 1] 891
[1, 1, 1, 1] 898
[1, 1, 1, 1] 901
[1, 1, 1, 1] 902
[1, 1, 1, 1] 904
[1, 1, 1, 1] 921
[1, 1, 1, 1] 934
[1, 1, 1, 1] 956
[1, 1, 1, 1] 969
[1, 1, 1, 1] 973
[1, 1, 1, 1] 987
[0, 1, 1, 1] 29
[0, 1, 1, 1] 67
[0, 1, 1, 1] 83
[0, 1, 1, 1] 102
[0, 1, 1, 1] 102
[0, 1, 1, 1] 118
[0, 1, 1, 1] 141
[0, 1, 1, 1] 154
[0, 1, 1, 1] 205
[0, 1, 1, 1] 214
[0, 1, 1, 1] 226
[0, 1, 1, 1] 265
[0, 1, 1, 1] 293
[0, 1, 1, 1] 294
[0, 1, 1, 1] 308
[0, 1, 1, 1] 310
[0, 1, 1, 1] 316
[0, 1, 1, 1] 321
[0, 1, 1, 1] 346
[0, 1, 1, 1] 349
[0, 1, 1, 1] 361
[0, 1, 1, 1] 387
[0, 1, 1, 1] 398
[0, 1, 1, 1] 424
[0, 1, 1, 1] 434
[0, 1, 1, 1] 434
[0, 1, 1, 1] 456
[0, 1, 1, 1] 489
[0, 1, 1, 1] 503
[0, 1, 1, 1] 509
[0, 1, 1, 1] 514
[0, 1, 1, 1] 521
[0, 1, 1, 1] 544
[0, 1, 1, 1] 552
[0, 1, 1, 1] 565
[0, 1, 1, 1] 631
[0, 1, 1, 1] 635
[0, 1, 1, 1] 641
[0, 1, 1, 1] 645
[0, 1, 1, 1] 646
[0, 1, 1, 1] 677
[0, 1, 1, 1] 685
[0, 1, 1, 1] 698
[0, 1, 1, 1] 703
[0, 1, 1, 1] 768
[0, 1, 1, 1] 769
[0, 1, 1, 1] 772
[0, 1, 1, 1] 777
[0, 1, 1, 1] 799
[0, 1, 1, 1] 842
[0, 1, 1, 1] 865
[0, 1, 1, 1] 866
[0, 1, 1, 1] 873
[0, 1, 1, 1] 939
[0, 1, 1, 1] 964
[0, 1, 1, 1] 972
[0, 1, 1, 1] 977
[0, 0, 1, 1] 5
[0, 0, 1, 1] 47
[0, 0, 1, 1] 60
[0, 0, 1, 1] 71
[0, 0, 1, 1] 83
[0, 0, 1, 1] 88
[0, 0, 1, 1] 123
[0, 0, 1, 1] 133
[0, 0, 1, 1] 163
[0, 0, 1, 1] 169
[0, 0, 1, 1] 174
[0, 0, 1, 1] 183
[0, 0, 1, 1] 202
[0, 0, 1, 1] 220
[0, 0, 1, 1] 255
[0, 0, 1, 1] 262
[0, 0, 1, 1] 305
[0, 0, 1, 1] 319
[0, 0, 1, 1] 394
[0, 0, 1, 1] 432
[0, 0, 1, 1] 490
[0, 0, 1, 1] 526
[0, 0, 1, 1] 530
[0, 0, 1, 1] 551
[0, 0, 1, 1] 571
[0, 0, 1, 1] 585
[0, 0, 1, 1] 586
[0, 0, 1, 1] 609
[0, 0, 1, 1] 657
[0, 0, 1, 1] 668
[0, 0, 1, 1] 717
[0, 0, 1, 1] 718
[0, 0, 1, 1] 770
[0, 0, 1, 1] 785
[0, 0, 1, 1] 810
[0, 0, 1, 1] 828
[0, 0, 1, 1] 843
[0, 0, 1, 1] 879
[0, 0, 1, 1] 913
[0, 0, 1, 1] 933
[0, 0, 1, 1] 964
[0, 0, 1, 1] 975
[0, 0, 1, 1] 976
[0, 0, 1, 1] 984
[0, 0, 1, 1] 999
[0, 0, 0, 1] 17
[0, 0, 0, 1] 19
[0, 0, 0, 1] 21
[0, 0, 0, 1] 23
[0, 0, 0, 1] 35
[0, 0, 0, 1] 52
[0, 0, 0, 1] 53
[0, 0, 0, 1] 84
[0, 0, 0, 1] 95
[0, 0, 0, 1] 118
[0, 0, 0, 1] 122
[0, 0, 0, 1] 139
[0, 0, 0, 1] 152
[0, 0, 0, 1] 163
[0, 0, 0, 1] 211
[0, 0, 0, 1] 239
[0, 0, 0, 1] 240
[0, 0, 0, 1] 308
[0, 0, 0, 1] 319
[0, 0, 0, 1] 329
[0, 0, 0, 1] 338
[0, 0, 0, 1] 361
[0, 0, 0, 1] 414
[0, 0, 0, 1] 428
[0, 0, 0, 1] 432
[0, 0, 0, 1] 449
[0, 0, 0, 1] 459
[0, 0, 0, 1] 466
[0, 0, 0, 1] 524
[0, 0, 0, 1] 525
[0, 0, 0, 1] 543
[0, 0, 0, 1] 580
[0, 0, 0, 1] 595
[0, 0, 0, 1] 600
[0, 0, 0, 1] 624
[0, 0, 0, 1] 702
[0, 0, 0, 1] 703
[0, 0, 0, 1] 764
[0, 0, 0, 1] 831
[0, 0, 0, 1] 838
[0, 0, 0, 1] 990
[0, 0, 0, 1] 992
[0, 0, 0, 1] 993
