VARIABLES 200
NB_OBJ 4
ITEMS
[1, 1, 1, 1] 7
[1, 1, 1, 1] 51
[1, 1, 1, 1] 63
[1, 1, 1, 1] 69
[1, 1, 1, 1] 81
[1, 1, 1, 1] 88
[1, 1, 1, 1] 90
[1, 1, 1, 1] 107
[1, 1, 1, 1] 121
[1, 1, 1, 1] 135
[1, 1, 1, 1] 157
[1, 1, 1, 1] 215
[1, 1, 1, 1] 215
[1, 1, 1, 1] 244
[1, 1, 1, 1] 252
[1, 1, 1, 1] 252
[1, 1, 1, 1] 279
[1, 1, 1, 1] 286
[1, 1, 1, 1] 291
[1, 1, 1, 1] 317
[1, 1, 1, 1] 375
[1, 1, 1, 1] 388
[1, 1, 1, 1] 397
[1, 1, 1, 1] 407
[1, 1, 1, 1] 443
[1, 1, 1, 1] 491
[1, 1, 1, 1] 503
[1, 1, 1, 1] 518
[1, 1, 1, 1] 532
[1, 1, 1, 1] 542
[1, 1, 1, 1] 565
[1, 1, 1, 1] 575
[1, 1, 1, 1] 618
[1, 1, 1, 1] 639
[1, 1, 1, 1] 646
[1, 1, 1, 1] 658
[1, 1, 1, 1] 671
[1, 1, 1, 1] 689
[1, 1, 1, 1] 757
[1, 1, 1, 1] 770
[1, 1, 1, 1] 807
[1, 1, 1, 1] 813
[1, 1, 1, 1] 831
[1, 1, 1, 1] 922
[1, 1, 1, 1] 941
[1, 1, 1, 1] 943
[1, 1, 1, 1] 944
[1, 1, 1, 1] 959
[1, 1, 1, 1] 961
[1, 1, 1, 1] 973
[1, 1, 1, 1] 977
[0, 1, 1, 1] 35
[0, 1, 1, 1] 41
[0, 1, 1, 1] 114
[0, 1, 1, 1] 131
[0, 1, 1, 1] 153
[0, 1, 1, 1] 154
[0, 1, 1, 1] 170
[0, 1, 1, 1] 181
[0, 1, 1, 1] 204
[0, 1, 1, 1] 211
[0, 1, 1, 1] 232
[0, 1, 1, 1] 238
[0, 1, 1, 1] 244
[0, 1, 1, 1] 255
[0, 1, 1, 1] 258
[0, 1, 1, 1] 287
[0, 1, 1, 1] 291
[0, 1, 1, 1] 309
[0, 1, 1, 1] 314
[0, 1, 1, 1] 380
[0, 1, 1, 1] 392
[0, 1, 1, 1] 421
[0, 1, 1, 1] 423
[0, 1, 1, 1] 424
[0, 1, 1, 1] 434
[0, 1, 1, 1] 462
[0, 1, 1, 1] 474
[0, 1, 1, 1] 484
[0, 1, 1, 1] 492
[0, 1, 1, 1] 515
[0, 1, 1, 1] 553
[0, 1, 1, 1] 558
[0, 1, 1, 1] 572
[0, 1, 1, 1] 582
[0, 1, 1, 1] 612
[0, 1, 1, 1] 626
[0, 1, 1, 1] 637
[0, 1, 1, 1] 692
[0, 1, 1, 1] 706
[0, 1, 1, 1] 718
[0, 1, 1, 1] 725
[0, 1, 1, 1] 746
[0, 1, 1, 1] 768
[0, 1, 1, 1] 822
[0, 1, 1, 1] 830
[0, 1, 1, 1] 838
[0, 1, 1, 1] 913
[0, 1, 1, 1] 960
[0, 1, 1, 1] 974
[0, 1, 1, 1] 992
[0, 1, 1, 1] 1000
[0, 0, 1, 1] 14
[0, 0, 1, 1] 15
[0, 0, 1, 1] 60
[0, 0, 1, 1] 102
[0, 0, 1, 1] 128
[0, 0, 1, 1] 166
[0, 0, 1, 1] 177
[0, 0, 1, 1] 183
[0, 0, 1, 1] 194
[0, 0, 1, 1] 231
[0, 0, 1, 1] 243
[0, 0, 1, 1] 249
[0, 0, 1, 1] 281
[0, 0, 1, 1] 307
[0, 0, 1, 1] 324
[0, 0, 1, 1] 332
[0, 0, 1, 1] 371
[0, 0, 1, 1] 396
[0, 0, 1, 1] 405
[0, 0, 1, 1] 429
[0, 0, 1, 1] 439
[0, 0, 1, 1] 454
[0, 0, 1, 1] 488
[0, 0, 1, 1] 497
[0, 0, 1, 1] 564
[0, 0, 1, 1] 588
[0, 0, 1, 1] 599
[0, 0, 1, 1] 600
[0, 0, 1, 1] 634
[0, 0, 1, 1] 646
[0, 0, 1, 1] 699
[0, 0, 1, 1] 709
[0, 0, 1, 1] 731
[0, 0, 1, 1] 737
[0, 0, 1, 1] 743
[0, 0, 1, 1] 774
[0, 0, 1, 1] 780
[0, 0, 1, 1] 791
[0, 0, 1, 1] 810
[0, 0, 1, 1] 827
[0, 0, 1, 1] 827
[0, 0, 1, 1] 853
[0, 0, 1, 1] 904
[0, 0, 1, 1] 910
[0, 0, 1, 1] 912
[0, 0, 1, 1] 912
[0, 0, 1, 1] 921
[0, 0, 1, 1] 986
[0, 0, 0, 1] 19
[0, 0, 0, 1] 34
[0, 0, 0, 1] 176
[0, 0, 0, 1] 256
[0, 0, 0, 1] 266
[0, 0, 0, 1] 281
[0, 0, 0, 1] 281
[0, 0, 0, 1] 297
[0, 0, 0, 1] 313
[0, 0, 0, 1] 319
[0, 0, 0, 1] 334
[0, 0, 0, 1] 363
[0, 0, 0, 1] 371
[0, 0, 0, 1] 430
[0, 0, 0, 1] 437
[0, 0, 0, 1] 466
[0, 0, 0, 1] 494
[0, 0, 0, 1] 498
[0, 0, 0, 1] 504
[0, 0, 0, 1] 506
[0, 0, 0, 1] 527
[0, 0, 0, 1] 541
[0, 0, 0, 1] 541
[0, 0, 0, 1] 566
[0, 0, 0, 1] 567
[0, 0, 0, 1] 574
[0, 0, 0, 1] 589
[0, 0, 0, 1] 600
[0, 0, 0, 1] 602
[0, 0, 0, 1] 606
[0, 0, 0, 1] 618
[0, 0, 0, 1] 620
[0, 0, 0, 1] 657
[0, 0, 0, 1] 724
[0, 0, 0, 1] 732
[0, 0, 0, 1] 752
[0, 0, 0, 1] 758
[0, 0, 0, 1] 826
[0, 0, 0, 1] 829
[0, 0, 0, 1] 835
[0, 0, 0, 1] 836
[0, 0, 0, 1] 848
[0, 0, 0, 1] 909
[0, 0, 0, 1] 915
[0, 0, 0, 1] 930
[0, 0, 0, 1] 931
[0, 0, 0, 1] 950
[0, 0, 0, 1] 967
[0, 0, 0, 1] 983
[0, 0, 0, 1] 990
