VARIABLES 200
NB_OBJ 4
ITEMS
[1, 1, 1, 1] 16
[1, 1, 1, 1] 37
[1, 1, 1, 1] 45
[1, 1, 1, 1] 61
[1, 1, 1, 1] 86
[1, 1, 1, 1] 117
[1, 1, 1, 1] 120
[1, 1, 1, 1] 128
[1, 1, 1, 1] 129
[1, 1, 1, 1] 131
[1, 1, 1, 1] 205
[1, 1, 1, 1] 219
[1, 1, 1, 1] 263
[1, 1, 1, 1] 265
[1, 1, 1, 1] 270
[1, 1, 1, 1] 274
[1, 1, 1, 1] 318
[1, 1, 1, 1] 357
[1, 1, 1, 1] 359
[1, 1, 1, 1] 360
[1, 1, 1, 1] 372
[1, 1, 1, 1] 376
[1, 1, 1, 1] 395
[1, 1, 1, 1] 420
[1, 1, 1, 1] 425
[1, 1, 1, 1] 436
[1, 1, 1, 1] 463
[1, 1, 1, 1] 465
[1, 1, 1, 1] 469
[1, 1, 1, 1] 473
[1, 1, 1, 1] 478
[1, 1, 1, 1] 500
[1, 1, 1, 1] 506
[1, 1, 1, 1] 515
[1, 1, 1, 1] 520
[1, 1, 1, 1] 615
[1, 1, 1, 1] 637
[1, 1, 1, 1] 643
[1, 1, 1, 1] 650
[1, 1, 1, 1] 703
[1, 1, 1, 1] 716
[1, 1, 1, 1] 732
[1, 1, 1, 1] 738
[1, 1, 1, 1] 756
[1, 1, 1, 1] 773
[1, 1, 1, 1] 779
[1, 1, 1, 1] 790
[1, 1, 1, 1] 805
[1, 1, 1, 1] 812
[1, 1, 1, 1] 859
[1, 1, 1, 1] 873
[1, 1, 1, 1] 946
[1, 1, 1, 1] 953
[1, 1, 1, 1] 973
[1, 1, 1, 1] 984
[0, 1, 1, 1] 36
[0, 1, 1, 1] 66
[0, 1, 1, 1] 97
[0, 1, 1, 1] 132
[0, 1, 1, 1] 136
[0, 1, 1, 1] 157
[0, 1, 1, 1] 161
[0, 1, 1, 1] 168
[0, 1, 1, 1] 190
[0, 1, 1, 1] 191
[0, 1, 1, 1] 194
[0, 1, 1, 1] 195
[0, 1, 1, 1] 199
[0, 1, 1, 1] 225
[0, 1, 1, 1] 230
[0, 1, 1, 1] 262
[0, 1, 1, 1] 274
[0, 1, 1, 1] 280
[0, 1, 1, 1] 307
[0, 1, 1, 1] 309
[0, 1, 1, 1] 357
[0, 1, 1, 1] 358
[0, 1, 1, 1] 385
[0, 1, 1, 1] 414
[0, 1, 1, 1] 490
[0, 1, 1, 1] 493
[0, 1, 1, 1] 494
[0, 1, 1, 1] 496
[0, 1, 1, 1] 499
[0, 1, 1, 1] 618
[0, 1, 1, 1] 631
[0, 1, 1, 1] 651
[0, 1, 1, 1] 675
[0, 1, 1, 1] 695
[0, 1, 1, 1] 718
[0, 1, 1, 1] 722
[0, 1, 1, 1] 739
[0, 1, 1, 1] 739
[0, 1, 1, 1] 757
[0, 1, 1, 1] 768
[0, 1, 1, 1] 774
[0, 1, 1, 1] 780
[0, 1, 1, 1] 782
[0, 1, 1, 1] 791
[0, 1, 1, 1] 798
[0, 1, 1, 1] 852
[0, 1, 1, 1] 862
[0, 1, 1, 1] 874
[0, 1, 1, 1] 874
[0, 1, 1, 1] 913
[0, 1, 1, 1] 921
[0, 1, 1, 1] 960
[0, 0, 1, 1] 2
[0, 0, 1, 1] 4
[0, 0, 1, 1] 10
[0, 0, 1, 1] 35
[0, 0, 1, 1] 35
[0, 0, 1, 1] 72
[0, 0, 1, 1] 86
[0, 0, 1, 1] 134
[0, 0, 1, 1] 165
[0, 0, 1, 1] 173
[0, 0, 1, 1] 174
[0, 0, 1, 1] 186
[0, 0, 1, 1] 215
[0, 0, 1, 1] 254
[0, 0, 1, 1] 257
[0, 0, 1, 1] 258
[0, 0, 1, 1] 269
[0, 0, 1, 1] 306
[0, 0, 1, 1] 309
[0, 0, 1, 1] 330
[0, 0, 1, 1] 371
[0, 0, 1, 1] 376
[0, 0, 1, 1] 420
[0, 0, 1, 1] 434
[0, 0, 1, 1] 443
[0, 0, 1, 1] 449
[0, 0, 1, 1] 500
[0, 0, 1, 1] 511
[0, 0, 1, 1] 516
[0, 0, 1, 1] 583
[0, 0, 1, 1] 586
[0, 0, 1, 1] 609
[0, 0, 1, 1] 677
[0, 0, 1, 1] 677
[0, 0, 1, 1] 710
[0, 0, 1, 1] 730
[0, 0, 1, 1] 786
[0, 0, 1, 1] 802
[0, 0, 1, 1] 847
[0, 0, 1, 1] 848
[0, 0, 1, 1] 848
[0, 0, 1, 1] 911
[0, 0, 1, 1] 916
[0, 0, 1, 1] 931
[0, 0, 1, 1] 961
[0, 0, 0, 1] 10
[0, 0, 0, 1] 15
[0, 0, 0, 1] 21
[0, 0, 0, 1] 45
[0, 0, 0, 1] 55
[0, 0, 0, 1] 56
[0, 0, 0, 1] 67
[0, 0, 0, 1] 78
[0, 0, 0, 1] 79
[0, 0, 0, 1] 89
[0, 0, 0, 1] 105
[0, 0, 0, 1] 114
[0, 0, 0, 1] 187
[0, 0, 0, 1] 220
[0, 0, 0, 1] 225
[0, 0, 0, 1] 248
[0, 0, 0, 1] 261
[0, 0, 0, 1] 264
[0, 0, 0, 1] 272
[0, 0, 0, 1] 284
[0, 0, 0, 1] 288
[0, 0, 0, 1] 301
[0, 0, 0, 1] 320
[0, 0, 0, 1] 378
[0, 0, 0, 1] 402
[0, 0, 0, 1] 449
[0, 0, 0, 1] 474
[0, 0, 0, 1] 524
[0, 0, 0, 1] 554
[0, 0, 0, 1] 558
[0, 0, 0, 1] 584
[0, 0, 0, 1] 594
[0, 0, 0, 1] 607
[0, 0, 0, 1] 646
[0, 0, 0, 1] 655
[0, 0, 0, 1] 657
[0, 0, 0, 1] 716
[0, 0, 0, 1] 731
[0, 0, 0, 1] 835
[0, 0, 0, 1] 842
[0, 0, 0, 1] 873
[0, 0, 0, 1] 877
[0, 0, 0, 1] 882
[0, 0, 0, 1] 891
[0, 0, 0, 1] 903
[0, 0, 0, 1] 922
[0, 0, 0, 1] 980
[0, 0, 0, 1] 989
