VARIABLES 200
NB_OBJ 4
ITEMS
[1, 1, 1, 1] 17
[1, 1, 1, 1] 24
[1, 1, 1, 1] 36
[1, 1, 1, 1] 45
[1, 1, 1, 1] 77
[1, 1, 1, 1] 95
[1, 1, 1, 1] 114
[1, 1, 1, 1] 115
[1, 1, 1, 1] 126
[1, 1, 1, 1] 136
[1, 1, 1, 1] 197
[1, 1, 1, 1] 221
[1, 1, 1, 1] 224
[1, 1, 1, 1] 231
[1, 1, 1, 1] 261
[1, 1, 1, 1] 267
[1, 1, 1, 1] 290
[1, 1, 1, 1] 316
[1, 1, 1, 1] 325
[1, 1, 1, 1] 354
[1, 1, 1, 1] 360
[1, 1, 1, 1] 407
[1, 1, 1, 1] 417
[1, 1, 1, 1] 431
[1, 1, 1, 1] 490
[1, 1, 1, 1] 494
[1, 1, 1, 1] 534
[1, 1, 1, 1] 541
[1, 1, 1, 1] 548
[1, 1, 1, 1] 576
[1, 1, 1, 1] 577
[1, 1, 1, 1] 584
[1, 1, 1, 1] 604
[1, 1, 1, 1] 634
[1, 1, 1, 1] 682
[1, 1, 1, 1] 683
[1, 1, 1, 1] 695
[1, 1, 1, 1] 717
[1, 1, 1, 1] 742
[1, 1, 1, 1] 754
[1, 1, 1, 1] 758
[1, 1, 1, 1] 792
[1, 1, 1, 1] 823
[1, 1, 1, 1] 828
[1, 1, 1, 1] 835
[1, 1, 1, 1] 845
[1, 1, 1, 1] 898
[1, 1, 1, 1] 920
[1, 1, 1, 1] 977
[0, 1, 1, 1] 30
[0, 1, 1, 1] 48
[0, 1, 1, 1] 50
[0, 1, 1, 1] 71
[0, 1, 1, 1] 76
[0, 1, 1, 1] 79
[0, 1, 1, 1] 95
[0, 1, 1, 1] 123
[0, 1, 1, 1] 126
[0, 1, 1, 1] 141
[0, 1, 1, 1] 143
[0, 1, 1, 1] 145
[0, 1, 1, 1] 145
[0, 1, 1, 1] 149
[0, 1, 1, 1] 180
[0, 1, 1, 1] 199
[0, 1, 1, 1] 213
[0, 1, 1, 1] 225
[0, 1, 1, 1] 238
[0, 1, 1, 1] 291
[0, 1, 1, 1] 343
[0, 1, 1, 1] 350
[0, 1, 1, 1] 352
[0, 1, 1, 1] 367
[0, 1, 1, 1] 372
[0, 1, 1, 1] 466
[0, 1, 1, 1] 480
[0, 1, 1, 1] 482
[0, 1, 1, 1] 492
[0, 1, 1, 1] 583
[0, 1, 1, 1] 595
[0, 1, 1, 1] 618
[0, 1, 1, 1] 656
[0, 1, 1, 1] 682
[0, 1, 1, 1] 682
[0, 1, 1, 1] 707
[0, 1, 1, 1] 727
[0, 1, 1, 1] 732
[0, 1, 1, 1] 737
[0, 1, 1, 1] 794
[0, 1, 1, 1] 800
[0, 1, 1, 1] 828
[0, 1, 1, 1] 841
[0, 1, 1, 1] 853
[0, 1, 1, 1] 858
[0, 1, 1, 1] 901
[0, 1, 1, 1] 930
[0, 1, 1, 1] 937
[0, 1, 1, 1] 937
[0, 1, 1, 1] 951
[0, 1, 1, 1] 952
[0, 1, 1, 1] 971
[0, 1, 1, 1] 1000
[0, 0, 1, 1] 11
[0, 0, 1, 1] 23
[0, 0, 1, 1] 37
[0, 0, 1, 1] 57
[0, 0, 1, 1] 103
[0, 0, 1, 1] 109
[0, 0, 1, 1] 124
[0, 0, 1, 1] 137
[0, 0, 1, 1] 153
[0, 0, 1, 1] 176
[0, 0, 1, 1] 184
[0, 0, 1, 1] 199
[0, 0, 1, 1] 275
[0, 0, 1, 1] 276
[0, 0, 1, 1] 314
[0, 0, 1, 1] 328
[0, 0, 1, 1] 347
[0, 0, 1, 1] 399
[0, 0, 1, 1] 403
[0, 0, 1, 1] 426
[0, 0, 1, 1] 440
[0, 0, 1, 1] 465
[0, 0, 1, 1] 505
[0, 0, 1, 1] 545
[0, 0, 1, 1] 550
[0, 0, 1, 1] 550
[0, 0, 1, 1] 587
[0, 0, 1, 1] 593
[0, 0, 1, 1] 630
[0, 0, 1, 1] 667
[0, 0, 1, 1] 680
[0, 0, 1, 1] 704
[0, 0, 1, 1] 741
[0, 0, 1, 1] 756
[0, 0, 1, 1] 765
[0, 0, 1, 1] 789
[0, 0, 1, 1] 798
[0, 0, 1, 1] 813
[0, 0, 1, 1] 816
[0, 0, 1, 1] 846
[0, 0, 1, 1] 871
[0, 0, 1, 1] 913
[0, 0, 1, 1] 987
[0, 0, 1, 1] 998
[0, 0, 0, 1] 14
[0, 0, 0, 1] 34
[0, 0, 0, 1] 54
[0, 0, 0, 1] 83
[0, 0, 0, 1] 91
[0, 0, 0, 1] 91
[0, 0, 0, 1] 106
[0, 0, 0, 1] 125
[0, 0, 0, 1] 132
[0, 0, 0, 1] 144
[0, 0, 0, 1] 155
[0, 0, 0, 1] 224
[0, 0, 0, 1] 270
[0, 0, 0, 1] 279
[0, 0, 0, 1] 317
[0, 0, 0, 1] 337
[0, 0, 0, 1] 345
[0, 0, 0, 1] 359
[0, 0, 0, 1] 364
[0, 0, 0, 1] 371
[0, 0, 0, 1] 394
[0, 0, 0, 1] 394
[0, 0, 0, 1] 406
[0, 0, 0, 1] 457
[0, 0, 0, 1] 459
[0, 0, 0, 1] 470
[0, 0, 0, 1] 472
[0, 0, 0, 1] 488
[0, 0, 0, 1] 495
[0, 0, 0, 1] 506
[0, 0, 0, 1] 543
[0, 0, 0, 1] 558
[0, 0, 0, 1] 563
[0, 0, 0, 1] 591
[0, 0, 0, 1] 591
[0, 0, 0, 1] 602
[0, 0, 0, 1] 640
[0, 0, 0, 1] 647
[0, 0, 0, 1] 667
[0, 0, 0, 1] 669
[0, 0, 0, 1] 686
[0, 0, 0, 1] 753
[0, 0, 0, 1] 759
[0, 0, 0, 1] 789
[0, 0, 0, 1] 794
[0, 0, 0, 1] 844
[0, 0, 0, 1] 875
[0, 0, 0, 1] 881
[0, 0, 0, 1] 912
[0, 0, 0, 1] 913
[0, 0, 0, 1] 925
[0, 0, 0, 1] 935
[0, 0, 0, 1] 963
[0, 0, 0, 1] 964
