VARIABLES 200
NB_OBJ 4
ITEMS
[1, 1, 1, 1] 26
[1, 1, 1, 1] 47
[1, 1, 1, 1] 52
[1, 1, 1, 1] 153
[1, 1, 1, 1] 182
[1, 1, 1, 1] 187
[1, 1, 1, 1] 204
[1, 1, 1, 1] 227
[1, 1, 1, 1] 232
[1, 1, 1, 1] 245
[1, 1, 1, 1] 301
[1, 1, 1, 1] 313
[1, 1, 1, 1] 320
[1, 1, 1, 1] 333
[1, 1, 1, 1] 338
[1, 1, 1, 1] 349
[1, 1, 1, 1] 389
[1, 1, 1, 1] 406
[1, 1, 1, 1] 410
[1, 1, 1, 1] 412
[1, 1, 1, 1] 413
[1, 1, 1, 1] 439
[1, 1, 1, 1] 484
[1, 1, 1, 1] 493
[1, 1, 1, 1] 537
[1, 1, 1, 1] 545
[1, 1, 1, 1] 560
[1, 1, 1, 1] 591
[1, 1, 1, 1] 614
[1, 1, 1, 1] 634
[1, 1, 1, 1] 656
[1, 1, 1, 1] 658
[1, 1, 1, 1] 728
[1, 1, 1, 1] 746
[1, 1, 1, 1] 762
[1, 1, 1, 1] 768
[1, 1, 1, 1] 773
[1, 1, 1, 1] 781
[1, 1, 1, 1] 786
[1, 1, 1, 1] 790
[1, 1, 1, 1] 810
[1, 1, 1, 1] 895
[1, 1, 1, 1] 908
[1, 1, 1, 1] 910
[1, 1, 1, 1] 918
[1, 1, 1, 1] 932
[1, 1, 1, 1] 941
[0, 1, 1, 1] 89
[0, 1, 1, 1] 94
[0, 1, 1, 1] 107
[0, 1, 1, 1] 116
[0, 1, 1, 1] 150
[0, 1, 1, 1] 161
[0, 1, 1, 1] 169
[0, 1, 1, 1] 193
[0, 1, 1, 1] 196
[0, 1, 1, 1] 213
[0, 1, 1, 1] 229
[0, 1, 1, 1] 234
[0, 1, 1, 1] 246
[0, 1, 1, 1] 273
[0, 1, 1, 1] 317
[0, 1, 1, 1] 330
[0, 1, 1, 1] 350
[0, 1, 1, 1] 407
[0, 1, 1, 1] 425
[0, 1, 1, 1] 430
[0, 1, 1, 1] 438
[0, 1, 1, 1] 514
[0, 1, 1, 1] 580
[0, 1, 1, 1] 593
[0, 1, 1, 1] 602
[0, 1, 1, 1] 625
[0, 1, 1, 1] 634
[0, 1, 1, 1] 643
[0, 1, 1, 1] 678
[0, 1, 1, 1] 730
[0, 1, 1, 1] 770
[0, 1, 1, 1] 796
[0, 1, 1, 1] 804
[0, 1, 1, 1] 872
[0, 1, 1, 1] 873
[0, 1, 1, 1] 883
[0, 1, 1, 1] 884
[0, 1, 1, 1] 893
[0, 1, 1, 1] 907
[0, 1, 1, 1] 911
[0, 1, 1, 1] 928
[0, 1, 1, 1] 933
[0, 1, 1, 1] 941
[0, 1, 1, 1] 972
[0, 0, 1, 1] 13
[0, 0, 1, 1] 16
[0, 0, 1, 1] 22
[0, 0, 1, 1] 33
[0, 0, 1, 1] 46
[0, 0, 1, 1] 56
[0, 0, 1, 1] 61
[0, 0, 1, 1] 90
[0, 0, 1, 1] 93
[0, 0, 1, 1] 117
[0, 0, 1, 1] 124
[0, 0, 1, 1] 136
[0, 0, 1, 1] 146
[0, 0, 1, 1] 147
[0, 0, 1, 1] 164
[0, 0, 1, 1] 165
[0, 0, 1, 1] 167
[0, 0, 1, 1] 193
[0, 0, 1, 1] 252
[0, 0, 1, 1] 258
[0, 0, 1, 1] 281
[0, 0, 1, 1] 293
[0, 0, 1, 1] 297
[0, 0, 1, 1] 302
[0, 0, 1, 1] 392
[0, 0, 1, 1] 394
[0, 0, 1, 1] 405
[0, 0, 1, 1] 420
[0, 0, 1, 1] 421
[0, 0, 1, 1] 422
[0, 0, 1, 1] 443
[0, 0, 1, 1] 448
[0, 0, 1, 1] 453
[0, 0, 1, 1] 464
[0, 0, 1, 1] 523
[0, 0, 1, 1] 529
[0, 0, 1, 1] 577
[0, 0, 1, 1] 582
[0, 0, 1, 1] 583
[0, 0, 1, 1] 587
[0, 0, 1, 1] 589
[0, 0, 1, 1] 661
[0, 0, 1, 1] 666
[0, 0, 1, 1] 675
[0, 0, 1, 1] 711
[0, 0, 1, 1] 725
[0, 0, 1, 1] 772
[0, 0, 1, 1] 780
[0, 0, 1, 1] 824
[0, 0, 1, 1] 832
[0, 0, 1, 1] 839
[0, 0, 1, 1] 854
[0, 0, 1, 1] 867
[0, 0, 1, 1] 902
[0, 0, 1, 1] 911
[0, 0, 1, 1] 983
[0, 0, 0, 1] 12
[0, 0, 0, 1] 14
[0, 0, 0, 1] 15
[0, 0, 0, 1] 34
[0, 0, 0, 1] 77
[0, 0, 0, 1] 99
[0, 0, 0, 1] 131
[0, 0, 0, 1] 156
[0, 0, 0, 1] 159
[0, 0, 0, 1] 162
[0, 0, 0, 1] 190
[0, 0, 0, 1] 222
[0, 0, 0, 1] 224
[0, 0, 0, 1] 235
[0, 0, 0, 1] 237
[0, 0, 0, 1] 246
[0, 0, 0, 1] 277
[0, 0, 0, 1] 281
[0, 0, 0, 1] 307
[0, 0, 0, 1] 318
[0, 0, 0, 1] 329
[0, 0, 0, 1] 344
[0, 0, 0, 1] 377
[0, 0, 0, 1] 383
[0, 0, 0, 1] 399
[0, 0, 0, 1] 401
[0, 0, 0, 1] 408
[0, 0, 0, 1] 438
[0, 0, 0, 1] 459
[0, 0, 0, 1] 474
[0, 0, 0, 1] 482
[0, 0, 0, 1] 487
[0, 0, 0, 1] 540
[0, 0, 0, 1] 601
[0, 0, 0, 1] 621
[0, 0, 0, 1] 631
[0, 0, 0, 1] 642
[0, 0, 0, 1] 644
[0, 0, 0, 1] 661
[0, 0, 0, 1] 666
[0, 0, 0, 1] 669
[0, 0, 0, 1] 685
[0, 0, 0, 1] 701
[0, 0, 0, 1] 745
[0, 0, 0, 1] 797
[0, 0, 0, 1] 804
[0, 0, 0, 1] 821
[0, 0, 0, 1] 826
[0, 0, 0, 1] 834
[0, 0, 0, 1] 853
[0, 0, 0, 1] 923
[0, 0, 0, 1] 956
[0, 0, 0, 1] 972
