VARIABLES 200
NB_OBJ 4
ITEMS
[1, 1, 1, 1] 45
[1, 1, 1, 1] 55
[1, 1, 1, 1] 59
[1, 1, 1, 1] 61
[1, 1, 1, 1] 68
[1, 1, 1, 1] 106
[1, 1, 1, 1] 132
[1, 1, 1, 1] 146
[1, 1, 1, 1] 189
[1, 1, 1, 1] 190
[1, 1, 1, 1] 194
[1, 1, 1, 1] 211
[1, 1, 1, 1] 216
[1, 1, 1, 1] 262
[1, 1, 1, 1] 277
[1, 1, 1, 1] 319
[1, 1, 1, 1] 342
[1, 1, 1, 1] 386
[1, 1, 1, 1] 393
[1, 1, 1, 1] 398
[1, 1, 1, 1] 406
[1, 1, 1, 1] 443
[1, 1, 1, 1] 466
[1, 1, 1, 1] 478
[1, 1, 1, 1] 495
[1, 1, 1, 1] 500
[1, 1, 1, 1] 515
[1, 1, 1, 1] 611
[1, 1, 1, 1] 656
[1, 1, 1, 1] 663
[1, 1, 1, 1] 682
[1, 1, 1, 1] 713
[1, 1, 1, 1] 806
[1, 1, 1, 1] 809
[1, 1, 1, 1] 887
[1, 1, 1, 1] 889
[1, 1, 1, 1] 891
[1, 1, 1, 1] 894
[1, 1, 1, 1] 896
[1, 1, 1, 1] 900
[1, 1, 1, 1] 932
[1, 1, 1, 1] 946
[1, 1, 1, 1] 951
[1, 1, 1, 1] 986
[0, 1, 1, 1] 5
[0, 1, 1, 1] 19
[0, 1, 1, 1] 23
[0, 1, 1, 1] 38
[0, 1, 1, 1] 50
[0, 1, 1, 1] 55
[0, 1, 1, 1] 70
[0, 1, 1, 1] 82
[0, 1, 1, 1] 87
[0, 1, 1, 1] 117
[0, 1, 1, 1] 126
[0, 1, 1, 1] 141
[0, 1, 1, 1] 187
[0, 1, 1, 1] 189
[0, 1, 1, 1] 270
[0, 1, 1, 1] 283
[0, 1, 1, 1] 302
[0, 1, 1, 1] 341
[0, 1, 1, 1] 356
[0, 1, 1, 1] 419
[0, 1, 1, 1] 420
[0, 1, 1, 1] 427
[0, 1, 1, 1] 444
[0, 1, 1, 1] 453
[0, 1, 1, 1] 473
[0, 1, 1, 1] 521
[0, 1, 1, 1] 536
[0, 1, 1, 1] 545
[0, 1, 1, 1] 547
[0, 1, 1, 1] 587
[0, 1, 1, 1] 642
[0, 1, 1, 1] 696
[0, 1, 1, 1] 704
[0, 1, 1, 1] 707
[0, 1, 1, 1] 722
[0, 1, 1, 1] 734
[0, 1, 1, 1] 760
[0, 1, 1, 1] 799
[0, 1, 1, 1] 806
[0, 1, 1, 1] 806
[0, 1, 1, 1] 861
[0, 1, 1, 1] 936
[0, 1, 1, 1] 943
[0, 1, 1, 1] 944
[0, 1, 1, 1] 957
[0, 0, 1, 1] 73
[0, 0, 1, 1] 77
[0, 0, 1, 1] 86
[0, 0, 1, 1] 96
[0, 0, 1, 1] 124
[0, 0, 1, 1] 131
[0, 0, 1, 1] 157
[0, 0, 1, 1] 167
[0, 0, 1, 1] 195
[0, 0, 1, 1] 240
[0, 0, 1, 1] 242
[0, 0, 1, 1] 246
[0, 0, 1, 1] 250
[0, 0, 1, 1] 269
[0, 0, 1, 1] 272
[0, 0, 1, 1] 293
[0, 0, 1, 1] 325
[0, 0, 1, 1] 329
[0, 0, 1, 1] 348
[0, 0, 1, 1] 351
[0, 0, 1, 1] 364
[0, 0, 1, 1] 372
[0, 0, 1, 1] 373
[0, 0, 1, 1] 376
[0, 0, 1, 1] 380
[0, 0, 1, 1] 410
[0, 0, 1, 1] 480
[0, 0, 1, 1] 494
[0, 0, 1, 1] 557
[0, 0, 1, 1] 567
[0, 0, 1, 1] 596
[0, 0, 1, 1] 617
[0, 0, 1, 1] 628
[0, 0, 1, 1] 630
[0, 0, 1, 1] 636
[0, 0, 1, 1] 640
[0, 0, 1, 1] 651
[0, 0, 1, 1] 666
[0, 0, 1, 1] 669
[0, 0, 1, 1] 698
[0, 0, 1, 1] 768
[0, 0, 1, 1] 794
[0, 0, 1, 1] 809
[0, 0, 1, 1] 811
[0, 0, 1, 1] 849
[0, 0, 1, 1] 858
[0, 0, 1, 1] 862
[0, 0, 1, 1] 934
[0, 0, 1, 1] 954
[0, 0, 1, 1] 999
[0, 0, 0, 1] 32
[0, 0, 0, 1] 41
[0, 0, 0, 1] 54
[0, 0, 0, 1] 62
[0, 0, 0, 1] 67
[0, 0, 0, 1] 72
[0, 0, 0, 1] 88
[0, 0, 0, 1] 119
[0, 0, 0, 1] 172
[0, 0, 0, 1] 172
[0, 0, 0, 1] 196
[0, 0, 0, 1] 240
[0, 0, 0, 1] 245
[0, 0, 0, 1] 250
[0, 0, 0, 1] 269
[0, 0, 0, 1] 302
[0, 0, 0, 1] 305
[0, 0, 0, 1] 319
[0, 0, 0, 1] 321
[0, 0, 0, 1] 337
[0, 0, 0, 1] 346
[0, 0, 0, 1] 370
[0, 0, 0, 1] 384
[0, 0, 0, 1] 395
[0, 0, 0, 1] 416
[0, 0, 0, 1] 422
[0, 0, 0, 1] 452
[0, 0, 0, 1] 455
[0, 0, 0, 1] 457
[0, 0, 0, 1] 471
[0, 0, 0, 1] 492
[0, 0, 0, 1] 546
[0, 0, 0, 1] 569
[0, 0, 0, 1] 589
[0, 0, 0, 1] 594
[0, 0, 0, 1] 604
[0, 0, 0, 1] 617
[0, 0, 0, 1] 638
[0, 0, 0, 1] 643
[0, 0, 0, 1] 645
[0, 0, 0, 1] 693
[0, 0, 0, 1] 716
[0, 0, 0, 1] 725
[0, 0, 0, 1] 761
[0, 0, 0, 1] 772
[0, 0, 0, 1] 775
[0, 0, 0, 1] 777
[0, 0, 0, 1] 809
[0, 0, 0, 1] 834
[0, 0, 0, 1] 863
[0, 0, 0, 1] 871
[0, 0, 0, 1] 878
[0, 0, 0, 1] 892
[0, 0, 0, 1] 899
[0, 0, 0, 1] 900
[0, 0, 0, 1] 902
[0, 0, 0, 1] 905
[0, 0, 0, 1] 920
[0, 0, 0, 1] 954
[0, 0, 0, 1] 980
[0, 0, 0, 1] 989
