VARIABLES 200
NB_OBJ 4
ITEMS
[1, 1, 1, 1] 27
[1, 1, 1, 1] 60
[1, 1, 1, 1] 62
[1, 1, 1, 1] 68
[1, 1, 1, 1] 83
[1, 1, 1, 1] 130
[1, 1, 1, 1] 186
[1, 1, 1, 1] 228
[1, 1, 1, 1] 323
[1, 1, 1, 1] 354
[1, 1, 1, 1] 361
[1, 1, 1, 1] 385
[1, 1, 1, 1] 440
[1, 1, 1, 1] 483
[1, 1, 1, 1] 510
[1, 1, 1, 1] 546
[1, 1, 1, 1] 560
[1, 1, 1, 1] 564
[1, 1, 1, 1] 574
[1, 1, 1, 1] 585
[1, 1, 1, 1] 604
[1, 1, 1, 1] 620
[1, 1, 1, 1] 638
[1, 1, 1, 1] 657
[1, 1, 1, 1] 658
[1, 1, 1, 1] 687
[1, 1, 1, 1] 809
[1, 1, 1, 1] 827
[1, 1, 1, 1] 838
[1, 1, 1, 1] 854
[1, 1, 1, 1] 862
[1, 1, 1, 1] 866
[1, 1, 1, 1] 866
[1, 1, 1, 1] 897
[1, 1, 1, 1] 908
[1, 1, 1, 1] 917
[0, 1, 1, 1] 12
[0, 1, 1, 1] 25
[0, 1, 1, 1] 26
[0, 1, 1, 1] 34
[0, 1, 1, 1] 40
[0, 1, 1, 1] 66
[0, 1, 1, 1] 69
[0, 1, 1, 1] 102
[0, 1, 1, 1] 105
[0, 1, 1, 1] 118
[0, 1, 1, 1] 178
[0, 1, 1, 1] 199
[0, 1, 1, 1] 224
[0, 1, 1, 1] 242
[0, 1, 1, 1] 251
[0, 1, 1, 1] 254
[0, 1, 1, 1] 258
[0, 1, 1, 1] 259
[0, 1, 1, 1] 269
[0, 1, 1, 1] 299
[0, 1, 1, 1] 335
[0, 1, 1, 1] 410
[0, 1, 1, 1] 418
[0, 1, 1, 1] 438
[0, 1, 1, 1] 461
[0, 1, 1, 1] 472
[0, 1, 1, 1] 504
[0, 1, 1, 1] 531
[0, 1, 1, 1] 541
[0, 1, 1, 1] 551
[0, 1, 1, 1] 553
[0, 1, 1, 1] 567
[0, 1, 1, 1] 585
[0, 1, 1, 1] 600
[0, 1, 1, 1] 601
[0, 1, 1, 1] 627
[0, 1, 1, 1] 655
[0, 1, 1, 1] 657
[0, 1, 1, 1] 696
[0, 1, 1, 1] 698
[0, 1, 1, 1] 704
[0, 1, 1, 1] 705
[0, 1, 1, 1] 731
[0, 1, 1, 1] 755
[0, 1, 1, 1] 816
[0, 1, 1, 1] 833
[0, 1, 1, 1] 880
[0, 1, 1, 1] 897
[0, 1, 1, 1] 935
[0, 1, 1, 1] 942
[0, 0, 1, 1] 22
[0, 0, 1, 1] 87
[0, 0, 1, 1] 107
[0, 0, 1, 1] 110
[0, 0, 1, 1] 139
[0, 0, 1, 1] 142
[0, 0, 1, 1] 181
[0, 0, 1, 1] 204
[0, 0, 1, 1] 207
[0, 0, 1, 1] 208
[0, 0, 1, 1] 211
[0, 0, 1, 1] 211
[0, 0, 1, 1] 243
[0, 0, 1, 1] 257
[0, 0, 1, 1] 257
[0, 0, 1, 1] 263
[0, 0, 1, 1] 295
[0, 0, 1, 1] 319
[0, 0, 1, 1] 346
[0, 0, 1, 1] 356
[0, 0, 1, 1] 396
[0, 0, 1, 1] 407
[0, 0, 1, 1] 415
[0, 0, 1, 1] 426
[0, 0, 1, 1] 474
[0, 0, 1, 1] 476
[0, 0, 1, 1] 507
[0, 0, 1, 1] 521
[0, 0, 1, 1] 542
[0, 0, 1, 1] 548
[0, 0, 1, 1] 564
[0, 0, 1, 1] 583
[0, 0, 1, 1] 611
[0, 0, 1, 1] 641
[0, 0, 1, 1] 649
[0, 0, 1, 1] 667
[0, 0, 1, 1] 719
[0, 0, 1, 1] 721
[0, 0, 1, 1] 731
[0, 0, 1, 1] 752
[0, 0, 1, 1] 761
[0, 0, 1, 1] 761
[0, 0, 1, 1] 772
[0, 0, 1, 1] 774
[0, 0, 1, 1] 776
[0, 0, 1, 1] 818
[0, 0, 1, 1] 826
[0, 0, 1, 1] 842
[0, 0, 1, 1] 854
[0, 0, 1, 1] 870
[0, 0, 1, 1] 873
[0, 0, 1, 1] 925
[0, 0, 1, 1] 938
[0, 0, 1, 1] 946
[0, 0, 1, 1] 949
[0, 0, 1, 1] 957
[0, 0, 1, 1] 962
[0, 0, 1, 1] 1000
[0, 0, 0, 1] 17
[0, 0, 0, 1] 39
[0, 0, 0, 1] 85
[0, 0, 0, 1] 125
[0, 0, 0, 1] 174
[0, 0, 0, 1] 177
[0, 0, 0, 1] 212
[0, 0, 0, 1] 225
[0, 0, 0, 1] 282
[0, 0, 0, 1] 299
[0, 0, 0, 1] 305
[0, 0, 0, 1] 322
[0, 0, 0, 1] 325
[0, 0, 0, 1] 328
[0, 0, 0, 1] 341
[0, 0, 0, 1] 379
[0, 0, 0, 1] 391
[0, 0, 0, 1] 395
[0, 0, 0, 1] 400
[0, 0, 0, 1] 449
[0, 0, 0, 1] 462
[0, 0, 0, 1] 464
[0, 0, 0, 1] 466
[0, 0, 0, 1] 480
[0, 0, 0, 1] 497
[0, 0, 0, 1] 500
[0, 0, 0, 1] 502
[0, 0, 0, 1] 507
[0, 0, 0, 1] 508
[0, 0, 0, 1] 522
[0, 0, 0, 1] 524
[0, 0, 0, 1] 543
[0, 0, 0, 1] 601
[0, 0, 0, 1] 608
[0, 0, 0, 1] 609
[0, 0, 0, 1] 618
[0, 0, 0, 1] 621
[0, 0, 0, 1] 623
[0, 0, 0, 1] 633
[0, 0, 0, 1] 643
[0, 0, 0, 1] 662
[0, 0, 0, 1] 673
[0, 0, 0, 1] 689
[0, 0, 0, 1] 742
[0, 0, 0, 1] 755
[0, 0, 0, 1] 781
[0, 0, 0, 1] 783
[0, 0, 0, 1] 790
[0, 0, 0, 1] 796
[0, 0, 0, 1] 799
[0, 0, 0, 1] 821
[0, 0, 0, 1] 836
[0, 0, 0, 1] 878
[0, 0, 0, 1] 949
[0, 0, 0, 1] 970
[0, 0, 0, 1] 987
