VARIABLES 200
NB_OBJ 4
ITEMS
[1, 1, 1, 1] 62
[1, 1, 1, 1] 63
[1, 1, 1, 1] 63
[1, 1, 1, 1] 76
[1, 1, 1, 1] 121
[1, 1, 1, 1] 243
[1, 1, 1, 1] 252
[1, 1, 1, 1] 260
[1, 1, 1, 1] 277
[1, 1, 1, 1] 318
[1, 1, 1, 1] 320
[1, 1, 1, 1] 337
[1, 1, 1, 1] 370
[1, 1, 1, 1] 416
[1, 1, 1, 1] 428
[1, 1, 1, 1] 471
[1, 1, 1, 1] 475
[1, 1, 1, 1] 506
[1, 1, 1, 1] 523
[1, 1, 1, 1] 539
[1, 1, 1, 1] 551
[1, 1, 1, 1] 573
[1, 1, 1, 1] 601
[1, 1, 1, 1] 604
[1, 1, 1, 1] 610
[1, 1, 1, 1] 622
[1, 1, 1, 1] 654
[1, 1, 1, 1] 659
[1, 1, 1, 1] 666
[1, 1, 1, 1] 670
[1, 1, 1, 1] 688
[1, 1, 1, 1] 726
[1, 1, 1, 1] 735
[1, 1, 1, 1] 764
[1, 1, 1, 1] 795
[1, 1, 1, 1] 819
[1, 1, 1, 1] 860
[1, 1, 1, 1] 862
[1, 1, 1, 1] 873
[1, 1, 1, 1] 995
[1, 1, 1, 1] 997
[0, 1, 1, 1] 6
[0, 1, 1, 1] 15
[0, 1, 1, 1] 16
[0, 1, 1, 1] 40
[0, 1, 1, 1] 49
[0, 1, 1, 1] 73
[0, 1, 1, 1] 73
[0, 1, 1, 1] 80
[0, 1, 1, 1] 89
[0, 1, 1, 1] 89
[0, 1, 1, 1] 112
[0, 1, 1, 1] 120
[0, 1, 1, 1] 154
[0, 1, 1, 1] 154
[0, 1, 1, 1] 162
[0, 1, 1, 1] 172
[0, 1, 1, 1] 183
[0, 1, 1, 1] 209
[0, 1, 1, 1] 231
[0, 1, 1, 1] 249
[0, 1, 1, 1] 250
[0, 1, 1, 1] 298
[0, 1, 1, 1] 301
[0, 1, 1, 1] 302
[0, 1, 1, 1] 315
[0, 1, 1, 1] 323
[0, 1, 1, 1] 339
[0, 1, 1, 1] 382
[0, 1, 1, 1] 384
[0, 1, 1, 1] 412
[0, 1, 1, 1] 427
[0, 1, 1, 1] 448
[0, 1, 1, 1] 452
[0, 1, 1, 1] 456
[0, 1, 1, 1] 552
[0, 1, 1, 1] 578
[0, 1, 1, 1] 596
[0, 1, 1, 1] 616
[0, 1, 1, 1] 617
[0, 1, 1, 1] 673
[0, 1, 1, 1] 684
[0, 1, 1, 1] 698
[0, 1, 1, 1] 705
[0, 1, 1, 1] 708
[0, 1, 1, 1] 710
[0, 1, 1, 1] 728
[0, 1, 1, 1] 765
[0, 1, 1, 1] 822
[0, 1, 1, 1] 853
[0, 1, 1, 1] 854
[0, 1, 1, 1] 911
[0, 1, 1, 1] 917
[0, 1, 1, 1] 940
[0, 1, 1, 1] 966
[0, 1, 1, 1] 976
[0, 0, 1, 1] 13
[0, 0, 1, 1] 35
[0, 0, 1, 1] 79
[0, 0, 1, 1] 88
[0, 0, 1, 1] 90
[0, 0, 1, 1] 102
[0, 0, 1, 1] 146
[0, 0, 1, 1] 171
[0, 0, 1, 1] 202
[0, 0, 1, 1] 209
[0, 0, 1, 1] 259
[0, 0, 1, 1] 274
[0, 0, 1, 1] 308
[0, 0, 1, 1] 406
[0, 0, 1, 1] 422
[0, 0, 1, 1] 427
[0, 0, 1, 1] 433
[0, 0, 1, 1] 479
[0, 0, 1, 1] 494
[0, 0, 1, 1] 509
[0, 0, 1, 1] 536
[0, 0, 1, 1] 545
[0, 0, 1, 1] 550
[0, 0, 1, 1] 563
[0, 0, 1, 1] 589
[0, 0, 1, 1] 617
[0, 0, 1, 1] 685
[0, 0, 1, 1] 722
[0, 0, 1, 1] 743
[0, 0, 1, 1] 747
[0, 0, 1, 1] 772
[0, 0, 1, 1] 778
[0, 0, 1, 1] 798
[0, 0, 1, 1] 856
[0, 0, 1, 1] 907
[0, 0, 1, 1] 918
[0, 0, 1, 1] 943
[0, 0, 1, 1] 969
[0, 0, 1, 1] 977
[0, 0, 0, 1] 4
[0, 0, 0, 1] 5
[0, 0, 0, 1] 10
[0, 0, 0, 1] 13
[0, 0, 0, 1] 38
[0, 0, 0, 1] 45
[0, 0, 0, 1] 56
[0, 0, 0, 1] 60
[0, 0, 0, 1] 64
[0, 0, 0, 1] 78
[0, 0, 0, 1] 92
[0, 0, 0, 1] 123
[0, 0, 0, 1] 133
[0, 0, 0, 1] 144
[0, 0, 0, 1] 163
[0, 0, 0, 1] 267
[0, 0, 0, 1] 268
[0, 0, 0, 1] 276
[0, 0, 0, 1] 286
[0, 0, 0, 1] 326
[0, 0, 0, 1] 363
[0, 0, 0, 1] 371
[0, 0, 0, 1] 374
[0, 0, 0, 1] 377
[0, 0, 0, 1] 379
[0, 0, 0, 1] 380
[0, 0, 0, 1] 386
[0, 0, 0, 1] 410
[0, 0, 0, 1] 426
[0, 0, 0, 1] 429
[0, 0, 0, 1] 450
[0, 0, 0, 1] 457
[0, 0, 0, 1] 467
[0, 0, 0, 1] 506
[0, 0, 0, 1] 538
[0, 0, 0, 1] 591
[0, 0, 0, 1] 599
[0, 0, 0, 1] 636
[0, 0, 0, 1] 642
[0, 0, 0, 1] 691
[0, 0, 0, 1] 708
[0, 0, 0, 1] 710
[0, 0, 0, 1] 712
[0, 0, 0, 1] 761
[0, 0, 0, 1] 789
[0, 0, 0, 1] 820
[0, 0, 0, 1] 834
[0, 0, 0, 1] 845
[0, 0, 0, 1] 854
[0, 0, 0, 1] 857
[0, 0, 0, 1] 864
[0, 0, 0, 1] 866
[0, 0, 0, 1] 872
[0, 0, 0, 1] 878
[0, 0, 0, 1] 900
[0, 0, 0, 1] 903
[0, 0, 0, 1] 904
[0, 0, 0, 1] 916
[0, 0, 0, 1] 920
[0, 0, 0, 1] 933
[0, 0, 0, 1] 936
[0, 0, 0, 1] 964
[0, 0, 0, 1] 974
[0, 0, 0, 1] 979
[0, 0, 0, 1] 998
