VARIABLES 200
NB_OBJ 4
ITEMS
[1, 1, 1, 1] 16
[1, 1, 1, 1] 39
[1, 1, 1, 1] 42
[1, 1, 1, 1] 62
[1, 1, 1, 1] 62
[1, 1, 1, 1] 120
[1, 1, 1, 1] 155
[1, 1, 1, 1] 178
[1, 1, 1, 1] 198
[1, 1, 1, 1] 206
[1, 1, 1, 1] 222
[1, 1, 1, 1] 223
[1, 1, 1, 1] 229
[1, 1, 1, 1] 265
[1, 1, 1, 1] 268
[1, 1, 1, 1] 302
[1, 1, 1, 1] 318
[1, 1, 1, 1] 368
[1, 1, 1, 1] 376
[1, 1, 1, 1] 420
[1, 1, 1, 1] 443
[1, 1, 1, 1] 448
[1, 1, 1, 1] 463
[1, 1, 1, 1] 484
[1, 1, 1, 1] 493
[1, 1, 1, 1] 537
[1, 1, 1, 1] 545
[1, 1, 1, 1] 558
[1, 1, 1, 1] 560
[1, 1, 1, 1] 576
[1, 1, 1, 1] 586
[1, 1, 1, 1] 602
[1, 1, 1, 1] 624
[1, 1, 1, 1] 625
[1, 1, 1, 1] 657
[1, 1, 1, 1] 680
[1, 1, 1, 1] 681
[1, 1, 1, 1] 721
[1, 1, 1, 1] 731
[1, 1, 1, 1] 746
[1, 1, 1, 1] 771
[1, 1, 1, 1] 780
[1, 1, 1, 1] 799
[1, 1, 1, 1] 850
[1, 1, 1, 1] 870
[1, 1, 1, 1] 872
[1, 1, 1, 1] 889
[1, 1, 1, 1] 907
[1, 1, 1, 1] 931
[1, 1, 1, 1] 932
[1, 1, 1, 1] 932
[1, 1, 1, 1] 944
[1, 1, 1, 1] 960
[1, 1, 1, 1] 1000
[0, 1, 1, 1] 10
[0, 1, 1, 1] 38
[0, 1, 1, 1] 39
[0, 1, 1, 1] 75
[0, 1, 1, 1] 85
[0, 1, 1, 1] 101
[0, 1, 1, 1] 113
[0, 1, 1, 1] 134
[0, 1, 1, 1] 154
[0, 1, 1, 1] 161
[0, 1, 1, 1] 179
[0, 1, 1, 1] 184
[0, 1, 1, 1] 270
[0, 1, 1, 1] 272
[0, 1, 1, 1] 277
[0, 1, 1, 1] 290
[0, 1, 1, 1] 300
[0, 1, 1, 1] 307
[0, 1, 1, 1] 347
[0, 1, 1, 1] 353
[0, 1, 1, 1] 385
[0, 1, 1, 1] 399
[0, 1, 1, 1] 427
[0, 1, 1, 1] 433
[0, 1, 1, 1] 439
[0, 1, 1, 1] 464
[0, 1, 1, 1] 475
[0, 1, 1, 1] 532
[0, 1, 1, 1] 555
[0, 1, 1, 1] 557
[0, 1, 1, 1] 557
[0, 1, 1, 1] 559
[0, 1, 1, 1] 576
[0, 1, 1, 1] 600
[0, 1, 1, 1] 623
[0, 1, 1, 1] 663
[0, 1, 1, 1] 689
[0, 1, 1, 1] 743
[0, 1, 1, 1] 755
[0, 1, 1, 1] 768
[0, 1, 1, 1] 771
[0, 1, 1, 1] 771
[0, 1, 1, 1] 777
[0, 1, 1, 1] 794
[0, 1, 1, 1] 845
[0, 1, 1, 1] 867
[0, 1, 1, 1] 892
[0, 1, 1, 1] 905
[0, 1, 1, 1] 911
[0, 1, 1, 1] 915
[0, 1, 1, 1] 926
[0, 1, 1, 1] 987
[0, 1, 1, 1] 995
[0, 0, 1, 1] 8
[0, 0, 1, 1] 11
[0, 0, 1, 1] 29
[0, 0, 1, 1] 62
[0, 0, 1, 1] 82
[0, 0, 1, 1] 90
[0, 0, 1, 1] 100
[0, 0, 1, 1] 102
[0, 0, 1, 1] 111
[0, 0, 1, 1] 134
[0, 0, 1, 1] 182
[0, 0, 1, 1] 183
[0, 0, 1, 1] 197
[0, 0, 1, 1] 212
[0, 0, 1, 1] 242
[0, 0, 1, 1] 270
[0, 0, 1, 1] 327
[0, 0, 1, 1] 349
[0, 0, 1, 1] 395
[0, 0, 1, 1] 400
[0, 0, 1, 1] 416
[0, 0, 1, 1] 447
[0, 0, 1, 1] 451
[0, 0, 1, 1] 455
[0, 0, 1, 1] 455
[0, 0, 1, 1] 466
[0, 0, 1, 1] 468
[0, 0, 1, 1] 493
[0, 0, 1, 1] 496
[0, 0, 1, 1] 508
[0, 0, 1, 1] 538
[0, 0, 1, 1] 552
[0, 0, 1, 1] 566
[0, 0, 1, 1] 570
[0, 0, 1, 1] 637
[0, 0, 1, 1] 644
[0, 0, 1, 1] 650
[0, 0, 1, 1] 650
[0, 0, 1, 1] 664
[0, 0, 1, 1] 687
[0, 0, 1, 1] 696
[0, 0, 1, 1] 752
[0, 0, 1, 1] 781
[0, 0, 1, 1] 786
[0, 0, 1, 1] 798
[0, 0, 1, 1] 806
[0, 0, 1, 1] 832
[0, 0, 1, 1] 846
[0, 0, 1, 1] 881
[0, 0, 1, 1] 886
[0, 0, 1, 1] 912
[0, 0, 1, 1] 925
[0, 0, 1, 1] 932
[0, 0, 1, 1] 964
[0, 0, 0, 1] 4
[0, 0, 0, 1] 33
[0, 0, 0, 1] 35
[0, 0, 0, 1] 36
[0, 0, 0, 1] 41
[0, 0, 0, 1] 139
[0, 0, 0, 1] 146
[0, 0, 0, 1] 194
[0, 0, 0, 1] 198
[0, 0, 0, 1] 261
[0, 0, 0, 1] 290
[0, 0, 0, 1] 369
[0, 0, 0, 1] 383
[0, 0, 0, 1] 392
[0, 0, 0, 1] 410
[0, 0, 0, 1] 416
[0, 0, 0, 1] 436
[0, 0, 0, 1] 459
[0, 0, 0, 1] 480
[0, 0, 0, 1] 481
[0, 0, 0, 1] 583
[0, 0, 0, 1] 610
[0, 0, 0, 1] 634
[0, 0, 0, 1] 634
[0, 0, 0, 1] 637
[0, 0, 0, 1] 675
[0, 0, 0, 1] 676
[0, 0, 0, 1] 692
[0, 0, 0, 1] 703
[0, 0, 0, 1] 754
[0, 0, 0, 1] 772
[0, 0, 0, 1] 785
[0, 0, 0, 1] 817
[0, 0, 0, 1] 852
[0, 0, 0, 1] 855
[0, 0, 0, 1] 871
[0, 0, 0, 1] 934
[0, 0, 0, 1] 965
[0, 0, 0, 1] 975
