VARIABLES 100
NB_OBJ 7
ITEMS
[1, 1, 1, 1, 1, 1, 1] 58
[1, 1, 1, 1, 1, 1, 1] 154
[1, 1, 1, 1, 1, 1, 1] 154
[1, 1, 1, 1, 1, 1, 1] 243
[1, 1, 1, 1, 1, 1, 1] 275
[1, 1, 1, 1, 1, 1, 1] 357
[1, 1, 1, 1, 1, 1, 1] 364
[1, 1, 1, 1, 1, 1, 1] 403
[1, 1, 1, 1, 1, 1, 1] 558
[1, 1, 1, 1, 1, 1, 1] 567
[1, 1, 1, 1, 1, 1, 1] 590
[1, 1, 1, 1, 1, 1, 1] 701
[1, 1, 1, 1, 1, 1, 1] 801
[1, 1, 1, 1, 1, 1, 1] 909
[1, 1, 1, 1, 1, 1, 1] 913
[0, 1, 1, 1, 1, 1, 1] 29
[0, 1, 1, 1, 1, 1, 1] 139
[0, 1, 1, 1, 1, 1, 1] 266
[0, 1, 1, 1, 1, 1, 1] 441
[0, 1, 1, 1, 1, 1, 1] 442
[0, 1, 1, 1, 1, 1, 1] 620
[0, 1, 1, 1, 1, 1, 1] 769
[0, 1, 1, 1, 1, 1, 1] 809
[0, 1, 1, 1, 1, 1, 1] 811
[0, 1, 1, 1, 1, 1, 1] 813
[0, 1, 1, 1, 1, 1, 1] 933
[0, 1, 1, 1, 1, 1, 1] 940
[0, 0, 1, 1, 1, 1, 1] 72
[0, 0, 1, 1, 1, 1, 1] 147
[0, 0, 1, 1, 1, 1, 1] 152
[0, 0, 1, 1, 1, 1, 1] 252
[0, 0, 1, 1, 1, 1, 1] 267
[0, 0, 1, 1, 1, 1, 1] 274
[0, 0, 1, 1, 1, 1, 1] 278
[0, 0, 1, 1, 1, 1, 1] 280
[0, 0, 1, 1, 1, 1, 1] 330
[0, 0, 1, 1, 1, 1, 1] 348
[0, 0, 1, 1, 1, 1, 1] 449
[0, 0, 1, 1, 1, 1, 1] 519
[0, 0, 1, 1, 1, 1, 1] 579
[0, 0, 1, 1, 1, 1, 1] 646
[0, 0, 1, 1, 1, 1, 1] 669
[0, 0, 1, 1, 1, 1, 1] 851
[0, 0, 1, 1, 1, 1, 1] 981
[0, 0, 1, 1, 1, 1, 1] 993
[0, 0, 0, 1, 1, 1, 1] 501
[0, 0, 0, 1, 1, 1, 1] 512
[0, 0, 0, 1, 1, 1, 1] 578
[0, 0, 0, 1, 1, 1, 1] 592
[0, 0, 0, 1, 1, 1, 1] 608
[0, 0, 0, 1, 1, 1, 1] 637
[0, 0, 0, 1, 1, 1, 1] 678
[0, 0, 0, 1, 1, 1, 1] 694
[0, 0, 0, 1, 1, 1, 1] 801
[0, 0, 0, 1, 1, 1, 1] 905
[0, 0, 0, 0, 1, 1, 1] 97
[0, 0, 0, 0, 1, 1, 1] 147
[0, 0, 0, 0, 1, 1, 1] 258
[0, 0, 0, 0, 1, 1, 1] 303
[0, 0, 0, 0, 1, 1, 1] 358
[0, 0, 0, 0, 1, 1, 1] 422
[0, 0, 0, 0, 1, 1, 1] 429
[0, 0, 0, 0, 1, 1, 1] 566
[0, 0, 0, 0, 1, 1, 1] 567
[0, 0, 0, 0, 1, 1, 1] 650
[0, 0, 0, 0, 1, 1, 1] 667
[0, 0, 0, 0, 1, 1, 1] 709
[0, 0, 0, 0, 1, 1, 1] 874
[0, 0, 0, 0, 1, 1, 1] 921
[0, 0, 0, 0, 1, 1, 1] 986
[0, 0, 0, 0, 0, 1, 1] 85
[0, 0, 0, 0, 0, 1, 1] 130
[0, 0, 0, 0, 0, 1, 1] 140
[0, 0, 0, 0, 0, 1, 1] 221
[0, 0, 0, 0, 0, 1, 1] 246
[0, 0, 0, 0, 0, 1, 1] 253
[0, 0, 0, 0, 0, 1, 1] 345
[0, 0, 0, 0, 0, 1, 1] 383
[0, 0, 0, 0, 0, 1, 1] 542
[0, 0, 0, 0, 0, 1, 1] 742
[0, 0, 0, 0, 0, 1, 1] 793
[0, 0, 0, 0, 0, 1, 1] 981
[0, 0, 0, 0, 0, 0, 1] 4
[0, 0, 0, 0, 0, 0, 1] 75
[0, 0, 0, 0, 0, 0, 1] 107
[0, 0, 0, 0, 0, 0, 1] 160
[0, 0, 0, 0, 0, 0, 1] 182
[0, 0, 0, 0, 0, 0, 1] 237
[0, 0, 0, 0, 0, 0, 1] 312
[0, 0, 0, 0, 0, 0, 1] 341
[0, 0, 0, 0, 0, 0, 1] 423
[0, 0, 0, 0, 0, 0, 1] 473
[0, 0, 0, 0, 0, 0, 1] 475
[0, 0, 0, 0, 0, 0, 1] 545
[0, 0, 0, 0, 0, 0, 1] 568
[0, 0, 0, 0, 0, 0, 1] 683
[0, 0, 0, 0, 0, 0, 1] 737
[0, 0, 0, 0, 0, 0, 1] 756
[0, 0, 0, 0, 0, 0, 1] 903
[0, 0, 0, 0, 0, 0, 1] 992
