VARIABLES 100
NB_OBJ 7
ITEMS
[1, 1, 1, 1, 1, 1, 1] 121
[1, 1, 1, 1, 1, 1, 1] 136
[1, 1, 1, 1, 1, 1, 1] 142
[1, 1, 1, 1, 1, 1, 1] 160
[1, 1, 1, 1, 1, 1, 1] 388
[1, 1, 1, 1, 1, 1, 1] 432
[1, 1, 1, 1, 1, 1, 1] 500
[1, 1, 1, 1, 1, 1, 1] 567
[1, 1, 1, 1, 1, 1, 1] 826
[1, 1, 1, 1, 1, 1, 1] 930
[1, 1, 1, 1, 1, 1, 1] 940
[0, 1, 1, 1, 1, 1, 1] 193
[0, 1, 1, 1, 1, 1, 1] 315
[0, 1, 1, 1, 1, 1, 1] 360
[0, 1, 1, 1, 1, 1, 1] 423
[0, 1, 1, 1, 1, 1, 1] 428
[0, 1, 1, 1, 1, 1, 1] 712
[0, 1, 1, 1, 1, 1, 1] 794
[0, 1, 1, 1, 1, 1, 1] 814
[0, 1, 1, 1, 1, 1, 1] 852
[0, 1, 1, 1, 1, 1, 1] 984
[0, 0, 1, 1, 1, 1, 1] 148
[0, 0, 1, 1, 1, 1, 1] 280
[0, 0, 1, 1, 1, 1, 1] 299
[0, 0, 1, 1, 1, 1, 1] 341
[0, 0, 1, 1, 1, 1, 1] 356
[0, 0, 1, 1, 1, 1, 1] 405
[0, 0, 1, 1, 1, 1, 1] 414
[0, 0, 1, 1, 1, 1, 1] 651
[0, 0, 1, 1, 1, 1, 1] 653
[0, 0, 1, 1, 1, 1, 1] 758
[0, 0, 1, 1, 1, 1, 1] 845
[0, 0, 1, 1, 1, 1, 1] 969
[0, 0, 1, 1, 1, 1, 1] 973
[0, 0, 1, 1, 1, 1, 1] 995
[0, 0, 1, 1, 1, 1, 1] 996
[0, 0, 0, 1, 1, 1, 1] 7
[0, 0, 0, 1, 1, 1, 1] 10
[0, 0, 0, 1, 1, 1, 1] 105
[0, 0, 0, 1, 1, 1, 1] 389
[0, 0, 0, 1, 1, 1, 1] 397
[0, 0, 0, 1, 1, 1, 1] 471
[0, 0, 0, 1, 1, 1, 1] 606
[0, 0, 0, 1, 1, 1, 1] 619
[0, 0, 0, 1, 1, 1, 1] 630
[0, 0, 0, 1, 1, 1, 1] 654
[0, 0, 0, 0, 1, 1, 1] 24
[0, 0, 0, 0, 1, 1, 1] 84
[0, 0, 0, 0, 1, 1, 1] 163
[0, 0, 0, 0, 1, 1, 1] 192
[0, 0, 0, 0, 1, 1, 1] 227
[0, 0, 0, 0, 1, 1, 1] 318
[0, 0, 0, 0, 1, 1, 1] 356
[0, 0, 0, 0, 1, 1, 1] 364
[0, 0, 0, 0, 1, 1, 1] 408
[0, 0, 0, 0, 1, 1, 1] 457
[0, 0, 0, 0, 1, 1, 1] 494
[0, 0, 0, 0, 1, 1, 1] 512
[0, 0, 0, 0, 1, 1, 1] 557
[0, 0, 0, 0, 1, 1, 1] 625
[0, 0, 0, 0, 1, 1, 1] 630
[0, 0, 0, 0, 1, 1, 1] 648
[0, 0, 0, 0, 1, 1, 1] 706
[0, 0, 0, 0, 1, 1, 1] 710
[0, 0, 0, 0, 1, 1, 1] 752
[0, 0, 0, 0, 1, 1, 1] 825
[0, 0, 0, 0, 1, 1, 1] 876
[0, 0, 0, 0, 1, 1, 1] 903
[0, 0, 0, 0, 0, 1, 1] 12
[0, 0, 0, 0, 0, 1, 1] 18
[0, 0, 0, 0, 0, 1, 1] 147
[0, 0, 0, 0, 0, 1, 1] 259
[0, 0, 0, 0, 0, 1, 1] 373
[0, 0, 0, 0, 0, 1, 1] 480
[0, 0, 0, 0, 0, 1, 1] 502
[0, 0, 0, 0, 0, 1, 1] 534
[0, 0, 0, 0, 0, 1, 1] 619
[0, 0, 0, 0, 0, 1, 1] 724
[0, 0, 0, 0, 0, 1, 1] 737
[0, 0, 0, 0, 0, 1, 1] 739
[0, 0, 0, 0, 0, 1, 1] 799
[0, 0, 0, 0, 0, 1, 1] 853
[0, 0, 0, 0, 0, 1, 1] 854
[0, 0, 0, 0, 0, 0, 1] 14
[0, 0, 0, 0, 0, 0, 1] 25
[0, 0, 0, 0, 0, 0, 1] 33
[0, 0, 0, 0, 0, 0, 1] 122
[0, 0, 0, 0, 0, 0, 1] 171
[0, 0, 0, 0, 0, 0, 1] 203
[0, 0, 0, 0, 0, 0, 1] 457
[0, 0, 0, 0, 0, 0, 1] 463
[0, 0, 0, 0, 0, 0, 1] 647
[0, 0, 0, 0, 0, 0, 1] 720
[0, 0, 0, 0, 0, 0, 1] 756
[0, 0, 0, 0, 0, 0, 1] 820
[0, 0, 0, 0, 0, 0, 1] 836
[0, 0, 0, 0, 0, 0, 1] 908
[0, 0, 0, 0, 0, 0, 1] 932
[0, 0, 0, 0, 0, 0, 1] 953
[0, 0, 0, 0, 0, 0, 1] 974
