VARIABLES 100
NB_OBJ 7
ITEMS
[1, 1, 1, 1, 1, 1, 1] 56
[1, 1, 1, 1, 1, 1, 1] 72
[1, 1, 1, 1, 1, 1, 1] 74
[1, 1, 1, 1, 1, 1, 1] 237
[1, 1, 1, 1, 1, 1, 1] 371
[1, 1, 1, 1, 1, 1, 1] 411
[1, 1, 1, 1, 1, 1, 1] 441
[1, 1, 1, 1, 1, 1, 1] 448
[1, 1, 1, 1, 1, 1, 1] 465
[1, 1, 1, 1, 1, 1, 1] 479
[1, 1, 1, 1, 1, 1, 1] 794
[1, 1, 1, 1, 1, 1, 1] 802
[1, 1, 1, 1, 1, 1, 1] 857
[1, 1, 1, 1, 1, 1, 1] 889
[1, 1, 1, 1, 1, 1, 1] 918
[1, 1, 1, 1, 1, 1, 1] 980
[0, 1, 1, 1, 1, 1, 1] 13
[0, 1, 1, 1, 1, 1, 1] 29
[0, 1, 1, 1, 1, 1, 1] 61
[0, 1, 1, 1, 1, 1, 1] 63
[0, 1, 1, 1, 1, 1, 1] 189
[0, 1, 1, 1, 1, 1, 1] 198
[0, 1, 1, 1, 1, 1, 1] 218
[0, 1, 1, 1, 1, 1, 1] 252
[0, 1, 1, 1, 1, 1, 1] 407
[0, 1, 1, 1, 1, 1, 1] 558
[0, 1, 1, 1, 1, 1, 1] 695
[0, 1, 1, 1, 1, 1, 1] 751
[0, 1, 1, 1, 1, 1, 1] 930
[0, 1, 1, 1, 1, 1, 1] 978
[0, 0, 1, 1, 1, 1, 1] 173
[0, 0, 1, 1, 1, 1, 1] 210
[0, 0, 1, 1, 1, 1, 1] 329
[0, 0, 1, 1, 1, 1, 1] 416
[0, 0, 1, 1, 1, 1, 1] 460
[0, 0, 1, 1, 1, 1, 1] 477
[0, 0, 1, 1, 1, 1, 1] 614
[0, 0, 1, 1, 1, 1, 1] 728
[0, 0, 1, 1, 1, 1, 1] 790
[0, 0, 1, 1, 1, 1, 1] 793
[0, 0, 1, 1, 1, 1, 1] 793
[0, 0, 1, 1, 1, 1, 1] 854
[0, 0, 1, 1, 1, 1, 1] 895
[0, 0, 1, 1, 1, 1, 1] 934
[0, 0, 1, 1, 1, 1, 1] 970
[0, 0, 0, 1, 1, 1, 1] 69
[0, 0, 0, 1, 1, 1, 1] 124
[0, 0, 0, 1, 1, 1, 1] 218
[0, 0, 0, 1, 1, 1, 1] 289
[0, 0, 0, 1, 1, 1, 1] 393
[0, 0, 0, 1, 1, 1, 1] 445
[0, 0, 0, 1, 1, 1, 1] 703
[0, 0, 0, 1, 1, 1, 1] 708
[0, 0, 0, 1, 1, 1, 1] 817
[0, 0, 0, 1, 1, 1, 1] 900
[0, 0, 0, 0, 1, 1, 1] 168
[0, 0, 0, 0, 1, 1, 1] 173
[0, 0, 0, 0, 1, 1, 1] 198
[0, 0, 0, 0, 1, 1, 1] 222
[0, 0, 0, 0, 1, 1, 1] 256
[0, 0, 0, 0, 1, 1, 1] 266
[0, 0, 0, 0, 1, 1, 1] 337
[0, 0, 0, 0, 1, 1, 1] 350
[0, 0, 0, 0, 1, 1, 1] 387
[0, 0, 0, 0, 1, 1, 1] 390
[0, 0, 0, 0, 1, 1, 1] 487
[0, 0, 0, 0, 1, 1, 1] 524
[0, 0, 0, 0, 1, 1, 1] 603
[0, 0, 0, 0, 1, 1, 1] 617
[0, 0, 0, 0, 1, 1, 1] 667
[0, 0, 0, 0, 1, 1, 1] 729
[0, 0, 0, 0, 1, 1, 1] 864
[0, 0, 0, 0, 1, 1, 1] 993
[0, 0, 0, 0, 0, 1, 1] 95
[0, 0, 0, 0, 0, 1, 1] 104
[0, 0, 0, 0, 0, 1, 1] 156
[0, 0, 0, 0, 0, 1, 1] 345
[0, 0, 0, 0, 0, 1, 1] 356
[0, 0, 0, 0, 0, 1, 1] 370
[0, 0, 0, 0, 0, 1, 1] 459
[0, 0, 0, 0, 0, 1, 1] 915
[0, 0, 0, 0, 0, 1, 1] 982
[0, 0, 0, 0, 0, 0, 1] 27
[0, 0, 0, 0, 0, 0, 1] 35
[0, 0, 0, 0, 0, 0, 1] 112
[0, 0, 0, 0, 0, 0, 1] 162
[0, 0, 0, 0, 0, 0, 1] 294
[0, 0, 0, 0, 0, 0, 1] 307
[0, 0, 0, 0, 0, 0, 1] 333
[0, 0, 0, 0, 0, 0, 1] 461
[0, 0, 0, 0, 0, 0, 1] 499
[0, 0, 0, 0, 0, 0, 1] 506
[0, 0, 0, 0, 0, 0, 1] 536
[0, 0, 0, 0, 0, 0, 1] 590
[0, 0, 0, 0, 0, 0, 1] 642
[0, 0, 0, 0, 0, 0, 1] 676
[0, 0, 0, 0, 0, 0, 1] 680
[0, 0, 0, 0, 0, 0, 1] 740
[0, 0, 0, 0, 0, 0, 1] 856
[0, 0, 0, 0, 0, 0, 1] 955
