VARIABLES 100
NB_OBJ 7
ITEMS
[1, 1, 1, 1, 1, 1, 1] 36
[1, 1, 1, 1, 1, 1, 1] 213
[1, 1, 1, 1, 1, 1, 1] 269
[1, 1, 1, 1, 1, 1, 1] 453
[1, 1, 1, 1, 1, 1, 1] 493
[1, 1, 1, 1, 1, 1, 1] 542
[1, 1, 1, 1, 1, 1, 1] 630
[1, 1, 1, 1, 1, 1, 1] 663
[1, 1, 1, 1, 1, 1, 1] 711
[1, 1, 1, 1, 1, 1, 1] 954
[1, 1, 1, 1, 1, 1, 1] 998
[0, 1, 1, 1, 1, 1, 1] 123
[0, 1, 1, 1, 1, 1, 1] 150
[0, 1, 1, 1, 1, 1, 1] 155
[0, 1, 1, 1, 1, 1, 1] 202
[0, 1, 1, 1, 1, 1, 1] 246
[0, 1, 1, 1, 1, 1, 1] 312
[0, 1, 1, 1, 1, 1, 1] 479
[0, 1, 1, 1, 1, 1, 1] 504
[0, 1, 1, 1, 1, 1, 1] 541
[0, 1, 1, 1, 1, 1, 1] 602
[0, 1, 1, 1, 1, 1, 1] 603
[0, 1, 1, 1, 1, 1, 1] 633
[0, 1, 1, 1, 1, 1, 1] 665
[0, 1, 1, 1, 1, 1, 1] 684
[0, 1, 1, 1, 1, 1, 1] 740
[0, 1, 1, 1, 1, 1, 1] 842
[0, 1, 1, 1, 1, 1, 1] 901
[0, 1, 1, 1, 1, 1, 1] 915
[0, 0, 1, 1, 1, 1, 1] 54
[0, 0, 1, 1, 1, 1, 1] 120
[0, 0, 1, 1, 1, 1, 1] 131
[0, 0, 1, 1, 1, 1, 1] 138
[0, 0, 1, 1, 1, 1, 1] 157
[0, 0, 1, 1, 1, 1, 1] 183
[0, 0, 1, 1, 1, 1, 1] 205
[0, 0, 1, 1, 1, 1, 1] 206
[0, 0, 1, 1, 1, 1, 1] 244
[0, 0, 1, 1, 1, 1, 1] 414
[0, 0, 1, 1, 1, 1, 1] 549
[0, 0, 1, 1, 1, 1, 1] 557
[0, 0, 1, 1, 1, 1, 1] 597
[0, 0, 1, 1, 1, 1, 1] 715
[0, 0, 1, 1, 1, 1, 1] 756
[0, 0, 1, 1, 1, 1, 1] 802
[0, 0, 1, 1, 1, 1, 1] 986
[0, 0, 0, 1, 1, 1, 1] 19
[0, 0, 0, 1, 1, 1, 1] 114
[0, 0, 0, 1, 1, 1, 1] 272
[0, 0, 0, 1, 1, 1, 1] 278
[0, 0, 0, 1, 1, 1, 1] 289
[0, 0, 0, 1, 1, 1, 1] 383
[0, 0, 0, 1, 1, 1, 1] 663
[0, 0, 0, 1, 1, 1, 1] 671
[0, 0, 0, 1, 1, 1, 1] 807
[0, 0, 0, 1, 1, 1, 1] 812
[0, 0, 0, 1, 1, 1, 1] 865
[0, 0, 0, 1, 1, 1, 1] 879
[0, 0, 0, 1, 1, 1, 1] 909
[0, 0, 0, 0, 1, 1, 1] 50
[0, 0, 0, 0, 1, 1, 1] 76
[0, 0, 0, 0, 1, 1, 1] 191
[0, 0, 0, 0, 1, 1, 1] 193
[0, 0, 0, 0, 1, 1, 1] 237
[0, 0, 0, 0, 1, 1, 1] 246
[0, 0, 0, 0, 1, 1, 1] 367
[0, 0, 0, 0, 1, 1, 1] 420
[0, 0, 0, 0, 1, 1, 1] 558
[0, 0, 0, 0, 1, 1, 1] 659
[0, 0, 0, 0, 0, 1, 1] 24
[0, 0, 0, 0, 0, 1, 1] 56
[0, 0, 0, 0, 0, 1, 1] 144
[0, 0, 0, 0, 0, 1, 1] 206
[0, 0, 0, 0, 0, 1, 1] 456
[0, 0, 0, 0, 0, 1, 1] 473
[0, 0, 0, 0, 0, 1, 1] 614
[0, 0, 0, 0, 0, 1, 1] 623
[0, 0, 0, 0, 0, 1, 1] 633
[0, 0, 0, 0, 0, 1, 1] 633
[0, 0, 0, 0, 0, 1, 1] 794
[0, 0, 0, 0, 0, 1, 1] 858
[0, 0, 0, 0, 0, 1, 1] 903
[0, 0, 0, 0, 0, 1, 1] 943
[0, 0, 0, 0, 0, 1, 1] 949
[0, 0, 0, 0, 0, 1, 1] 975
[0, 0, 0, 0, 0, 0, 1] 10
[0, 0, 0, 0, 0, 0, 1] 33
[0, 0, 0, 0, 0, 0, 1] 128
[0, 0, 0, 0, 0, 0, 1] 154
[0, 0, 0, 0, 0, 0, 1] 286
[0, 0, 0, 0, 0, 0, 1] 311
[0, 0, 0, 0, 0, 0, 1] 400
[0, 0, 0, 0, 0, 0, 1] 429
[0, 0, 0, 0, 0, 0, 1] 435
[0, 0, 0, 0, 0, 0, 1] 466
[0, 0, 0, 0, 0, 0, 1] 678
[0, 0, 0, 0, 0, 0, 1] 763
[0, 0, 0, 0, 0, 0, 1] 921
[0, 0, 0, 0, 0, 0, 1] 960
[0, 0, 0, 0, 0, 0, 1] 971
