VARIABLES 100
NB_OBJ 7
ITEMS
[1, 1, 1, 1, 1, 1, 1] 29
[1, 1, 1, 1, 1, 1, 1] 157
[1, 1, 1, 1, 1, 1, 1] 329
[1, 1, 1, 1, 1, 1, 1] 334
[1, 1, 1, 1, 1, 1, 1] 336
[1, 1, 1, 1, 1, 1, 1] 362
[1, 1, 1, 1, 1, 1, 1] 363
[1, 1, 1, 1, 1, 1, 1] 458
[1, 1, 1, 1, 1, 1, 1] 579
[1, 1, 1, 1, 1, 1, 1] 740
[1, 1, 1, 1, 1, 1, 1] 843
[1, 1, 1, 1, 1, 1, 1] 861
[1, 1, 1, 1, 1, 1, 1] 883
[1, 1, 1, 1, 1, 1, 1] 980
[1, 1, 1, 1, 1, 1, 1] 992
[1, 1, 1, 1, 1, 1, 1] 993
[0, 1, 1, 1, 1, 1, 1] 20
[0, 1, 1, 1, 1, 1, 1] 50
[0, 1, 1, 1, 1, 1, 1] 84
[0, 1, 1, 1, 1, 1, 1] 97
[0, 1, 1, 1, 1, 1, 1] 221
[0, 1, 1, 1, 1, 1, 1] 242
[0, 1, 1, 1, 1, 1, 1] 358
[0, 1, 1, 1, 1, 1, 1] 433
[0, 1, 1, 1, 1, 1, 1] 443
[0, 1, 1, 1, 1, 1, 1] 460
[0, 1, 1, 1, 1, 1, 1] 653
[0, 0, 1, 1, 1, 1, 1] 5
[0, 0, 1, 1, 1, 1, 1] 373
[0, 0, 1, 1, 1, 1, 1] 396
[0, 0, 1, 1, 1, 1, 1] 425
[0, 0, 1, 1, 1, 1, 1] 432
[0, 0, 1, 1, 1, 1, 1] 454
[0, 0, 1, 1, 1, 1, 1] 508
[0, 0, 1, 1, 1, 1, 1] 589
[0, 0, 1, 1, 1, 1, 1] 626
[0, 0, 1, 1, 1, 1, 1] 796
[0, 0, 1, 1, 1, 1, 1] 825
[0, 0, 1, 1, 1, 1, 1] 831
[0, 0, 1, 1, 1, 1, 1] 838
[0, 0, 1, 1, 1, 1, 1] 950
[0, 0, 1, 1, 1, 1, 1] 958
[0, 0, 0, 1, 1, 1, 1] 69
[0, 0, 0, 1, 1, 1, 1] 90
[0, 0, 0, 1, 1, 1, 1] 244
[0, 0, 0, 1, 1, 1, 1] 260
[0, 0, 0, 1, 1, 1, 1] 286
[0, 0, 0, 1, 1, 1, 1] 306
[0, 0, 0, 1, 1, 1, 1] 314
[0, 0, 0, 1, 1, 1, 1] 410
[0, 0, 0, 1, 1, 1, 1] 497
[0, 0, 0, 1, 1, 1, 1] 512
[0, 0, 0, 1, 1, 1, 1] 607
[0, 0, 0, 1, 1, 1, 1] 698
[0, 0, 0, 1, 1, 1, 1] 720
[0, 0, 0, 1, 1, 1, 1] 818
[0, 0, 0, 1, 1, 1, 1] 823
[0, 0, 0, 1, 1, 1, 1] 832
[0, 0, 0, 1, 1, 1, 1] 865
[0, 0, 0, 1, 1, 1, 1] 955
[0, 0, 0, 1, 1, 1, 1] 962
[0, 0, 0, 0, 1, 1, 1] 53
[0, 0, 0, 0, 1, 1, 1] 245
[0, 0, 0, 0, 1, 1, 1] 285
[0, 0, 0, 0, 1, 1, 1] 290
[0, 0, 0, 0, 1, 1, 1] 381
[0, 0, 0, 0, 1, 1, 1] 402
[0, 0, 0, 0, 1, 1, 1] 427
[0, 0, 0, 0, 1, 1, 1] 435
[0, 0, 0, 0, 1, 1, 1] 950
[0, 0, 0, 0, 1, 1, 1] 953
[0, 0, 0, 0, 1, 1, 1] 970
[0, 0, 0, 0, 1, 1, 1] 998
[0, 0, 0, 0, 0, 1, 1] 36
[0, 0, 0, 0, 0, 1, 1] 75
[0, 0, 0, 0, 0, 1, 1] 118
[0, 0, 0, 0, 0, 1, 1] 231
[0, 0, 0, 0, 0, 1, 1] 278
[0, 0, 0, 0, 0, 1, 1] 296
[0, 0, 0, 0, 0, 1, 1] 406
[0, 0, 0, 0, 0, 1, 1] 487
[0, 0, 0, 0, 0, 1, 1] 561
[0, 0, 0, 0, 0, 1, 1] 779
[0, 0, 0, 0, 0, 1, 1] 784
[0, 0, 0, 0, 0, 1, 1] 852
[0, 0, 0, 0, 0, 1, 1] 899
[0, 0, 0, 0, 0, 1, 1] 954
[0, 0, 0, 0, 0, 1, 1] 958
[0, 0, 0, 0, 0, 0, 1] 37
[0, 0, 0, 0, 0, 0, 1] 321
[0, 0, 0, 0, 0, 0, 1] 338
[0, 0, 0, 0, 0, 0, 1] 376
[0, 0, 0, 0, 0, 0, 1] 387
[0, 0, 0, 0, 0, 0, 1] 400
[0, 0, 0, 0, 0, 0, 1] 430
[0, 0, 0, 0, 0, 0, 1] 485
[0, 0, 0, 0, 0, 0, 1] 495
[0, 0, 0, 0, 0, 0, 1] 615
[0, 0, 0, 0, 0, 0, 1] 666
[0, 0, 0, 0, 0, 0, 1] 764
