VARIABLES 100
NB_OBJ 7
ITEMS
[1, 1, 1, 1, 1, 1, 1] 21
[1, 1, 1, 1, 1, 1, 1] 25
[1, 1, 1, 1, 1, 1, 1] 39
[1, 1, 1, 1, 1, 1, 1] 50
[1, 1, 1, 1, 1, 1, 1] 147
[1, 1, 1, 1, 1, 1, 1] 218
[1, 1, 1, 1, 1, 1, 1] 245
[1, 1, 1, 1, 1, 1, 1] 425
[1, 1, 1, 1, 1, 1, 1] 482
[1, 1, 1, 1, 1, 1, 1] 601
[1, 1, 1, 1, 1, 1, 1] 700
[1, 1, 1, 1, 1, 1, 1] 775
[1, 1, 1, 1, 1, 1, 1] 810
[1, 1, 1, 1, 1, 1, 1] 888
[1, 1, 1, 1, 1, 1, 1] 926
[1, 1, 1, 1, 1, 1, 1] 945
[0, 1, 1, 1, 1, 1, 1] 140
[0, 1, 1, 1, 1, 1, 1] 181
[0, 1, 1, 1, 1, 1, 1] 238
[0, 1, 1, 1, 1, 1, 1] 284
[0, 1, 1, 1, 1, 1, 1] 317
[0, 1, 1, 1, 1, 1, 1] 326
[0, 1, 1, 1, 1, 1, 1] 348
[0, 1, 1, 1, 1, 1, 1] 474
[0, 1, 1, 1, 1, 1, 1] 619
[0, 1, 1, 1, 1, 1, 1] 736
[0, 1, 1, 1, 1, 1, 1] 829
[0, 1, 1, 1, 1, 1, 1] 833
[0, 1, 1, 1, 1, 1, 1] 907
[0, 1, 1, 1, 1, 1, 1] 998
[0, 0, 1, 1, 1, 1, 1] 167
[0, 0, 1, 1, 1, 1, 1] 213
[0, 0, 1, 1, 1, 1, 1] 257
[0, 0, 1, 1, 1, 1, 1] 261
[0, 0, 1, 1, 1, 1, 1] 274
[0, 0, 1, 1, 1, 1, 1] 359
[0, 0, 1, 1, 1, 1, 1] 367
[0, 0, 1, 1, 1, 1, 1] 462
[0, 0, 1, 1, 1, 1, 1] 499
[0, 0, 1, 1, 1, 1, 1] 512
[0, 0, 1, 1, 1, 1, 1] 626
[0, 0, 1, 1, 1, 1, 1] 686
[0, 0, 1, 1, 1, 1, 1] 808
[0, 0, 1, 1, 1, 1, 1] 843
[0, 0, 0, 1, 1, 1, 1] 91
[0, 0, 0, 1, 1, 1, 1] 160
[0, 0, 0, 1, 1, 1, 1] 365
[0, 0, 0, 1, 1, 1, 1] 379
[0, 0, 0, 1, 1, 1, 1] 409
[0, 0, 0, 1, 1, 1, 1] 413
[0, 0, 0, 1, 1, 1, 1] 436
[0, 0, 0, 1, 1, 1, 1] 440
[0, 0, 0, 1, 1, 1, 1] 455
[0, 0, 0, 1, 1, 1, 1] 645
[0, 0, 0, 1, 1, 1, 1] 664
[0, 0, 0, 1, 1, 1, 1] 699
[0, 0, 0, 0, 1, 1, 1] 285
[0, 0, 0, 0, 1, 1, 1] 291
[0, 0, 0, 0, 1, 1, 1] 355
[0, 0, 0, 0, 1, 1, 1] 358
[0, 0, 0, 0, 1, 1, 1] 372
[0, 0, 0, 0, 1, 1, 1] 416
[0, 0, 0, 0, 1, 1, 1] 449
[0, 0, 0, 0, 1, 1, 1] 519
[0, 0, 0, 0, 1, 1, 1] 540
[0, 0, 0, 0, 1, 1, 1] 879
[0, 0, 0, 0, 1, 1, 1] 926
[0, 0, 0, 0, 1, 1, 1] 929
[0, 0, 0, 0, 0, 1, 1] 7
[0, 0, 0, 0, 0, 1, 1] 247
[0, 0, 0, 0, 0, 1, 1] 249
[0, 0, 0, 0, 0, 1, 1] 332
[0, 0, 0, 0, 0, 1, 1] 341
[0, 0, 0, 0, 0, 1, 1] 348
[0, 0, 0, 0, 0, 1, 1] 360
[0, 0, 0, 0, 0, 1, 1] 479
[0, 0, 0, 0, 0, 1, 1] 489
[0, 0, 0, 0, 0, 1, 1] 610
[0, 0, 0, 0, 0, 1, 1] 707
[0, 0, 0, 0, 0, 1, 1] 819
[0, 0, 0, 0, 0, 1, 1] 879
[0, 0, 0, 0, 0, 1, 1] 903
[0, 0, 0, 0, 0, 1, 1] 954
[0, 0, 0, 0, 0, 1, 1] 963
[0, 0, 0, 0, 0, 0, 1] 55
[0, 0, 0, 0, 0, 0, 1] 99
[0, 0, 0, 0, 0, 0, 1] 228
[0, 0, 0, 0, 0, 0, 1] 267
[0, 0, 0, 0, 0, 0, 1] 283
[0, 0, 0, 0, 0, 0, 1] 291
[0, 0, 0, 0, 0, 0, 1] 401
[0, 0, 0, 0, 0, 0, 1] 404
[0, 0, 0, 0, 0, 0, 1] 427
[0, 0, 0, 0, 0, 0, 1] 441
[0, 0, 0, 0, 0, 0, 1] 580
[0, 0, 0, 0, 0, 0, 1] 587
[0, 0, 0, 0, 0, 0, 1] 754
[0, 0, 0, 0, 0, 0, 1] 915
[0, 0, 0, 0, 0, 0, 1] 921
[0, 0, 0, 0, 0, 0, 1] 932
