VARIABLES 100
NB_OBJ 7
ITEMS
[1, 1, 1, 1, 1, 1, 1] 44
[1, 1, 1, 1, 1, 1, 1] 129
[1, 1, 1, 1, 1, 1, 1] 208
[1, 1, 1, 1, 1, 1, 1] 261
[1, 1, 1, 1, 1, 1, 1] 263
[1, 1, 1, 1, 1, 1, 1] 318
[1, 1, 1, 1, 1, 1, 1] 370
[1, 1, 1, 1, 1, 1, 1] 451
[1, 1, 1, 1, 1, 1, 1] 516
[1, 1, 1, 1, 1, 1, 1] 566
[1, 1, 1, 1, 1, 1, 1] 605
[1, 1, 1, 1, 1, 1, 1] 675
[1, 1, 1, 1, 1, 1, 1] 914
[1, 1, 1, 1, 1, 1, 1] 985
[0, 1, 1, 1, 1, 1, 1] 10
[0, 1, 1, 1, 1, 1, 1] 23
[0, 1, 1, 1, 1, 1, 1] 142
[0, 1, 1, 1, 1, 1, 1] 151
[0, 1, 1, 1, 1, 1, 1] 232
[0, 1, 1, 1, 1, 1, 1] 247
[0, 1, 1, 1, 1, 1, 1] 521
[0, 1, 1, 1, 1, 1, 1] 604
[0, 1, 1, 1, 1, 1, 1] 623
[0, 1, 1, 1, 1, 1, 1] 638
[0, 1, 1, 1, 1, 1, 1] 693
[0, 1, 1, 1, 1, 1, 1] 944
[0, 0, 1, 1, 1, 1, 1] 1
[0, 0, 1, 1, 1, 1, 1] 25
[0, 0, 1, 1, 1, 1, 1] 77
[0, 0, 1, 1, 1, 1, 1] 83
[0, 0, 1, 1, 1, 1, 1] 159
[0, 0, 1, 1, 1, 1, 1] 231
[0, 0, 1, 1, 1, 1, 1] 262
[0, 0, 1, 1, 1, 1, 1] 527
[0, 0, 1, 1, 1, 1, 1] 541
[0, 0, 1, 1, 1, 1, 1] 578
[0, 0, 1, 1, 1, 1, 1] 612
[0, 0, 1, 1, 1, 1, 1] 682
[0, 0, 1, 1, 1, 1, 1] 719
[0, 0, 1, 1, 1, 1, 1] 765
[0, 0, 1, 1, 1, 1, 1] 892
[0, 0, 1, 1, 1, 1, 1] 995
[0, 0, 0, 1, 1, 1, 1] 29
[0, 0, 0, 1, 1, 1, 1] 73
[0, 0, 0, 1, 1, 1, 1] 141
[0, 0, 0, 1, 1, 1, 1] 179
[0, 0, 0, 1, 1, 1, 1] 186
[0, 0, 0, 1, 1, 1, 1] 309
[0, 0, 0, 1, 1, 1, 1] 333
[0, 0, 0, 1, 1, 1, 1] 398
[0, 0, 0, 1, 1, 1, 1] 438
[0, 0, 0, 1, 1, 1, 1] 530
[0, 0, 0, 1, 1, 1, 1] 653
[0, 0, 0, 1, 1, 1, 1] 707
[0, 0, 0, 1, 1, 1, 1] 833
[0, 0, 0, 1, 1, 1, 1] 933
[0, 0, 0, 1, 1, 1, 1] 980
[0, 0, 0, 1, 1, 1, 1] 993
[0, 0, 0, 0, 1, 1, 1] 10
[0, 0, 0, 0, 1, 1, 1] 40
[0, 0, 0, 0, 1, 1, 1] 148
[0, 0, 0, 0, 1, 1, 1] 189
[0, 0, 0, 0, 1, 1, 1] 200
[0, 0, 0, 0, 1, 1, 1] 229
[0, 0, 0, 0, 1, 1, 1] 268
[0, 0, 0, 0, 1, 1, 1] 383
[0, 0, 0, 0, 1, 1, 1] 397
[0, 0, 0, 0, 1, 1, 1] 561
[0, 0, 0, 0, 1, 1, 1] 743
[0, 0, 0, 0, 1, 1, 1] 754
[0, 0, 0, 0, 1, 1, 1] 771
[0, 0, 0, 0, 1, 1, 1] 794
[0, 0, 0, 0, 1, 1, 1] 817
[0, 0, 0, 0, 1, 1, 1] 834
[0, 0, 0, 0, 0, 1, 1] 2
[0, 0, 0, 0, 0, 1, 1] 31
[0, 0, 0, 0, 0, 1, 1] 91
[0, 0, 0, 0, 0, 1, 1] 236
[0, 0, 0, 0, 0, 1, 1] 264
[0, 0, 0, 0, 0, 1, 1] 317
[0, 0, 0, 0, 0, 1, 1] 529
[0, 0, 0, 0, 0, 1, 1] 565
[0, 0, 0, 0, 0, 1, 1] 615
[0, 0, 0, 0, 0, 1, 1] 649
[0, 0, 0, 0, 0, 1, 1] 715
[0, 0, 0, 0, 0, 0, 1] 56
[0, 0, 0, 0, 0, 0, 1] 125
[0, 0, 0, 0, 0, 0, 1] 138
[0, 0, 0, 0, 0, 0, 1] 289
[0, 0, 0, 0, 0, 0, 1] 427
[0, 0, 0, 0, 0, 0, 1] 469
[0, 0, 0, 0, 0, 0, 1] 577
[0, 0, 0, 0, 0, 0, 1] 582
[0, 0, 0, 0, 0, 0, 1] 649
[0, 0, 0, 0, 0, 0, 1] 670
[0, 0, 0, 0, 0, 0, 1] 712
[0, 0, 0, 0, 0, 0, 1] 765
[0, 0, 0, 0, 0, 0, 1] 790
[0, 0, 0, 0, 0, 0, 1] 793
[0, 0, 0, 0, 0, 0, 1] 992
