VARIABLES 100
NB_OBJ 7
ITEMS
[1, 1, 1, 1, 1, 1, 1] 86
[1, 1, 1, 1, 1, 1, 1] 162
[1, 1, 1, 1, 1, 1, 1] 260
[1, 1, 1, 1, 1, 1, 1] 321
[1, 1, 1, 1, 1, 1, 1] 424
[1, 1, 1, 1, 1, 1, 1] 432
[1, 1, 1, 1, 1, 1, 1] 605
[1, 1, 1, 1, 1, 1, 1] 704
[1, 1, 1, 1, 1, 1, 1] 718
[1, 1, 1, 1, 1, 1, 1] 739
[1, 1, 1, 1, 1, 1, 1] 754
[1, 1, 1, 1, 1, 1, 1] 774
[1, 1, 1, 1, 1, 1, 1] 780
[1, 1, 1, 1, 1, 1, 1] 876
[1, 1, 1, 1, 1, 1, 1] 879
[1, 1, 1, 1, 1, 1, 1] 909
[0, 1, 1, 1, 1, 1, 1] 62
[0, 1, 1, 1, 1, 1, 1] 155
[0, 1, 1, 1, 1, 1, 1] 198
[0, 1, 1, 1, 1, 1, 1] 225
[0, 1, 1, 1, 1, 1, 1] 262
[0, 1, 1, 1, 1, 1, 1] 368
[0, 1, 1, 1, 1, 1, 1] 522
[0, 1, 1, 1, 1, 1, 1] 558
[0, 1, 1, 1, 1, 1, 1] 587
[0, 1, 1, 1, 1, 1, 1] 695
[0, 1, 1, 1, 1, 1, 1] 994
[0, 0, 1, 1, 1, 1, 1] 6
[0, 0, 1, 1, 1, 1, 1] 69
[0, 0, 1, 1, 1, 1, 1] 123
[0, 0, 1, 1, 1, 1, 1] 219
[0, 0, 1, 1, 1, 1, 1] 285
[0, 0, 1, 1, 1, 1, 1] 369
[0, 0, 1, 1, 1, 1, 1] 443
[0, 0, 1, 1, 1, 1, 1] 800
[0, 0, 1, 1, 1, 1, 1] 816
[0, 0, 1, 1, 1, 1, 1] 829
[0, 0, 1, 1, 1, 1, 1] 838
[0, 0, 1, 1, 1, 1, 1] 876
[0, 0, 1, 1, 1, 1, 1] 927
[0, 0, 0, 1, 1, 1, 1] 82
[0, 0, 0, 1, 1, 1, 1] 127
[0, 0, 0, 1, 1, 1, 1] 187
[0, 0, 0, 1, 1, 1, 1] 339
[0, 0, 0, 1, 1, 1, 1] 553
[0, 0, 0, 1, 1, 1, 1] 556
[0, 0, 0, 1, 1, 1, 1] 564
[0, 0, 0, 1, 1, 1, 1] 571
[0, 0, 0, 1, 1, 1, 1] 574
[0, 0, 0, 1, 1, 1, 1] 583
[0, 0, 0, 1, 1, 1, 1] 754
[0, 0, 0, 1, 1, 1, 1] 803
[0, 0, 0, 1, 1, 1, 1] 997
[0, 0, 0, 0, 1, 1, 1] 49
[0, 0, 0, 0, 1, 1, 1] 168
[0, 0, 0, 0, 1, 1, 1] 184
[0, 0, 0, 0, 1, 1, 1] 185
[0, 0, 0, 0, 1, 1, 1] 226
[0, 0, 0, 0, 1, 1, 1] 235
[0, 0, 0, 0, 1, 1, 1] 262
[0, 0, 0, 0, 1, 1, 1] 402
[0, 0, 0, 0, 1, 1, 1] 423
[0, 0, 0, 0, 1, 1, 1] 457
[0, 0, 0, 0, 1, 1, 1] 630
[0, 0, 0, 0, 1, 1, 1] 706
[0, 0, 0, 0, 1, 1, 1] 724
[0, 0, 0, 0, 1, 1, 1] 730
[0, 0, 0, 0, 1, 1, 1] 736
[0, 0, 0, 0, 1, 1, 1] 755
[0, 0, 0, 0, 1, 1, 1] 879
[0, 0, 0, 0, 1, 1, 1] 904
[0, 0, 0, 0, 0, 1, 1] 49
[0, 0, 0, 0, 0, 1, 1] 261
[0, 0, 0, 0, 0, 1, 1] 397
[0, 0, 0, 0, 0, 1, 1] 435
[0, 0, 0, 0, 0, 1, 1] 484
[0, 0, 0, 0, 0, 1, 1] 490
[0, 0, 0, 0, 0, 1, 1] 750
[0, 0, 0, 0, 0, 1, 1] 751
[0, 0, 0, 0, 0, 1, 1] 766
[0, 0, 0, 0, 0, 1, 1] 804
[0, 0, 0, 0, 0, 1, 1] 865
[0, 0, 0, 0, 0, 1, 1] 872
[0, 0, 0, 0, 0, 1, 1] 961
[0, 0, 0, 0, 0, 1, 1] 984
[0, 0, 0, 0, 0, 0, 1] 2
[0, 0, 0, 0, 0, 0, 1] 43
[0, 0, 0, 0, 0, 0, 1] 59
[0, 0, 0, 0, 0, 0, 1] 212
[0, 0, 0, 0, 0, 0, 1] 281
[0, 0, 0, 0, 0, 0, 1] 294
[0, 0, 0, 0, 0, 0, 1] 316
[0, 0, 0, 0, 0, 0, 1] 365
[0, 0, 0, 0, 0, 0, 1] 445
[0, 0, 0, 0, 0, 0, 1] 611
[0, 0, 0, 0, 0, 0, 1] 659
[0, 0, 0, 0, 0, 0, 1] 689
[0, 0, 0, 0, 0, 0, 1] 695
[0, 0, 0, 0, 0, 0, 1] 711
[0, 0, 0, 0, 0, 0, 1] 987
