VARIABLES 100
NB_OBJ 7
ITEMS
[1, 1, 1, 1, 1, 1, 1] 11
[1, 1, 1, 1, 1, 1, 1] 94
[1, 1, 1, 1, 1, 1, 1] 157
[1, 1, 1, 1, 1, 1, 1] 209
[1, 1, 1, 1, 1, 1, 1] 225
[1, 1, 1, 1, 1, 1, 1] 286
[1, 1, 1, 1, 1, 1, 1] 363
[1, 1, 1, 1, 1, 1, 1] 377
[1, 1, 1, 1, 1, 1, 1] 465
[1, 1, 1, 1, 1, 1, 1] 621
[1, 1, 1, 1, 1, 1, 1] 689
[1, 1, 1, 1, 1, 1, 1] 747
[1, 1, 1, 1, 1, 1, 1] 767
[1, 1, 1, 1, 1, 1, 1] 775
[1, 1, 1, 1, 1, 1, 1] 875
[1, 1, 1, 1, 1, 1, 1] 910
[1, 1, 1, 1, 1, 1, 1] 958
[0, 1, 1, 1, 1, 1, 1] 109
[0, 1, 1, 1, 1, 1, 1] 221
[0, 1, 1, 1, 1, 1, 1] 423
[0, 1, 1, 1, 1, 1, 1] 511
[0, 1, 1, 1, 1, 1, 1] 627
[0, 1, 1, 1, 1, 1, 1] 709
[0, 1, 1, 1, 1, 1, 1] 759
[0, 1, 1, 1, 1, 1, 1] 833
[0, 1, 1, 1, 1, 1, 1] 913
[0, 1, 1, 1, 1, 1, 1] 944
[0, 0, 1, 1, 1, 1, 1] 167
[0, 0, 1, 1, 1, 1, 1] 322
[0, 0, 1, 1, 1, 1, 1] 348
[0, 0, 1, 1, 1, 1, 1] 352
[0, 0, 1, 1, 1, 1, 1] 383
[0, 0, 1, 1, 1, 1, 1] 475
[0, 0, 1, 1, 1, 1, 1] 520
[0, 0, 1, 1, 1, 1, 1] 527
[0, 0, 1, 1, 1, 1, 1] 640
[0, 0, 1, 1, 1, 1, 1] 723
[0, 0, 1, 1, 1, 1, 1] 829
[0, 0, 1, 1, 1, 1, 1] 901
[0, 0, 0, 1, 1, 1, 1] 48
[0, 0, 0, 1, 1, 1, 1] 62
[0, 0, 0, 1, 1, 1, 1] 124
[0, 0, 0, 1, 1, 1, 1] 204
[0, 0, 0, 1, 1, 1, 1] 236
[0, 0, 0, 1, 1, 1, 1] 243
[0, 0, 0, 1, 1, 1, 1] 291
[0, 0, 0, 1, 1, 1, 1] 310
[0, 0, 0, 1, 1, 1, 1] 388
[0, 0, 0, 1, 1, 1, 1] 423
[0, 0, 0, 1, 1, 1, 1] 506
[0, 0, 0, 1, 1, 1, 1] 585
[0, 0, 0, 1, 1, 1, 1] 602
[0, 0, 0, 1, 1, 1, 1] 637
[0, 0, 0, 1, 1, 1, 1] 644
[0, 0, 0, 1, 1, 1, 1] 652
[0, 0, 0, 1, 1, 1, 1] 759
[0, 0, 0, 1, 1, 1, 1] 833
[0, 0, 0, 1, 1, 1, 1] 904
[0, 0, 0, 1, 1, 1, 1] 945
[0, 0, 0, 0, 1, 1, 1] 25
[0, 0, 0, 0, 1, 1, 1] 56
[0, 0, 0, 0, 1, 1, 1] 97
[0, 0, 0, 0, 1, 1, 1] 259
[0, 0, 0, 0, 1, 1, 1] 270
[0, 0, 0, 0, 1, 1, 1] 299
[0, 0, 0, 0, 1, 1, 1] 362
[0, 0, 0, 0, 1, 1, 1] 386
[0, 0, 0, 0, 1, 1, 1] 450
[0, 0, 0, 0, 1, 1, 1] 489
[0, 0, 0, 0, 1, 1, 1] 534
[0, 0, 0, 0, 1, 1, 1] 599
[0, 0, 0, 0, 1, 1, 1] 632
[0, 0, 0, 0, 1, 1, 1] 774
[0, 0, 0, 0, 1, 1, 1] 900
[0, 0, 0, 0, 1, 1, 1] 952
[0, 0, 0, 0, 1, 1, 1] 980
[0, 0, 0, 0, 1, 1, 1] 992
[0, 0, 0, 0, 0, 1, 1] 393
[0, 0, 0, 0, 0, 1, 1] 407
[0, 0, 0, 0, 0, 1, 1] 493
[0, 0, 0, 0, 0, 1, 1] 506
[0, 0, 0, 0, 0, 1, 1] 521
[0, 0, 0, 0, 0, 1, 1] 681
[0, 0, 0, 0, 0, 1, 1] 682
[0, 0, 0, 0, 0, 1, 1] 723
[0, 0, 0, 0, 0, 1, 1] 767
[0, 0, 0, 0, 0, 1, 1] 967
[0, 0, 0, 0, 0, 0, 1] 102
[0, 0, 0, 0, 0, 0, 1] 106
[0, 0, 0, 0, 0, 0, 1] 276
[0, 0, 0, 0, 0, 0, 1] 276
[0, 0, 0, 0, 0, 0, 1] 284
[0, 0, 0, 0, 0, 0, 1] 316
[0, 0, 0, 0, 0, 0, 1] 374
[0, 0, 0, 0, 0, 0, 1] 451
[0, 0, 0, 0, 0, 0, 1] 663
[0, 0, 0, 0, 0, 0, 1] 801
[0, 0, 0, 0, 0, 0, 1] 811
[0, 0, 0, 0, 0, 0, 1] 834
[0, 0, 0, 0, 0, 0, 1] 999
