VARIABLES 100
NB_OBJ 7
ITEMS
[1, 1, 1, 1, 1, 1, 1] 53
[1, 1, 1, 1, 1, 1, 1] 79
[1, 1, 1, 1, 1, 1, 1] 448
[1, 1, 1, 1, 1, 1, 1] 552
[1, 1, 1, 1, 1, 1, 1] 563
[1, 1, 1, 1, 1, 1, 1] 567
[1, 1, 1, 1, 1, 1, 1] 600
[1, 1, 1, 1, 1, 1, 1] 682
[1, 1, 1, 1, 1, 1, 1] 712
[1, 1, 1, 1, 1, 1, 1] 718
[1, 1, 1, 1, 1, 1, 1] 808
[1, 1, 1, 1, 1, 1, 1] 838
[1, 1, 1, 1, 1, 1, 1] 966
[1, 1, 1, 1, 1, 1, 1] 974
[0, 1, 1, 1, 1, 1, 1] 47
[0, 1, 1, 1, 1, 1, 1] 303
[0, 1, 1, 1, 1, 1, 1] 361
[0, 1, 1, 1, 1, 1, 1] 411
[0, 1, 1, 1, 1, 1, 1] 437
[0, 1, 1, 1, 1, 1, 1] 480
[0, 1, 1, 1, 1, 1, 1] 503
[0, 1, 1, 1, 1, 1, 1] 632
[0, 1, 1, 1, 1, 1, 1] 820
[0, 1, 1, 1, 1, 1, 1] 889
[0, 1, 1, 1, 1, 1, 1] 918
[0, 1, 1, 1, 1, 1, 1] 935
[0, 1, 1, 1, 1, 1, 1] 957
[0, 1, 1, 1, 1, 1, 1] 990
[0, 0, 1, 1, 1, 1, 1] 110
[0, 0, 1, 1, 1, 1, 1] 158
[0, 0, 1, 1, 1, 1, 1] 235
[0, 0, 1, 1, 1, 1, 1] 340
[0, 0, 1, 1, 1, 1, 1] 358
[0, 0, 1, 1, 1, 1, 1] 386
[0, 0, 1, 1, 1, 1, 1] 389
[0, 0, 1, 1, 1, 1, 1] 421
[0, 0, 1, 1, 1, 1, 1] 503
[0, 0, 1, 1, 1, 1, 1] 617
[0, 0, 1, 1, 1, 1, 1] 706
[0, 0, 1, 1, 1, 1, 1] 779
[0, 0, 1, 1, 1, 1, 1] 830
[0, 0, 1, 1, 1, 1, 1] 962
[0, 0, 0, 1, 1, 1, 1] 40
[0, 0, 0, 1, 1, 1, 1] 77
[0, 0, 0, 1, 1, 1, 1] 228
[0, 0, 0, 1, 1, 1, 1] 296
[0, 0, 0, 1, 1, 1, 1] 435
[0, 0, 0, 1, 1, 1, 1] 456
[0, 0, 0, 1, 1, 1, 1] 504
[0, 0, 0, 1, 1, 1, 1] 548
[0, 0, 0, 1, 1, 1, 1] 584
[0, 0, 0, 1, 1, 1, 1] 597
[0, 0, 0, 1, 1, 1, 1] 604
[0, 0, 0, 1, 1, 1, 1] 638
[0, 0, 0, 1, 1, 1, 1] 674
[0, 0, 0, 1, 1, 1, 1] 703
[0, 0, 0, 1, 1, 1, 1] 745
[0, 0, 0, 1, 1, 1, 1] 766
[0, 0, 0, 1, 1, 1, 1] 793
[0, 0, 0, 0, 1, 1, 1] 255
[0, 0, 0, 0, 1, 1, 1] 289
[0, 0, 0, 0, 1, 1, 1] 291
[0, 0, 0, 0, 1, 1, 1] 382
[0, 0, 0, 0, 1, 1, 1] 438
[0, 0, 0, 0, 1, 1, 1] 492
[0, 0, 0, 0, 1, 1, 1] 575
[0, 0, 0, 0, 1, 1, 1] 803
[0, 0, 0, 0, 1, 1, 1] 864
[0, 0, 0, 0, 1, 1, 1] 906
[0, 0, 0, 0, 1, 1, 1] 996
[0, 0, 0, 0, 0, 1, 1] 66
[0, 0, 0, 0, 0, 1, 1] 117
[0, 0, 0, 0, 0, 1, 1] 177
[0, 0, 0, 0, 0, 1, 1] 235
[0, 0, 0, 0, 0, 1, 1] 262
[0, 0, 0, 0, 0, 1, 1] 332
[0, 0, 0, 0, 0, 1, 1] 376
[0, 0, 0, 0, 0, 1, 1] 437
[0, 0, 0, 0, 0, 1, 1] 466
[0, 0, 0, 0, 0, 1, 1] 550
[0, 0, 0, 0, 0, 1, 1] 602
[0, 0, 0, 0, 0, 1, 1] 678
[0, 0, 0, 0, 0, 1, 1] 877
[0, 0, 0, 0, 0, 1, 1] 898
[0, 0, 0, 0, 0, 1, 1] 989
[0, 0, 0, 0, 0, 0, 1] 11
[0, 0, 0, 0, 0, 0, 1] 57
[0, 0, 0, 0, 0, 0, 1] 234
[0, 0, 0, 0, 0, 0, 1] 269
[0, 0, 0, 0, 0, 0, 1] 277
[0, 0, 0, 0, 0, 0, 1] 278
[0, 0, 0, 0, 0, 0, 1] 404
[0, 0, 0, 0, 0, 0, 1] 509
[0, 0, 0, 0, 0, 0, 1] 540
[0, 0, 0, 0, 0, 0, 1] 594
[0, 0, 0, 0, 0, 0, 1] 596
[0, 0, 0, 0, 0, 0, 1] 613
[0, 0, 0, 0, 0, 0, 1] 696
[0, 0, 0, 0, 0, 0, 1] 867
[0, 0, 0, 0, 0, 0, 1] 985
