VARIABLES 100
NB_OBJ 7
ITEMS
[1, 1, 1, 1, 1, 1, 1] 21
[1, 1, 1, 1, 1, 1, 1] 37
[1, 1, 1, 1, 1, 1, 1] 38
[1, 1, 1, 1, 1, 1, 1] 113
[1, 1, 1, 1, 1, 1, 1] 126
[1, 1, 1, 1, 1, 1, 1] 276
[1, 1, 1, 1, 1, 1, 1] 302
[1, 1, 1, 1, 1, 1, 1] 333
[1, 1, 1, 1, 1, 1, 1] 347
[1, 1, 1, 1, 1, 1, 1] 479
[1, 1, 1, 1, 1, 1, 1] 487
[1, 1, 1, 1, 1, 1, 1] 492
[1, 1, 1, 1, 1, 1, 1] 560
[1, 1, 1, 1, 1, 1, 1] 611
[1, 1, 1, 1, 1, 1, 1] 678
[1, 1, 1, 1, 1, 1, 1] 722
[1, 1, 1, 1, 1, 1, 1] 980
[1, 1, 1, 1, 1, 1, 1] 1000
[0, 1, 1, 1, 1, 1, 1] 10
[0, 1, 1, 1, 1, 1, 1] 13
[0, 1, 1, 1, 1, 1, 1] 85
[0, 1, 1, 1, 1, 1, 1] 465
[0, 1, 1, 1, 1, 1, 1] 498
[0, 1, 1, 1, 1, 1, 1] 605
[0, 1, 1, 1, 1, 1, 1] 628
[0, 1, 1, 1, 1, 1, 1] 676
[0, 1, 1, 1, 1, 1, 1] 794
[0, 1, 1, 1, 1, 1, 1] 818
[0, 1, 1, 1, 1, 1, 1] 874
[0, 1, 1, 1, 1, 1, 1] 904
[0, 0, 1, 1, 1, 1, 1] 74
[0, 0, 1, 1, 1, 1, 1] 129
[0, 0, 1, 1, 1, 1, 1] 242
[0, 0, 1, 1, 1, 1, 1] 279
[0, 0, 1, 1, 1, 1, 1] 289
[0, 0, 1, 1, 1, 1, 1] 425
[0, 0, 1, 1, 1, 1, 1] 450
[0, 0, 1, 1, 1, 1, 1] 475
[0, 0, 1, 1, 1, 1, 1] 494
[0, 0, 1, 1, 1, 1, 1] 673
[0, 0, 1, 1, 1, 1, 1] 856
[0, 0, 1, 1, 1, 1, 1] 870
[0, 0, 0, 1, 1, 1, 1] 64
[0, 0, 0, 1, 1, 1, 1] 71
[0, 0, 0, 1, 1, 1, 1] 115
[0, 0, 0, 1, 1, 1, 1] 157
[0, 0, 0, 1, 1, 1, 1] 190
[0, 0, 0, 1, 1, 1, 1] 319
[0, 0, 0, 1, 1, 1, 1] 357
[0, 0, 0, 1, 1, 1, 1] 367
[0, 0, 0, 1, 1, 1, 1] 413
[0, 0, 0, 1, 1, 1, 1] 418
[0, 0, 0, 1, 1, 1, 1] 426
[0, 0, 0, 1, 1, 1, 1] 443
[0, 0, 0, 1, 1, 1, 1] 491
[0, 0, 0, 1, 1, 1, 1] 608
[0, 0, 0, 1, 1, 1, 1] 612
[0, 0, 0, 1, 1, 1, 1] 748
[0, 0, 0, 1, 1, 1, 1] 817
[0, 0, 0, 1, 1, 1, 1] 897
[0, 0, 0, 1, 1, 1, 1] 936
[0, 0, 0, 1, 1, 1, 1] 949
[0, 0, 0, 1, 1, 1, 1] 988
[0, 0, 0, 0, 1, 1, 1] 35
[0, 0, 0, 0, 1, 1, 1] 92
[0, 0, 0, 0, 1, 1, 1] 192
[0, 0, 0, 0, 1, 1, 1] 209
[0, 0, 0, 0, 1, 1, 1] 307
[0, 0, 0, 0, 1, 1, 1] 307
[0, 0, 0, 0, 1, 1, 1] 423
[0, 0, 0, 0, 1, 1, 1] 427
[0, 0, 0, 0, 1, 1, 1] 459
[0, 0, 0, 0, 1, 1, 1] 611
[0, 0, 0, 0, 1, 1, 1] 639
[0, 0, 0, 0, 1, 1, 1] 726
[0, 0, 0, 0, 1, 1, 1] 857
[0, 0, 0, 0, 1, 1, 1] 906
[0, 0, 0, 0, 1, 1, 1] 915
[0, 0, 0, 0, 1, 1, 1] 935
[0, 0, 0, 0, 1, 1, 1] 974
[0, 0, 0, 0, 0, 1, 1] 160
[0, 0, 0, 0, 0, 1, 1] 192
[0, 0, 0, 0, 0, 1, 1] 235
[0, 0, 0, 0, 0, 1, 1] 367
[0, 0, 0, 0, 0, 1, 1] 562
[0, 0, 0, 0, 0, 1, 1] 748
[0, 0, 0, 0, 0, 1, 1] 839
[0, 0, 0, 0, 0, 0, 1] 12
[0, 0, 0, 0, 0, 0, 1] 28
[0, 0, 0, 0, 0, 0, 1] 118
[0, 0, 0, 0, 0, 0, 1] 131
[0, 0, 0, 0, 0, 0, 1] 156
[0, 0, 0, 0, 0, 0, 1] 195
[0, 0, 0, 0, 0, 0, 1] 240
[0, 0, 0, 0, 0, 0, 1] 246
[0, 0, 0, 0, 0, 0, 1] 402
[0, 0, 0, 0, 0, 0, 1] 413
[0, 0, 0, 0, 0, 0, 1] 853
[0, 0, 0, 0, 0, 0, 1] 888
[0, 0, 0, 0, 0, 0, 1] 903
