VARIABLES 100
NB_OBJ 7
ITEMS
[1, 1, 1, 1, 1, 1, 1] 63
[1, 1, 1, 1, 1, 1, 1] 80
[1, 1, 1, 1, 1, 1, 1] 129
[1, 1, 1, 1, 1, 1, 1] 177
[1, 1, 1, 1, 1, 1, 1] 294
[1, 1, 1, 1, 1, 1, 1] 333
[1, 1, 1, 1, 1, 1, 1] 545
[1, 1, 1, 1, 1, 1, 1] 775
[1, 1, 1, 1, 1, 1, 1] 989
[0, 1, 1, 1, 1, 1, 1] 38
[0, 1, 1, 1, 1, 1, 1] 226
[0, 1, 1, 1, 1, 1, 1] 230
[0, 1, 1, 1, 1, 1, 1] 247
[0, 1, 1, 1, 1, 1, 1] 309
[0, 1, 1, 1, 1, 1, 1] 348
[0, 1, 1, 1, 1, 1, 1] 497
[0, 1, 1, 1, 1, 1, 1] 572
[0, 1, 1, 1, 1, 1, 1] 586
[0, 1, 1, 1, 1, 1, 1] 668
[0, 1, 1, 1, 1, 1, 1] 713
[0, 1, 1, 1, 1, 1, 1] 718
[0, 1, 1, 1, 1, 1, 1] 781
[0, 1, 1, 1, 1, 1, 1] 781
[0, 1, 1, 1, 1, 1, 1] 812
[0, 1, 1, 1, 1, 1, 1] 942
[0, 1, 1, 1, 1, 1, 1] 993
[0, 0, 1, 1, 1, 1, 1] 16
[0, 0, 1, 1, 1, 1, 1] 164
[0, 0, 1, 1, 1, 1, 1] 257
[0, 0, 1, 1, 1, 1, 1] 286
[0, 0, 1, 1, 1, 1, 1] 310
[0, 0, 1, 1, 1, 1, 1] 349
[0, 0, 1, 1, 1, 1, 1] 422
[0, 0, 1, 1, 1, 1, 1] 520
[0, 0, 1, 1, 1, 1, 1] 613
[0, 0, 1, 1, 1, 1, 1] 702
[0, 0, 1, 1, 1, 1, 1] 783
[0, 0, 1, 1, 1, 1, 1] 818
[0, 0, 1, 1, 1, 1, 1] 864
[0, 0, 1, 1, 1, 1, 1] 877
[0, 0, 1, 1, 1, 1, 1] 966
[0, 0, 0, 1, 1, 1, 1] 26
[0, 0, 0, 1, 1, 1, 1] 46
[0, 0, 0, 1, 1, 1, 1] 90
[0, 0, 0, 1, 1, 1, 1] 103
[0, 0, 0, 1, 1, 1, 1] 160
[0, 0, 0, 1, 1, 1, 1] 180
[0, 0, 0, 1, 1, 1, 1] 181
[0, 0, 0, 1, 1, 1, 1] 283
[0, 0, 0, 1, 1, 1, 1] 283
[0, 0, 0, 1, 1, 1, 1] 346
[0, 0, 0, 1, 1, 1, 1] 520
[0, 0, 0, 1, 1, 1, 1] 560
[0, 0, 0, 1, 1, 1, 1] 581
[0, 0, 0, 1, 1, 1, 1] 627
[0, 0, 0, 1, 1, 1, 1] 639
[0, 0, 0, 1, 1, 1, 1] 666
[0, 0, 0, 1, 1, 1, 1] 700
[0, 0, 0, 1, 1, 1, 1] 806
[0, 0, 0, 1, 1, 1, 1] 877
[0, 0, 0, 1, 1, 1, 1] 920
[0, 0, 0, 1, 1, 1, 1] 981
[0, 0, 0, 1, 1, 1, 1] 986
[0, 0, 0, 0, 1, 1, 1] 12
[0, 0, 0, 0, 1, 1, 1] 60
[0, 0, 0, 0, 1, 1, 1] 66
[0, 0, 0, 0, 1, 1, 1] 132
[0, 0, 0, 0, 1, 1, 1] 280
[0, 0, 0, 0, 1, 1, 1] 329
[0, 0, 0, 0, 1, 1, 1] 389
[0, 0, 0, 0, 1, 1, 1] 880
[0, 0, 0, 0, 1, 1, 1] 917
[0, 0, 0, 0, 1, 1, 1] 983
[0, 0, 0, 0, 0, 1, 1] 40
[0, 0, 0, 0, 0, 1, 1] 166
[0, 0, 0, 0, 0, 1, 1] 191
[0, 0, 0, 0, 0, 1, 1] 351
[0, 0, 0, 0, 0, 1, 1] 366
[0, 0, 0, 0, 0, 1, 1] 376
[0, 0, 0, 0, 0, 1, 1] 393
[0, 0, 0, 0, 0, 1, 1] 401
[0, 0, 0, 0, 0, 1, 1] 444
[0, 0, 0, 0, 0, 1, 1] 457
[0, 0, 0, 0, 0, 1, 1] 604
[0, 0, 0, 0, 0, 1, 1] 615
[0, 0, 0, 0, 0, 1, 1] 616
[0, 0, 0, 0, 0, 1, 1] 641
[0, 0, 0, 0, 0, 1, 1] 700
[0, 0, 0, 0, 0, 1, 1] 758
[0, 0, 0, 0, 0, 1, 1] 771
[0, 0, 0, 0, 0, 1, 1] 773
[0, 0, 0, 0, 0, 1, 1] 944
[0, 0, 0, 0, 0, 0, 1] 238
[0, 0, 0, 0, 0, 0, 1] 294
[0, 0, 0, 0, 0, 0, 1] 309
[0, 0, 0, 0, 0, 0, 1] 411
[0, 0, 0, 0, 0, 0, 1] 497
[0, 0, 0, 0, 0, 0, 1] 498
[0, 0, 0, 0, 0, 0, 1] 801
[0, 0, 0, 0, 0, 0, 1] 893
