VARIABLES 100
NB_OBJ 7
ITEMS
[1, 1, 1, 1, 1, 1, 1] 85
[1, 1, 1, 1, 1, 1, 1] 142
[1, 1, 1, 1, 1, 1, 1] 222
[1, 1, 1, 1, 1, 1, 1] 410
[1, 1, 1, 1, 1, 1, 1] 434
[1, 1, 1, 1, 1, 1, 1] 547
[1, 1, 1, 1, 1, 1, 1] 563
[1, 1, 1, 1, 1, 1, 1] 583
[1, 1, 1, 1, 1, 1, 1] 624
[1, 1, 1, 1, 1, 1, 1] 664
[1, 1, 1, 1, 1, 1, 1] 675
[1, 1, 1, 1, 1, 1, 1] 718
[1, 1, 1, 1, 1, 1, 1] 721
[1, 1, 1, 1, 1, 1, 1] 797
[1, 1, 1, 1, 1, 1, 1] 807
[1, 1, 1, 1, 1, 1, 1] 941
[0, 1, 1, 1, 1, 1, 1] 17
[0, 1, 1, 1, 1, 1, 1] 70
[0, 1, 1, 1, 1, 1, 1] 115
[0, 1, 1, 1, 1, 1, 1] 151
[0, 1, 1, 1, 1, 1, 1] 166
[0, 1, 1, 1, 1, 1, 1] 214
[0, 1, 1, 1, 1, 1, 1] 253
[0, 1, 1, 1, 1, 1, 1] 272
[0, 1, 1, 1, 1, 1, 1] 532
[0, 1, 1, 1, 1, 1, 1] 618
[0, 1, 1, 1, 1, 1, 1] 683
[0, 1, 1, 1, 1, 1, 1] 691
[0, 1, 1, 1, 1, 1, 1] 846
[0, 1, 1, 1, 1, 1, 1] 851
[0, 0, 1, 1, 1, 1, 1] 136
[0, 0, 1, 1, 1, 1, 1] 169
[0, 0, 1, 1, 1, 1, 1] 403
[0, 0, 1, 1, 1, 1, 1] 629
[0, 0, 1, 1, 1, 1, 1] 635
[0, 0, 1, 1, 1, 1, 1] 638
[0, 0, 1, 1, 1, 1, 1] 705
[0, 0, 1, 1, 1, 1, 1] 778
[0, 0, 1, 1, 1, 1, 1] 957
[0, 0, 1, 1, 1, 1, 1] 960
[0, 0, 1, 1, 1, 1, 1] 993
[0, 0, 0, 1, 1, 1, 1] 193
[0, 0, 0, 1, 1, 1, 1] 218
[0, 0, 0, 1, 1, 1, 1] 304
[0, 0, 0, 1, 1, 1, 1] 348
[0, 0, 0, 1, 1, 1, 1] 419
[0, 0, 0, 1, 1, 1, 1] 435
[0, 0, 0, 1, 1, 1, 1] 543
[0, 0, 0, 1, 1, 1, 1] 619
[0, 0, 0, 1, 1, 1, 1] 696
[0, 0, 0, 1, 1, 1, 1] 709
[0, 0, 0, 1, 1, 1, 1] 809
[0, 0, 0, 1, 1, 1, 1] 883
[0, 0, 0, 1, 1, 1, 1] 941
[0, 0, 0, 0, 1, 1, 1] 3
[0, 0, 0, 0, 1, 1, 1] 20
[0, 0, 0, 0, 1, 1, 1] 60
[0, 0, 0, 0, 1, 1, 1] 118
[0, 0, 0, 0, 1, 1, 1] 424
[0, 0, 0, 0, 1, 1, 1] 481
[0, 0, 0, 0, 1, 1, 1] 508
[0, 0, 0, 0, 1, 1, 1] 520
[0, 0, 0, 0, 1, 1, 1] 561
[0, 0, 0, 0, 1, 1, 1] 628
[0, 0, 0, 0, 1, 1, 1] 876
[0, 0, 0, 0, 1, 1, 1] 934
[0, 0, 0, 0, 0, 1, 1] 16
[0, 0, 0, 0, 0, 1, 1] 86
[0, 0, 0, 0, 0, 1, 1] 127
[0, 0, 0, 0, 0, 1, 1] 298
[0, 0, 0, 0, 0, 1, 1] 305
[0, 0, 0, 0, 0, 1, 1] 339
[0, 0, 0, 0, 0, 1, 1] 380
[0, 0, 0, 0, 0, 1, 1] 483
[0, 0, 0, 0, 0, 1, 1] 649
[0, 0, 0, 0, 0, 1, 1] 683
[0, 0, 0, 0, 0, 1, 1] 705
[0, 0, 0, 0, 0, 1, 1] 705
[0, 0, 0, 0, 0, 1, 1] 863
[0, 0, 0, 0, 0, 1, 1] 913
[0, 0, 0, 0, 0, 1, 1] 999
[0, 0, 0, 0, 0, 0, 1] 76
[0, 0, 0, 0, 0, 0, 1] 78
[0, 0, 0, 0, 0, 0, 1] 102
[0, 0, 0, 0, 0, 0, 1] 167
[0, 0, 0, 0, 0, 0, 1] 225
[0, 0, 0, 0, 0, 0, 1] 296
[0, 0, 0, 0, 0, 0, 1] 322
[0, 0, 0, 0, 0, 0, 1] 325
[0, 0, 0, 0, 0, 0, 1] 332
[0, 0, 0, 0, 0, 0, 1] 423
[0, 0, 0, 0, 0, 0, 1] 443
[0, 0, 0, 0, 0, 0, 1] 450
[0, 0, 0, 0, 0, 0, 1] 518
[0, 0, 0, 0, 0, 0, 1] 791
[0, 0, 0, 0, 0, 0, 1] 819
[0, 0, 0, 0, 0, 0, 1] 838
[0, 0, 0, 0, 0, 0, 1] 849
[0, 0, 0, 0, 0, 0, 1] 863
[0, 0, 0, 0, 0, 0, 1] 952
