VARIABLES 100
NB_OBJ 7
ITEMS
[1, 1, 1, 1, 1, 1, 1] 55
[1, 1, 1, 1, 1, 1, 1] 65
[1, 1, 1, 1, 1, 1, 1] 106
[1, 1, 1, 1, 1, 1, 1] 120
[1, 1, 1, 1, 1, 1, 1] 157
[1, 1, 1, 1, 1, 1, 1] 224
[1, 1, 1, 1, 1, 1, 1] 227
[1, 1, 1, 1, 1, 1, 1] 402
[1, 1, 1, 1, 1, 1, 1] 506
[1, 1, 1, 1, 1, 1, 1] 571
[1, 1, 1, 1, 1, 1, 1] 651
[1, 1, 1, 1, 1, 1, 1] 674
[1, 1, 1, 1, 1, 1, 1] 864
[1, 1, 1, 1, 1, 1, 1] 876
[1, 1, 1, 1, 1, 1, 1] 876
[1, 1, 1, 1, 1, 1, 1] 880
[1, 1, 1, 1, 1, 1, 1] 985
[0, 1, 1, 1, 1, 1, 1] 31
[0, 1, 1, 1, 1, 1, 1] 85
[0, 1, 1, 1, 1, 1, 1] 110
[0, 1, 1, 1, 1, 1, 1] 198
[0, 1, 1, 1, 1, 1, 1] 507
[0, 1, 1, 1, 1, 1, 1] 512
[0, 1, 1, 1, 1, 1, 1] 633
[0, 1, 1, 1, 1, 1, 1] 767
[0, 1, 1, 1, 1, 1, 1] 776
[0, 1, 1, 1, 1, 1, 1] 792
[0, 1, 1, 1, 1, 1, 1] 945
[0, 1, 1, 1, 1, 1, 1] 955
[0, 0, 1, 1, 1, 1, 1] 112
[0, 0, 1, 1, 1, 1, 1] 245
[0, 0, 1, 1, 1, 1, 1] 265
[0, 0, 1, 1, 1, 1, 1] 276
[0, 0, 1, 1, 1, 1, 1] 308
[0, 0, 1, 1, 1, 1, 1] 435
[0, 0, 1, 1, 1, 1, 1] 695
[0, 0, 1, 1, 1, 1, 1] 721
[0, 0, 1, 1, 1, 1, 1] 788
[0, 0, 1, 1, 1, 1, 1] 815
[0, 0, 1, 1, 1, 1, 1] 834
[0, 0, 1, 1, 1, 1, 1] 841
[0, 0, 1, 1, 1, 1, 1] 895
[0, 0, 1, 1, 1, 1, 1] 908
[0, 0, 1, 1, 1, 1, 1] 974
[0, 0, 0, 1, 1, 1, 1] 203
[0, 0, 0, 1, 1, 1, 1] 248
[0, 0, 0, 1, 1, 1, 1] 331
[0, 0, 0, 1, 1, 1, 1] 418
[0, 0, 0, 1, 1, 1, 1] 486
[0, 0, 0, 1, 1, 1, 1] 502
[0, 0, 0, 1, 1, 1, 1] 562
[0, 0, 0, 1, 1, 1, 1] 616
[0, 0, 0, 1, 1, 1, 1] 630
[0, 0, 0, 1, 1, 1, 1] 702
[0, 0, 0, 1, 1, 1, 1] 730
[0, 0, 0, 1, 1, 1, 1] 866
[0, 0, 0, 0, 1, 1, 1] 60
[0, 0, 0, 0, 1, 1, 1] 101
[0, 0, 0, 0, 1, 1, 1] 105
[0, 0, 0, 0, 1, 1, 1] 207
[0, 0, 0, 0, 1, 1, 1] 326
[0, 0, 0, 0, 1, 1, 1] 378
[0, 0, 0, 0, 1, 1, 1] 512
[0, 0, 0, 0, 1, 1, 1] 516
[0, 0, 0, 0, 1, 1, 1] 661
[0, 0, 0, 0, 1, 1, 1] 702
[0, 0, 0, 0, 1, 1, 1] 709
[0, 0, 0, 0, 1, 1, 1] 764
[0, 0, 0, 0, 1, 1, 1] 918
[0, 0, 0, 0, 1, 1, 1] 975
[0, 0, 0, 0, 1, 1, 1] 982
[0, 0, 0, 0, 0, 1, 1] 33
[0, 0, 0, 0, 0, 1, 1] 80
[0, 0, 0, 0, 0, 1, 1] 121
[0, 0, 0, 0, 0, 1, 1] 177
[0, 0, 0, 0, 0, 1, 1] 182
[0, 0, 0, 0, 0, 1, 1] 201
[0, 0, 0, 0, 0, 1, 1] 364
[0, 0, 0, 0, 0, 1, 1] 529
[0, 0, 0, 0, 0, 1, 1] 721
[0, 0, 0, 0, 0, 1, 1] 725
[0, 0, 0, 0, 0, 1, 1] 750
[0, 0, 0, 0, 0, 1, 1] 758
[0, 0, 0, 0, 0, 1, 1] 855
[0, 0, 0, 0, 0, 1, 1] 891
[0, 0, 0, 0, 0, 1, 1] 893
[0, 0, 0, 0, 0, 1, 1] 966
[0, 0, 0, 0, 0, 0, 1] 100
[0, 0, 0, 0, 0, 0, 1] 142
[0, 0, 0, 0, 0, 0, 1] 236
[0, 0, 0, 0, 0, 0, 1] 270
[0, 0, 0, 0, 0, 0, 1] 283
[0, 0, 0, 0, 0, 0, 1] 353
[0, 0, 0, 0, 0, 0, 1] 400
[0, 0, 0, 0, 0, 0, 1] 410
[0, 0, 0, 0, 0, 0, 1] 539
[0, 0, 0, 0, 0, 0, 1] 652
[0, 0, 0, 0, 0, 0, 1] 749
[0, 0, 0, 0, 0, 0, 1] 802
[0, 0, 0, 0, 0, 0, 1] 850
