VARIABLES 100
NB_OBJ 7
ITEMS
[1, 1, 1, 1, 1, 1, 1] 65
[1, 1, 1, 1, 1, 1, 1] 136
[1, 1, 1, 1, 1, 1, 1] 165
[1, 1, 1, 1, 1, 1, 1] 289
[1, 1, 1, 1, 1, 1, 1] 294
[1, 1, 1, 1, 1, 1, 1] 382
[1, 1, 1, 1, 1, 1, 1] 456
[1, 1, 1, 1, 1, 1, 1] 473
[1, 1, 1, 1, 1, 1, 1] 485
[1, 1, 1, 1, 1, 1, 1] 685
[1, 1, 1, 1, 1, 1, 1] 737
[1, 1, 1, 1, 1, 1, 1] 766
[1, 1, 1, 1, 1, 1, 1] 774
[1, 1, 1, 1, 1, 1, 1] 835
[1, 1, 1, 1, 1, 1, 1] 858
[1, 1, 1, 1, 1, 1, 1] 911
[1, 1, 1, 1, 1, 1, 1] 972
[0, 1, 1, 1, 1, 1, 1] 92
[0, 1, 1, 1, 1, 1, 1] 95
[0, 1, 1, 1, 1, 1, 1] 110
[0, 1, 1, 1, 1, 1, 1] 130
[0, 1, 1, 1, 1, 1, 1] 205
[0, 1, 1, 1, 1, 1, 1] 214
[0, 1, 1, 1, 1, 1, 1] 257
[0, 1, 1, 1, 1, 1, 1] 311
[0, 1, 1, 1, 1, 1, 1] 395
[0, 1, 1, 1, 1, 1, 1] 458
[0, 1, 1, 1, 1, 1, 1] 460
[0, 1, 1, 1, 1, 1, 1] 588
[0, 1, 1, 1, 1, 1, 1] 814
[0, 1, 1, 1, 1, 1, 1] 826
[0, 1, 1, 1, 1, 1, 1] 866
[0, 0, 1, 1, 1, 1, 1] 181
[0, 0, 1, 1, 1, 1, 1] 197
[0, 0, 1, 1, 1, 1, 1] 204
[0, 0, 1, 1, 1, 1, 1] 278
[0, 0, 1, 1, 1, 1, 1] 354
[0, 0, 1, 1, 1, 1, 1] 402
[0, 0, 1, 1, 1, 1, 1] 426
[0, 0, 1, 1, 1, 1, 1] 442
[0, 0, 1, 1, 1, 1, 1] 453
[0, 0, 1, 1, 1, 1, 1] 518
[0, 0, 1, 1, 1, 1, 1] 565
[0, 0, 1, 1, 1, 1, 1] 669
[0, 0, 1, 1, 1, 1, 1] 689
[0, 0, 1, 1, 1, 1, 1] 847
[0, 0, 1, 1, 1, 1, 1] 915
[0, 0, 1, 1, 1, 1, 1] 915
[0, 0, 1, 1, 1, 1, 1] 947
[0, 0, 0, 1, 1, 1, 1] 8
[0, 0, 0, 1, 1, 1, 1] 103
[0, 0, 0, 1, 1, 1, 1] 207
[0, 0, 0, 1, 1, 1, 1] 254
[0, 0, 0, 1, 1, 1, 1] 492
[0, 0, 0, 1, 1, 1, 1] 527
[0, 0, 0, 1, 1, 1, 1] 605
[0, 0, 0, 1, 1, 1, 1] 636
[0, 0, 0, 1, 1, 1, 1] 886
[0, 0, 0, 1, 1, 1, 1] 895
[0, 0, 0, 1, 1, 1, 1] 936
[0, 0, 0, 1, 1, 1, 1] 943
[0, 0, 0, 0, 1, 1, 1] 87
[0, 0, 0, 0, 1, 1, 1] 191
[0, 0, 0, 0, 1, 1, 1] 220
[0, 0, 0, 0, 1, 1, 1] 301
[0, 0, 0, 0, 1, 1, 1] 489
[0, 0, 0, 0, 1, 1, 1] 537
[0, 0, 0, 0, 1, 1, 1] 625
[0, 0, 0, 0, 1, 1, 1] 664
[0, 0, 0, 0, 1, 1, 1] 707
[0, 0, 0, 0, 1, 1, 1] 808
[0, 0, 0, 0, 1, 1, 1] 884
[0, 0, 0, 0, 1, 1, 1] 887
[0, 0, 0, 0, 1, 1, 1] 939
[0, 0, 0, 0, 0, 1, 1] 42
[0, 0, 0, 0, 0, 1, 1] 157
[0, 0, 0, 0, 0, 1, 1] 206
[0, 0, 0, 0, 0, 1, 1] 302
[0, 0, 0, 0, 0, 1, 1] 314
[0, 0, 0, 0, 0, 1, 1] 333
[0, 0, 0, 0, 0, 1, 1] 413
[0, 0, 0, 0, 0, 1, 1] 426
[0, 0, 0, 0, 0, 1, 1] 436
[0, 0, 0, 0, 0, 1, 1] 452
[0, 0, 0, 0, 0, 1, 1] 459
[0, 0, 0, 0, 0, 1, 1] 530
[0, 0, 0, 0, 0, 1, 1] 536
[0, 0, 0, 0, 0, 1, 1] 788
[0, 0, 0, 0, 0, 1, 1] 851
[0, 0, 0, 0, 0, 1, 1] 858
[0, 0, 0, 0, 0, 1, 1] 890
[0, 0, 0, 0, 0, 1, 1] 917
[0, 0, 0, 0, 0, 0, 1] 66
[0, 0, 0, 0, 0, 0, 1] 89
[0, 0, 0, 0, 0, 0, 1] 167
[0, 0, 0, 0, 0, 0, 1] 185
[0, 0, 0, 0, 0, 0, 1] 563
[0, 0, 0, 0, 0, 0, 1] 640
[0, 0, 0, 0, 0, 0, 1] 746
[0, 0, 0, 0, 0, 0, 1] 933
