VARIABLES 100
NB_OBJ 7
ITEMS
[1, 1, 1, 1, 1, 1, 1] 61
[1, 1, 1, 1, 1, 1, 1] 94
[1, 1, 1, 1, 1, 1, 1] 117
[1, 1, 1, 1, 1, 1, 1] 191
[1, 1, 1, 1, 1, 1, 1] 228
[1, 1, 1, 1, 1, 1, 1] 274
[1, 1, 1, 1, 1, 1, 1] 284
[1, 1, 1, 1, 1, 1, 1] 296
[1, 1, 1, 1, 1, 1, 1] 319
[1, 1, 1, 1, 1, 1, 1] 383
[1, 1, 1, 1, 1, 1, 1] 485
[1, 1, 1, 1, 1, 1, 1] 574
[1, 1, 1, 1, 1, 1, 1] 576
[1, 1, 1, 1, 1, 1, 1] 690
[1, 1, 1, 1, 1, 1, 1] 749
[1, 1, 1, 1, 1, 1, 1] 794
[1, 1, 1, 1, 1, 1, 1] 815
[1, 1, 1, 1, 1, 1, 1] 820
[1, 1, 1, 1, 1, 1, 1] 842
[1, 1, 1, 1, 1, 1, 1] 851
[0, 1, 1, 1, 1, 1, 1] 203
[0, 1, 1, 1, 1, 1, 1] 203
[0, 1, 1, 1, 1, 1, 1] 260
[0, 1, 1, 1, 1, 1, 1] 262
[0, 1, 1, 1, 1, 1, 1] 304
[0, 1, 1, 1, 1, 1, 1] 319
[0, 1, 1, 1, 1, 1, 1] 459
[0, 1, 1, 1, 1, 1, 1] 548
[0, 1, 1, 1, 1, 1, 1] 579
[0, 1, 1, 1, 1, 1, 1] 594
[0, 1, 1, 1, 1, 1, 1] 617
[0, 1, 1, 1, 1, 1, 1] 647
[0, 1, 1, 1, 1, 1, 1] 662
[0, 1, 1, 1, 1, 1, 1] 827
[0, 1, 1, 1, 1, 1, 1] 898
[0, 1, 1, 1, 1, 1, 1] 923
[0, 1, 1, 1, 1, 1, 1] 960
[0, 0, 1, 1, 1, 1, 1] 61
[0, 0, 1, 1, 1, 1, 1] 202
[0, 0, 1, 1, 1, 1, 1] 214
[0, 0, 1, 1, 1, 1, 1] 314
[0, 0, 1, 1, 1, 1, 1] 378
[0, 0, 1, 1, 1, 1, 1] 513
[0, 0, 1, 1, 1, 1, 1] 561
[0, 0, 1, 1, 1, 1, 1] 589
[0, 0, 1, 1, 1, 1, 1] 693
[0, 0, 1, 1, 1, 1, 1] 710
[0, 0, 1, 1, 1, 1, 1] 751
[0, 0, 1, 1, 1, 1, 1] 761
[0, 0, 1, 1, 1, 1, 1] 929
[0, 0, 0, 1, 1, 1, 1] 190
[0, 0, 0, 1, 1, 1, 1] 353
[0, 0, 0, 1, 1, 1, 1] 438
[0, 0, 0, 1, 1, 1, 1] 505
[0, 0, 0, 1, 1, 1, 1] 527
[0, 0, 0, 1, 1, 1, 1] 576
[0, 0, 0, 1, 1, 1, 1] 592
[0, 0, 0, 1, 1, 1, 1] 706
[0, 0, 0, 1, 1, 1, 1] 874
[0, 0, 0, 1, 1, 1, 1] 889
[0, 0, 0, 0, 1, 1, 1] 13
[0, 0, 0, 0, 1, 1, 1] 68
[0, 0, 0, 0, 1, 1, 1] 98
[0, 0, 0, 0, 1, 1, 1] 102
[0, 0, 0, 0, 1, 1, 1] 180
[0, 0, 0, 0, 1, 1, 1] 293
[0, 0, 0, 0, 1, 1, 1] 534
[0, 0, 0, 0, 1, 1, 1] 605
[0, 0, 0, 0, 1, 1, 1] 688
[0, 0, 0, 0, 1, 1, 1] 693
[0, 0, 0, 0, 0, 1, 1] 4
[0, 0, 0, 0, 0, 1, 1] 215
[0, 0, 0, 0, 0, 1, 1] 275
[0, 0, 0, 0, 0, 1, 1] 408
[0, 0, 0, 0, 0, 1, 1] 446
[0, 0, 0, 0, 0, 1, 1] 481
[0, 0, 0, 0, 0, 1, 1] 519
[0, 0, 0, 0, 0, 1, 1] 777
[0, 0, 0, 0, 0, 1, 1] 788
[0, 0, 0, 0, 0, 1, 1] 809
[0, 0, 0, 0, 0, 1, 1] 843
[0, 0, 0, 0, 0, 1, 1] 866
[0, 0, 0, 0, 0, 1, 1] 944
[0, 0, 0, 0, 0, 1, 1] 979
[0, 0, 0, 0, 0, 1, 1] 989
[0, 0, 0, 0, 0, 1, 1] 1000
[0, 0, 0, 0, 0, 0, 1] 17
[0, 0, 0, 0, 0, 0, 1] 30
[0, 0, 0, 0, 0, 0, 1] 88
[0, 0, 0, 0, 0, 0, 1] 122
[0, 0, 0, 0, 0, 0, 1] 275
[0, 0, 0, 0, 0, 0, 1] 327
[0, 0, 0, 0, 0, 0, 1] 346
[0, 0, 0, 0, 0, 0, 1] 395
[0, 0, 0, 0, 0, 0, 1] 546
[0, 0, 0, 0, 0, 0, 1] 593
[0, 0, 0, 0, 0, 0, 1] 801
[0, 0, 0, 0, 0, 0, 1] 891
[0, 0, 0, 0, 0, 0, 1] 892
[0, 0, 0, 0, 0, 0, 1] 897
