VARIABLES 100
NB_OBJ 7
ITEMS
[1, 1, 1, 1, 1, 1, 1] 54
[1, 1, 1, 1, 1, 1, 1] 189
[1, 1, 1, 1, 1, 1, 1] 199
[1, 1, 1, 1, 1, 1, 1] 279
[1, 1, 1, 1, 1, 1, 1] 335
[1, 1, 1, 1, 1, 1, 1] 496
[1, 1, 1, 1, 1, 1, 1] 517
[1, 1, 1, 1, 1, 1, 1] 614
[1, 1, 1, 1, 1, 1, 1] 661
[1, 1, 1, 1, 1, 1, 1] 888
[1, 1, 1, 1, 1, 1, 1] 919
[1, 1, 1, 1, 1, 1, 1] 973
[0, 1, 1, 1, 1, 1, 1] 4
[0, 1, 1, 1, 1, 1, 1] 112
[0, 1, 1, 1, 1, 1, 1] 174
[0, 1, 1, 1, 1, 1, 1] 253
[0, 1, 1, 1, 1, 1, 1] 298
[0, 1, 1, 1, 1, 1, 1] 309
[0, 1, 1, 1, 1, 1, 1] 478
[0, 1, 1, 1, 1, 1, 1] 579
[0, 1, 1, 1, 1, 1, 1] 587
[0, 1, 1, 1, 1, 1, 1] 636
[0, 1, 1, 1, 1, 1, 1] 689
[0, 1, 1, 1, 1, 1, 1] 752
[0, 1, 1, 1, 1, 1, 1] 756
[0, 1, 1, 1, 1, 1, 1] 798
[0, 1, 1, 1, 1, 1, 1] 929
[0, 1, 1, 1, 1, 1, 1] 936
[0, 0, 1, 1, 1, 1, 1] 31
[0, 0, 1, 1, 1, 1, 1] 31
[0, 0, 1, 1, 1, 1, 1] 216
[0, 0, 1, 1, 1, 1, 1] 253
[0, 0, 1, 1, 1, 1, 1] 268
[0, 0, 1, 1, 1, 1, 1] 455
[0, 0, 1, 1, 1, 1, 1] 767
[0, 0, 1, 1, 1, 1, 1] 801
[0, 0, 1, 1, 1, 1, 1] 827
[0, 0, 1, 1, 1, 1, 1] 868
[0, 0, 1, 1, 1, 1, 1] 869
[0, 0, 1, 1, 1, 1, 1] 926
[0, 0, 0, 1, 1, 1, 1] 35
[0, 0, 0, 1, 1, 1, 1] 54
[0, 0, 0, 1, 1, 1, 1] 144
[0, 0, 0, 1, 1, 1, 1] 155
[0, 0, 0, 1, 1, 1, 1] 160
[0, 0, 0, 1, 1, 1, 1] 189
[0, 0, 0, 1, 1, 1, 1] 200
[0, 0, 0, 1, 1, 1, 1] 349
[0, 0, 0, 1, 1, 1, 1] 394
[0, 0, 0, 1, 1, 1, 1] 394
[0, 0, 0, 1, 1, 1, 1] 412
[0, 0, 0, 1, 1, 1, 1] 515
[0, 0, 0, 1, 1, 1, 1] 520
[0, 0, 0, 1, 1, 1, 1] 524
[0, 0, 0, 1, 1, 1, 1] 536
[0, 0, 0, 1, 1, 1, 1] 560
[0, 0, 0, 1, 1, 1, 1] 589
[0, 0, 0, 1, 1, 1, 1] 805
[0, 0, 0, 1, 1, 1, 1] 924
[0, 0, 0, 0, 1, 1, 1] 69
[0, 0, 0, 0, 1, 1, 1] 117
[0, 0, 0, 0, 1, 1, 1] 281
[0, 0, 0, 0, 1, 1, 1] 422
[0, 0, 0, 0, 1, 1, 1] 431
[0, 0, 0, 0, 1, 1, 1] 490
[0, 0, 0, 0, 1, 1, 1] 593
[0, 0, 0, 0, 1, 1, 1] 727
[0, 0, 0, 0, 1, 1, 1] 785
[0, 0, 0, 0, 1, 1, 1] 800
[0, 0, 0, 0, 1, 1, 1] 815
[0, 0, 0, 0, 0, 1, 1] 38
[0, 0, 0, 0, 0, 1, 1] 76
[0, 0, 0, 0, 0, 1, 1] 180
[0, 0, 0, 0, 0, 1, 1] 292
[0, 0, 0, 0, 0, 1, 1] 325
[0, 0, 0, 0, 0, 1, 1] 345
[0, 0, 0, 0, 0, 1, 1] 378
[0, 0, 0, 0, 0, 1, 1] 441
[0, 0, 0, 0, 0, 1, 1] 477
[0, 0, 0, 0, 0, 1, 1] 510
[0, 0, 0, 0, 0, 1, 1] 611
[0, 0, 0, 0, 0, 1, 1] 622
[0, 0, 0, 0, 0, 1, 1] 645
[0, 0, 0, 0, 0, 1, 1] 771
[0, 0, 0, 0, 0, 1, 1] 821
[0, 0, 0, 0, 0, 1, 1] 827
[0, 0, 0, 0, 0, 1, 1] 939
[0, 0, 0, 0, 0, 1, 1] 1000
[0, 0, 0, 0, 0, 0, 1] 88
[0, 0, 0, 0, 0, 0, 1] 145
[0, 0, 0, 0, 0, 0, 1] 153
[0, 0, 0, 0, 0, 0, 1] 172
[0, 0, 0, 0, 0, 0, 1] 218
[0, 0, 0, 0, 0, 0, 1] 283
[0, 0, 0, 0, 0, 0, 1] 638
[0, 0, 0, 0, 0, 0, 1] 675
[0, 0, 0, 0, 0, 0, 1] 692
[0, 0, 0, 0, 0, 0, 1] 801
[0, 0, 0, 0, 0, 0, 1] 867
[0, 0, 0, 0, 0, 0, 1] 898
