VARIABLES 100
NB_OBJ 7
ITEMS
[1, 1, 1, 1, 1, 1, 1] 145
[1, 1, 1, 1, 1, 1, 1] 237
[1, 1, 1, 1, 1, 1, 1] 284
[1, 1, 1, 1, 1, 1, 1] 351
[1, 1, 1, 1, 1, 1, 1] 360
[1, 1, 1, 1, 1, 1, 1] 494
[1, 1, 1, 1, 1, 1, 1] 708
[1, 1, 1, 1, 1, 1, 1] 763
[1, 1, 1, 1, 1, 1, 1] 883
[1, 1, 1, 1, 1, 1, 1] 927
[1, 1, 1, 1, 1, 1, 1] 965
[0, 1, 1, 1, 1, 1, 1] 212
[0, 1, 1, 1, 1, 1, 1] 218
[0, 1, 1, 1, 1, 1, 1] 335
[0, 1, 1, 1, 1, 1, 1] 358
[0, 1, 1, 1, 1, 1, 1] 418
[0, 1, 1, 1, 1, 1, 1] 419
[0, 1, 1, 1, 1, 1, 1] 432
[0, 1, 1, 1, 1, 1, 1] 613
[0, 1, 1, 1, 1, 1, 1] 653
[0, 1, 1, 1, 1, 1, 1] 779
[0, 1, 1, 1, 1, 1, 1] 830
[0, 1, 1, 1, 1, 1, 1] 897
[0, 1, 1, 1, 1, 1, 1] 915
[0, 1, 1, 1, 1, 1, 1] 935
[0, 0, 1, 1, 1, 1, 1] 9
[0, 0, 1, 1, 1, 1, 1] 30
[0, 0, 1, 1, 1, 1, 1] 39
[0, 0, 1, 1, 1, 1, 1] 62
[0, 0, 1, 1, 1, 1, 1] 92
[0, 0, 1, 1, 1, 1, 1] 99
[0, 0, 1, 1, 1, 1, 1] 146
[0, 0, 1, 1, 1, 1, 1] 154
[0, 0, 1, 1, 1, 1, 1] 260
[0, 0, 1, 1, 1, 1, 1] 344
[0, 0, 1, 1, 1, 1, 1] 537
[0, 0, 1, 1, 1, 1, 1] 560
[0, 0, 1, 1, 1, 1, 1] 586
[0, 0, 1, 1, 1, 1, 1] 651
[0, 0, 1, 1, 1, 1, 1] 741
[0, 0, 1, 1, 1, 1, 1] 838
[0, 0, 1, 1, 1, 1, 1] 843
[0, 0, 0, 1, 1, 1, 1] 5
[0, 0, 0, 1, 1, 1, 1] 75
[0, 0, 0, 1, 1, 1, 1] 212
[0, 0, 0, 1, 1, 1, 1] 258
[0, 0, 0, 1, 1, 1, 1] 309
[0, 0, 0, 1, 1, 1, 1] 312
[0, 0, 0, 1, 1, 1, 1] 394
[0, 0, 0, 1, 1, 1, 1] 463
[0, 0, 0, 1, 1, 1, 1] 570
[0, 0, 0, 1, 1, 1, 1] 597
[0, 0, 0, 1, 1, 1, 1] 715
[0, 0, 0, 1, 1, 1, 1] 805
[0, 0, 0, 1, 1, 1, 1] 936
[0, 0, 0, 0, 1, 1, 1] 41
[0, 0, 0, 0, 1, 1, 1] 54
[0, 0, 0, 0, 1, 1, 1] 54
[0, 0, 0, 0, 1, 1, 1] 60
[0, 0, 0, 0, 1, 1, 1] 95
[0, 0, 0, 0, 1, 1, 1] 221
[0, 0, 0, 0, 1, 1, 1] 500
[0, 0, 0, 0, 1, 1, 1] 807
[0, 0, 0, 0, 1, 1, 1] 930
[0, 0, 0, 0, 1, 1, 1] 972
[0, 0, 0, 0, 1, 1, 1] 974
[0, 0, 0, 0, 0, 1, 1] 5
[0, 0, 0, 0, 0, 1, 1] 58
[0, 0, 0, 0, 0, 1, 1] 82
[0, 0, 0, 0, 0, 1, 1] 88
[0, 0, 0, 0, 0, 1, 1] 117
[0, 0, 0, 0, 0, 1, 1] 193
[0, 0, 0, 0, 0, 1, 1] 195
[0, 0, 0, 0, 0, 1, 1] 358
[0, 0, 0, 0, 0, 1, 1] 379
[0, 0, 0, 0, 0, 1, 1] 429
[0, 0, 0, 0, 0, 1, 1] 497
[0, 0, 0, 0, 0, 1, 1] 585
[0, 0, 0, 0, 0, 1, 1] 654
[0, 0, 0, 0, 0, 1, 1] 665
[0, 0, 0, 0, 0, 1, 1] 743
[0, 0, 0, 0, 0, 1, 1] 865
[0, 0, 0, 0, 0, 1, 1] 903
[0, 0, 0, 0, 0, 1, 1] 913
[0, 0, 0, 0, 0, 0, 1] 129
[0, 0, 0, 0, 0, 0, 1] 231
[0, 0, 0, 0, 0, 0, 1] 253
[0, 0, 0, 0, 0, 0, 1] 259
[0, 0, 0, 0, 0, 0, 1] 298
[0, 0, 0, 0, 0, 0, 1] 343
[0, 0, 0, 0, 0, 0, 1] 457
[0, 0, 0, 0, 0, 0, 1] 504
[0, 0, 0, 0, 0, 0, 1] 579
[0, 0, 0, 0, 0, 0, 1] 626
[0, 0, 0, 0, 0, 0, 1] 672
[0, 0, 0, 0, 0, 0, 1] 676
[0, 0, 0, 0, 0, 0, 1] 710
[0, 0, 0, 0, 0, 0, 1] 748
[0, 0, 0, 0, 0, 0, 1] 749
[0, 0, 0, 0, 0, 0, 1] 997
