VARIABLES 100
NB_OBJ 7
ITEMS
[1, 1, 1, 1, 1, 1, 1] 131
[1, 1, 1, 1, 1, 1, 1] 148
[1, 1, 1, 1, 1, 1, 1] 315
[1, 1, 1, 1, 1, 1, 1] 414
[1, 1, 1, 1, 1, 1, 1] 433
[1, 1, 1, 1, 1, 1, 1] 675
[1, 1, 1, 1, 1, 1, 1] 690
[1, 1, 1, 1, 1, 1, 1] 701
[1, 1, 1, 1, 1, 1, 1] 723
[1, 1, 1, 1, 1, 1, 1] 911
[1, 1, 1, 1, 1, 1, 1] 926
[0, 1, 1, 1, 1, 1, 1] 10
[0, 1, 1, 1, 1, 1, 1] 47
[0, 1, 1, 1, 1, 1, 1] 237
[0, 1, 1, 1, 1, 1, 1] 433
[0, 1, 1, 1, 1, 1, 1] 538
[0, 1, 1, 1, 1, 1, 1] 578
[0, 1, 1, 1, 1, 1, 1] 593
[0, 1, 1, 1, 1, 1, 1] 634
[0, 1, 1, 1, 1, 1, 1] 723
[0, 1, 1, 1, 1, 1, 1] 788
[0, 1, 1, 1, 1, 1, 1] 902
[0, 1, 1, 1, 1, 1, 1] 959
[0, 1, 1, 1, 1, 1, 1] 993
[0, 0, 1, 1, 1, 1, 1] 57
[0, 0, 1, 1, 1, 1, 1] 144
[0, 0, 1, 1, 1, 1, 1] 200
[0, 0, 1, 1, 1, 1, 1] 238
[0, 0, 1, 1, 1, 1, 1] 416
[0, 0, 1, 1, 1, 1, 1] 430
[0, 0, 1, 1, 1, 1, 1] 506
[0, 0, 1, 1, 1, 1, 1] 568
[0, 0, 1, 1, 1, 1, 1] 725
[0, 0, 1, 1, 1, 1, 1] 872
[0, 0, 1, 1, 1, 1, 1] 915
[0, 0, 1, 1, 1, 1, 1] 918
[0, 0, 1, 1, 1, 1, 1] 938
[0, 0, 1, 1, 1, 1, 1] 976
[0, 0, 0, 1, 1, 1, 1] 183
[0, 0, 0, 1, 1, 1, 1] 219
[0, 0, 0, 1, 1, 1, 1] 230
[0, 0, 0, 1, 1, 1, 1] 251
[0, 0, 0, 1, 1, 1, 1] 378
[0, 0, 0, 1, 1, 1, 1] 539
[0, 0, 0, 1, 1, 1, 1] 561
[0, 0, 0, 1, 1, 1, 1] 575
[0, 0, 0, 1, 1, 1, 1] 582
[0, 0, 0, 1, 1, 1, 1] 678
[0, 0, 0, 1, 1, 1, 1] 718
[0, 0, 0, 1, 1, 1, 1] 787
[0, 0, 0, 0, 1, 1, 1] 54
[0, 0, 0, 0, 1, 1, 1] 126
[0, 0, 0, 0, 1, 1, 1] 128
[0, 0, 0, 0, 1, 1, 1] 151
[0, 0, 0, 0, 1, 1, 1] 221
[0, 0, 0, 0, 1, 1, 1] 276
[0, 0, 0, 0, 1, 1, 1] 310
[0, 0, 0, 0, 1, 1, 1] 439
[0, 0, 0, 0, 1, 1, 1] 656
[0, 0, 0, 0, 1, 1, 1] 704
[0, 0, 0, 0, 1, 1, 1] 770
[0, 0, 0, 0, 1, 1, 1] 826
[0, 0, 0, 0, 1, 1, 1] 916
[0, 0, 0, 0, 1, 1, 1] 975
[0, 0, 0, 0, 0, 1, 1] 33
[0, 0, 0, 0, 0, 1, 1] 130
[0, 0, 0, 0, 0, 1, 1] 142
[0, 0, 0, 0, 0, 1, 1] 165
[0, 0, 0, 0, 0, 1, 1] 300
[0, 0, 0, 0, 0, 1, 1] 437
[0, 0, 0, 0, 0, 1, 1] 560
[0, 0, 0, 0, 0, 1, 1] 605
[0, 0, 0, 0, 0, 1, 1] 649
[0, 0, 0, 0, 0, 1, 1] 692
[0, 0, 0, 0, 0, 1, 1] 746
[0, 0, 0, 0, 0, 1, 1] 750
[0, 0, 0, 0, 0, 1, 1] 751
[0, 0, 0, 0, 0, 1, 1] 831
[0, 0, 0, 0, 0, 1, 1] 839
[0, 0, 0, 0, 0, 1, 1] 859
[0, 0, 0, 0, 0, 1, 1] 874
[0, 0, 0, 0, 0, 1, 1] 874
[0, 0, 0, 0, 0, 1, 1] 936
[0, 0, 0, 0, 0, 1, 1] 962
[0, 0, 0, 0, 0, 0, 1] 17
[0, 0, 0, 0, 0, 0, 1] 37
[0, 0, 0, 0, 0, 0, 1] 140
[0, 0, 0, 0, 0, 0, 1] 179
[0, 0, 0, 0, 0, 0, 1] 249
[0, 0, 0, 0, 0, 0, 1] 284
[0, 0, 0, 0, 0, 0, 1] 290
[0, 0, 0, 0, 0, 0, 1] 318
[0, 0, 0, 0, 0, 0, 1] 417
[0, 0, 0, 0, 0, 0, 1] 452
[0, 0, 0, 0, 0, 0, 1] 705
[0, 0, 0, 0, 0, 0, 1] 761
[0, 0, 0, 0, 0, 0, 1] 860
[0, 0, 0, 0, 0, 0, 1] 891
[0, 0, 0, 0, 0, 0, 1] 929
[0, 0, 0, 0, 0, 0, 1] 955
