VARIABLES 100
NB_OBJ 7
ITEMS
[1, 1, 1, 1, 1, 1, 1] 12
[1, 1, 1, 1, 1, 1, 1] 85
[1, 1, 1, 1, 1, 1, 1] 112
[1, 1, 1, 1, 1, 1, 1] 168
[1, 1, 1, 1, 1, 1, 1] 236
[1, 1, 1, 1, 1, 1, 1] 269
[1, 1, 1, 1, 1, 1, 1] 346
[1, 1, 1, 1, 1, 1, 1] 459
[1, 1, 1, 1, 1, 1, 1] 506
[1, 1, 1, 1, 1, 1, 1] 525
[1, 1, 1, 1, 1, 1, 1] 539
[1, 1, 1, 1, 1, 1, 1] 640
[1, 1, 1, 1, 1, 1, 1] 706
[1, 1, 1, 1, 1, 1, 1] 725
[1, 1, 1, 1, 1, 1, 1] 734
[1, 1, 1, 1, 1, 1, 1] 877
[0, 1, 1, 1, 1, 1, 1] 41
[0, 1, 1, 1, 1, 1, 1] 84
[0, 1, 1, 1, 1, 1, 1] 246
[0, 1, 1, 1, 1, 1, 1] 295
[0, 1, 1, 1, 1, 1, 1] 295
[0, 1, 1, 1, 1, 1, 1] 517
[0, 1, 1, 1, 1, 1, 1] 787
[0, 1, 1, 1, 1, 1, 1] 796
[0, 1, 1, 1, 1, 1, 1] 842
[0, 1, 1, 1, 1, 1, 1] 856
[0, 1, 1, 1, 1, 1, 1] 890
[0, 1, 1, 1, 1, 1, 1] 898
[0, 1, 1, 1, 1, 1, 1] 973
[0, 0, 1, 1, 1, 1, 1] 8
[0, 0, 1, 1, 1, 1, 1] 49
[0, 0, 1, 1, 1, 1, 1] 135
[0, 0, 1, 1, 1, 1, 1] 152
[0, 0, 1, 1, 1, 1, 1] 353
[0, 0, 1, 1, 1, 1, 1] 365
[0, 0, 1, 1, 1, 1, 1] 420
[0, 0, 1, 1, 1, 1, 1] 536
[0, 0, 1, 1, 1, 1, 1] 560
[0, 0, 1, 1, 1, 1, 1] 579
[0, 0, 1, 1, 1, 1, 1] 616
[0, 0, 1, 1, 1, 1, 1] 616
[0, 0, 1, 1, 1, 1, 1] 732
[0, 0, 0, 1, 1, 1, 1] 41
[0, 0, 0, 1, 1, 1, 1] 43
[0, 0, 0, 1, 1, 1, 1] 188
[0, 0, 0, 1, 1, 1, 1] 201
[0, 0, 0, 1, 1, 1, 1] 251
[0, 0, 0, 1, 1, 1, 1] 260
[0, 0, 0, 1, 1, 1, 1] 302
[0, 0, 0, 1, 1, 1, 1] 350
[0, 0, 0, 1, 1, 1, 1] 358
[0, 0, 0, 1, 1, 1, 1] 389
[0, 0, 0, 1, 1, 1, 1] 430
[0, 0, 0, 1, 1, 1, 1] 537
[0, 0, 0, 1, 1, 1, 1] 692
[0, 0, 0, 1, 1, 1, 1] 703
[0, 0, 0, 1, 1, 1, 1] 705
[0, 0, 0, 1, 1, 1, 1] 735
[0, 0, 0, 1, 1, 1, 1] 776
[0, 0, 0, 1, 1, 1, 1] 812
[0, 0, 0, 1, 1, 1, 1] 844
[0, 0, 0, 1, 1, 1, 1] 992
[0, 0, 0, 0, 1, 1, 1] 30
[0, 0, 0, 0, 1, 1, 1] 38
[0, 0, 0, 0, 1, 1, 1] 55
[0, 0, 0, 0, 1, 1, 1] 178
[0, 0, 0, 0, 1, 1, 1] 298
[0, 0, 0, 0, 1, 1, 1] 405
[0, 0, 0, 0, 1, 1, 1] 443
[0, 0, 0, 0, 1, 1, 1] 611
[0, 0, 0, 0, 1, 1, 1] 620
[0, 0, 0, 0, 1, 1, 1] 674
[0, 0, 0, 0, 1, 1, 1] 706
[0, 0, 0, 0, 1, 1, 1] 713
[0, 0, 0, 0, 1, 1, 1] 786
[0, 0, 0, 0, 1, 1, 1] 808
[0, 0, 0, 0, 1, 1, 1] 831
[0, 0, 0, 0, 1, 1, 1] 900
[0, 0, 0, 0, 0, 1, 1] 18
[0, 0, 0, 0, 0, 1, 1] 132
[0, 0, 0, 0, 0, 1, 1] 466
[0, 0, 0, 0, 0, 1, 1] 499
[0, 0, 0, 0, 0, 1, 1] 529
[0, 0, 0, 0, 0, 1, 1] 736
[0, 0, 0, 0, 0, 1, 1] 968
[0, 0, 0, 0, 0, 0, 1] 45
[0, 0, 0, 0, 0, 0, 1] 59
[0, 0, 0, 0, 0, 0, 1] 78
[0, 0, 0, 0, 0, 0, 1] 269
[0, 0, 0, 0, 0, 0, 1] 399
[0, 0, 0, 0, 0, 0, 1] 431
[0, 0, 0, 0, 0, 0, 1] 453
[0, 0, 0, 0, 0, 0, 1] 476
[0, 0, 0, 0, 0, 0, 1] 621
[0, 0, 0, 0, 0, 0, 1] 650
[0, 0, 0, 0, 0, 0, 1] 704
[0, 0, 0, 0, 0, 0, 1] 887
[0, 0, 0, 0, 0, 0, 1] 967
[0, 0, 0, 0, 0, 0, 1] 983
[0, 0, 0, 0, 0, 0, 1] 985
