VARIABLES 100
NB_OBJ 7
ITEMS
[1, 1, 1, 1, 1, 1, 1] 102
[1, 1, 1, 1, 1, 1, 1] 126
[1, 1, 1, 1, 1, 1, 1] 203
[1, 1, 1, 1, 1, 1, 1] 250
[1, 1, 1, 1, 1, 1, 1] 562
[1, 1, 1, 1, 1, 1, 1] 630
[1, 1, 1, 1, 1, 1, 1] 652
[1, 1, 1, 1, 1, 1, 1] 665
[1, 1, 1, 1, 1, 1, 1] 904
[1, 1, 1, 1, 1, 1, 1] 938
[1, 1, 1, 1, 1, 1, 1] 958
[1, 1, 1, 1, 1, 1, 1] 966
[0, 1, 1, 1, 1, 1, 1] 14
[0, 1, 1, 1, 1, 1, 1] 187
[0, 1, 1, 1, 1, 1, 1] 222
[0, 1, 1, 1, 1, 1, 1] 226
[0, 1, 1, 1, 1, 1, 1] 263
[0, 1, 1, 1, 1, 1, 1] 372
[0, 1, 1, 1, 1, 1, 1] 427
[0, 1, 1, 1, 1, 1, 1] 672
[0, 1, 1, 1, 1, 1, 1] 692
[0, 1, 1, 1, 1, 1, 1] 758
[0, 1, 1, 1, 1, 1, 1] 870
[0, 1, 1, 1, 1, 1, 1] 880
[0, 1, 1, 1, 1, 1, 1] 901
[0, 1, 1, 1, 1, 1, 1] 915
[0, 0, 1, 1, 1, 1, 1] 58
[0, 0, 1, 1, 1, 1, 1] 78
[0, 0, 1, 1, 1, 1, 1] 132
[0, 0, 1, 1, 1, 1, 1] 153
[0, 0, 1, 1, 1, 1, 1] 154
[0, 0, 1, 1, 1, 1, 1] 167
[0, 0, 1, 1, 1, 1, 1] 182
[0, 0, 1, 1, 1, 1, 1] 191
[0, 0, 1, 1, 1, 1, 1] 236
[0, 0, 1, 1, 1, 1, 1] 243
[0, 0, 1, 1, 1, 1, 1] 305
[0, 0, 1, 1, 1, 1, 1] 467
[0, 0, 1, 1, 1, 1, 1] 474
[0, 0, 1, 1, 1, 1, 1] 858
[0, 0, 1, 1, 1, 1, 1] 876
[0, 0, 1, 1, 1, 1, 1] 934
[0, 0, 1, 1, 1, 1, 1] 972
[0, 0, 1, 1, 1, 1, 1] 978
[0, 0, 0, 1, 1, 1, 1] 5
[0, 0, 0, 1, 1, 1, 1] 16
[0, 0, 0, 1, 1, 1, 1] 61
[0, 0, 0, 1, 1, 1, 1] 78
[0, 0, 0, 1, 1, 1, 1] 218
[0, 0, 0, 1, 1, 1, 1] 257
[0, 0, 0, 1, 1, 1, 1] 512
[0, 0, 0, 1, 1, 1, 1] 515
[0, 0, 0, 1, 1, 1, 1] 698
[0, 0, 0, 1, 1, 1, 1] 759
[0, 0, 0, 1, 1, 1, 1] 859
[0, 0, 0, 1, 1, 1, 1] 886
[0, 0, 0, 1, 1, 1, 1] 898
[0, 0, 0, 1, 1, 1, 1] 914
[0, 0, 0, 1, 1, 1, 1] 950
[0, 0, 0, 0, 1, 1, 1] 129
[0, 0, 0, 0, 1, 1, 1] 446
[0, 0, 0, 0, 1, 1, 1] 534
[0, 0, 0, 0, 1, 1, 1] 554
[0, 0, 0, 0, 1, 1, 1] 669
[0, 0, 0, 0, 1, 1, 1] 698
[0, 0, 0, 0, 1, 1, 1] 811
[0, 0, 0, 0, 0, 1, 1] 133
[0, 0, 0, 0, 0, 1, 1] 212
[0, 0, 0, 0, 0, 1, 1] 239
[0, 0, 0, 0, 0, 1, 1] 283
[0, 0, 0, 0, 0, 1, 1] 314
[0, 0, 0, 0, 0, 1, 1] 378
[0, 0, 0, 0, 0, 1, 1] 440
[0, 0, 0, 0, 0, 1, 1] 524
[0, 0, 0, 0, 0, 1, 1] 527
[0, 0, 0, 0, 0, 1, 1] 606
[0, 0, 0, 0, 0, 1, 1] 638
[0, 0, 0, 0, 0, 1, 1] 651
[0, 0, 0, 0, 0, 1, 1] 711
[0, 0, 0, 0, 0, 1, 1] 725
[0, 0, 0, 0, 0, 1, 1] 776
[0, 0, 0, 0, 0, 1, 1] 829
[0, 0, 0, 0, 0, 1, 1] 833
[0, 0, 0, 0, 0, 1, 1] 858
[0, 0, 0, 0, 0, 1, 1] 929
[0, 0, 0, 0, 0, 1, 1] 953
[0, 0, 0, 0, 0, 0, 1] 19
[0, 0, 0, 0, 0, 0, 1] 54
[0, 0, 0, 0, 0, 0, 1] 117
[0, 0, 0, 0, 0, 0, 1] 159
[0, 0, 0, 0, 0, 0, 1] 176
[0, 0, 0, 0, 0, 0, 1] 228
[0, 0, 0, 0, 0, 0, 1] 288
[0, 0, 0, 0, 0, 0, 1] 510
[0, 0, 0, 0, 0, 0, 1] 630
[0, 0, 0, 0, 0, 0, 1] 670
[0, 0, 0, 0, 0, 0, 1] 677
[0, 0, 0, 0, 0, 0, 1] 873
[0, 0, 0, 0, 0, 0, 1] 874
[0, 0, 0, 0, 0, 0, 1] 875
