VARIABLES 100
NB_OBJ 7
ITEMS
[1, 1, 1, 1, 1, 1, 1] 130
[1, 1, 1, 1, 1, 1, 1] 177
[1, 1, 1, 1, 1, 1, 1] 303
[1, 1, 1, 1, 1, 1, 1] 350
[1, 1, 1, 1, 1, 1, 1] 369
[1, 1, 1, 1, 1, 1, 1] 466
[1, 1, 1, 1, 1, 1, 1] 584
[1, 1, 1, 1, 1, 1, 1] 634
[1, 1, 1, 1, 1, 1, 1] 645
[1, 1, 1, 1, 1, 1, 1] 703
[1, 1, 1, 1, 1, 1, 1] 771
[1, 1, 1, 1, 1, 1, 1] 834
[0, 1, 1, 1, 1, 1, 1] 242
[0, 1, 1, 1, 1, 1, 1] 383
[0, 1, 1, 1, 1, 1, 1] 436
[0, 1, 1, 1, 1, 1, 1] 544
[0, 1, 1, 1, 1, 1, 1] 572
[0, 1, 1, 1, 1, 1, 1] 634
[0, 1, 1, 1, 1, 1, 1] 775
[0, 1, 1, 1, 1, 1, 1] 780
[0, 1, 1, 1, 1, 1, 1] 889
[0, 0, 1, 1, 1, 1, 1] 139
[0, 0, 1, 1, 1, 1, 1] 140
[0, 0, 1, 1, 1, 1, 1] 213
[0, 0, 1, 1, 1, 1, 1] 311
[0, 0, 1, 1, 1, 1, 1] 371
[0, 0, 1, 1, 1, 1, 1] 373
[0, 0, 1, 1, 1, 1, 1] 389
[0, 0, 1, 1, 1, 1, 1] 413
[0, 0, 1, 1, 1, 1, 1] 431
[0, 0, 1, 1, 1, 1, 1] 476
[0, 0, 1, 1, 1, 1, 1] 543
[0, 0, 1, 1, 1, 1, 1] 637
[0, 0, 1, 1, 1, 1, 1] 661
[0, 0, 1, 1, 1, 1, 1] 685
[0, 0, 1, 1, 1, 1, 1] 694
[0, 0, 1, 1, 1, 1, 1] 754
[0, 0, 1, 1, 1, 1, 1] 776
[0, 0, 1, 1, 1, 1, 1] 834
[0, 0, 1, 1, 1, 1, 1] 929
[0, 0, 0, 1, 1, 1, 1] 48
[0, 0, 0, 1, 1, 1, 1] 206
[0, 0, 0, 1, 1, 1, 1] 229
[0, 0, 0, 1, 1, 1, 1] 236
[0, 0, 0, 1, 1, 1, 1] 323
[0, 0, 0, 1, 1, 1, 1] 341
[0, 0, 0, 1, 1, 1, 1] 447
[0, 0, 0, 1, 1, 1, 1] 513
[0, 0, 0, 1, 1, 1, 1] 552
[0, 0, 0, 1, 1, 1, 1] 555
[0, 0, 0, 1, 1, 1, 1] 616
[0, 0, 0, 1, 1, 1, 1] 639
[0, 0, 0, 1, 1, 1, 1] 674
[0, 0, 0, 1, 1, 1, 1] 818
[0, 0, 0, 1, 1, 1, 1] 860
[0, 0, 0, 1, 1, 1, 1] 897
[0, 0, 0, 1, 1, 1, 1] 903
[0, 0, 0, 1, 1, 1, 1] 919
[0, 0, 0, 1, 1, 1, 1] 932
[0, 0, 0, 0, 1, 1, 1] 106
[0, 0, 0, 0, 1, 1, 1] 121
[0, 0, 0, 0, 1, 1, 1] 347
[0, 0, 0, 0, 1, 1, 1] 543
[0, 0, 0, 0, 1, 1, 1] 585
[0, 0, 0, 0, 1, 1, 1] 595
[0, 0, 0, 0, 1, 1, 1] 632
[0, 0, 0, 0, 1, 1, 1] 635
[0, 0, 0, 0, 1, 1, 1] 695
[0, 0, 0, 0, 1, 1, 1] 728
[0, 0, 0, 0, 1, 1, 1] 748
[0, 0, 0, 0, 1, 1, 1] 754
[0, 0, 0, 0, 1, 1, 1] 766
[0, 0, 0, 0, 1, 1, 1] 906
[0, 0, 0, 0, 0, 1, 1] 103
[0, 0, 0, 0, 0, 1, 1] 211
[0, 0, 0, 0, 0, 1, 1] 332
[0, 0, 0, 0, 0, 1, 1] 350
[0, 0, 0, 0, 0, 1, 1] 373
[0, 0, 0, 0, 0, 1, 1] 553
[0, 0, 0, 0, 0, 1, 1] 555
[0, 0, 0, 0, 0, 1, 1] 645
[0, 0, 0, 0, 0, 1, 1] 864
[0, 0, 0, 0, 0, 1, 1] 934
[0, 0, 0, 0, 0, 1, 1] 955
[0, 0, 0, 0, 0, 1, 1] 989
[0, 0, 0, 0, 0, 0, 1] 208
[0, 0, 0, 0, 0, 0, 1] 215
[0, 0, 0, 0, 0, 0, 1] 268
[0, 0, 0, 0, 0, 0, 1] 289
[0, 0, 0, 0, 0, 0, 1] 322
[0, 0, 0, 0, 0, 0, 1] 333
[0, 0, 0, 0, 0, 0, 1] 402
[0, 0, 0, 0, 0, 0, 1] 410
[0, 0, 0, 0, 0, 0, 1] 472
[0, 0, 0, 0, 0, 0, 1] 581
[0, 0, 0, 0, 0, 0, 1] 582
[0, 0, 0, 0, 0, 0, 1] 796
[0, 0, 0, 0, 0, 0, 1] 818
[0, 0, 0, 0, 0, 0, 1] 832
[0, 0, 0, 0, 0, 0, 1] 948
