VARIABLES 100
NB_OBJ 7
ITEMS
[1, 1, 1, 1, 1, 1, 1] 33
[1, 1, 1, 1, 1, 1, 1] 157
[1, 1, 1, 1, 1, 1, 1] 180
[1, 1, 1, 1, 1, 1, 1] 365
[1, 1, 1, 1, 1, 1, 1] 498
[1, 1, 1, 1, 1, 1, 1] 538
[1, 1, 1, 1, 1, 1, 1] 621
[1, 1, 1, 1, 1, 1, 1] 700
[1, 1, 1, 1, 1, 1, 1] 776
[1, 1, 1, 1, 1, 1, 1] 915
[1, 1, 1, 1, 1, 1, 1] 927
[1, 1, 1, 1, 1, 1, 1] 976
[0, 1, 1, 1, 1, 1, 1] 129
[0, 1, 1, 1, 1, 1, 1] 150
[0, 1, 1, 1, 1, 1, 1] 188
[0, 1, 1, 1, 1, 1, 1] 192
[0, 1, 1, 1, 1, 1, 1] 266
[0, 1, 1, 1, 1, 1, 1] 389
[0, 1, 1, 1, 1, 1, 1] 523
[0, 1, 1, 1, 1, 1, 1] 658
[0, 1, 1, 1, 1, 1, 1] 717
[0, 1, 1, 1, 1, 1, 1] 718
[0, 1, 1, 1, 1, 1, 1] 742
[0, 1, 1, 1, 1, 1, 1] 744
[0, 1, 1, 1, 1, 1, 1] 879
[0, 1, 1, 1, 1, 1, 1] 881
[0, 1, 1, 1, 1, 1, 1] 917
[0, 1, 1, 1, 1, 1, 1] 986
[0, 0, 1, 1, 1, 1, 1] 21
[0, 0, 1, 1, 1, 1, 1] 161
[0, 0, 1, 1, 1, 1, 1] 232
[0, 0, 1, 1, 1, 1, 1] 271
[0, 0, 1, 1, 1, 1, 1] 296
[0, 0, 1, 1, 1, 1, 1] 345
[0, 0, 1, 1, 1, 1, 1] 417
[0, 0, 1, 1, 1, 1, 1] 461
[0, 0, 1, 1, 1, 1, 1] 667
[0, 0, 1, 1, 1, 1, 1] 684
[0, 0, 1, 1, 1, 1, 1] 689
[0, 0, 1, 1, 1, 1, 1] 693
[0, 0, 1, 1, 1, 1, 1] 738
[0, 0, 1, 1, 1, 1, 1] 742
[0, 0, 1, 1, 1, 1, 1] 756
[0, 0, 1, 1, 1, 1, 1] 928
[0, 0, 0, 1, 1, 1, 1] 165
[0, 0, 0, 1, 1, 1, 1] 261
[0, 0, 0, 1, 1, 1, 1] 331
[0, 0, 0, 1, 1, 1, 1] 413
[0, 0, 0, 1, 1, 1, 1] 532
[0, 0, 0, 1, 1, 1, 1] 542
[0, 0, 0, 1, 1, 1, 1] 762
[0, 0, 0, 1, 1, 1, 1] 860
[0, 0, 0, 1, 1, 1, 1] 993
[0, 0, 0, 0, 1, 1, 1] 62
[0, 0, 0, 0, 1, 1, 1] 142
[0, 0, 0, 0, 1, 1, 1] 178
[0, 0, 0, 0, 1, 1, 1] 293
[0, 0, 0, 0, 1, 1, 1] 318
[0, 0, 0, 0, 1, 1, 1] 465
[0, 0, 0, 0, 1, 1, 1] 498
[0, 0, 0, 0, 1, 1, 1] 508
[0, 0, 0, 0, 1, 1, 1] 586
[0, 0, 0, 0, 1, 1, 1] 630
[0, 0, 0, 0, 1, 1, 1] 708
[0, 0, 0, 0, 1, 1, 1] 880
[0, 0, 0, 0, 1, 1, 1] 972
[0, 0, 0, 0, 0, 1, 1] 70
[0, 0, 0, 0, 0, 1, 1] 81
[0, 0, 0, 0, 0, 1, 1] 120
[0, 0, 0, 0, 0, 1, 1] 188
[0, 0, 0, 0, 0, 1, 1] 188
[0, 0, 0, 0, 0, 1, 1] 310
[0, 0, 0, 0, 0, 1, 1] 328
[0, 0, 0, 0, 0, 1, 1] 409
[0, 0, 0, 0, 0, 1, 1] 419
[0, 0, 0, 0, 0, 1, 1] 468
[0, 0, 0, 0, 0, 1, 1] 541
[0, 0, 0, 0, 0, 1, 1] 559
[0, 0, 0, 0, 0, 1, 1] 564
[0, 0, 0, 0, 0, 1, 1] 667
[0, 0, 0, 0, 0, 1, 1] 798
[0, 0, 0, 0, 0, 1, 1] 806
[0, 0, 0, 0, 0, 1, 1] 860
[0, 0, 0, 0, 0, 1, 1] 921
[0, 0, 0, 0, 0, 0, 1] 68
[0, 0, 0, 0, 0, 0, 1] 103
[0, 0, 0, 0, 0, 0, 1] 121
[0, 0, 0, 0, 0, 0, 1] 136
[0, 0, 0, 0, 0, 0, 1] 145
[0, 0, 0, 0, 0, 0, 1] 196
[0, 0, 0, 0, 0, 0, 1] 383
[0, 0, 0, 0, 0, 0, 1] 419
[0, 0, 0, 0, 0, 0, 1] 542
[0, 0, 0, 0, 0, 0, 1] 642
[0, 0, 0, 0, 0, 0, 1] 802
[0, 0, 0, 0, 0, 0, 1] 901
[0, 0, 0, 0, 0, 0, 1] 936
[0, 0, 0, 0, 0, 0, 1] 962
[0, 0, 0, 0, 0, 0, 1] 983
[0, 0, 0, 0, 0, 0, 1] 990
