VARIABLES 100
NB_OBJ 7
ITEMS
[1, 1, 1, 1, 1, 1, 1] 64
[1, 1, 1, 1, 1, 1, 1] 78
[1, 1, 1, 1, 1, 1, 1] 103
[1, 1, 1, 1, 1, 1, 1] 112
[1, 1, 1, 1, 1, 1, 1] 147
[1, 1, 1, 1, 1, 1, 1] 495
[1, 1, 1, 1, 1, 1, 1] 505
[1, 1, 1, 1, 1, 1, 1] 556
[1, 1, 1, 1, 1, 1, 1] 600
[1, 1, 1, 1, 1, 1, 1] 684
[1, 1, 1, 1, 1, 1, 1] 694
[1, 1, 1, 1, 1, 1, 1] 773
[1, 1, 1, 1, 1, 1, 1] 801
[1, 1, 1, 1, 1, 1, 1] 878
[1, 1, 1, 1, 1, 1, 1] 922
[1, 1, 1, 1, 1, 1, 1] 924
[0, 1, 1, 1, 1, 1, 1] 86
[0, 1, 1, 1, 1, 1, 1] 208
[0, 1, 1, 1, 1, 1, 1] 335
[0, 1, 1, 1, 1, 1, 1] 391
[0, 1, 1, 1, 1, 1, 1] 549
[0, 1, 1, 1, 1, 1, 1] 565
[0, 1, 1, 1, 1, 1, 1] 586
[0, 1, 1, 1, 1, 1, 1] 740
[0, 1, 1, 1, 1, 1, 1] 791
[0, 1, 1, 1, 1, 1, 1] 995
[0, 0, 1, 1, 1, 1, 1] 9
[0, 0, 1, 1, 1, 1, 1] 113
[0, 0, 1, 1, 1, 1, 1] 262
[0, 0, 1, 1, 1, 1, 1] 380
[0, 0, 1, 1, 1, 1, 1] 423
[0, 0, 1, 1, 1, 1, 1] 425
[0, 0, 1, 1, 1, 1, 1] 484
[0, 0, 1, 1, 1, 1, 1] 506
[0, 0, 1, 1, 1, 1, 1] 567
[0, 0, 1, 1, 1, 1, 1] 585
[0, 0, 1, 1, 1, 1, 1] 600
[0, 0, 1, 1, 1, 1, 1] 675
[0, 0, 1, 1, 1, 1, 1] 760
[0, 0, 1, 1, 1, 1, 1] 799
[0, 0, 1, 1, 1, 1, 1] 814
[0, 0, 1, 1, 1, 1, 1] 865
[0, 0, 1, 1, 1, 1, 1] 874
[0, 0, 1, 1, 1, 1, 1] 951
[0, 0, 0, 1, 1, 1, 1] 163
[0, 0, 0, 1, 1, 1, 1] 165
[0, 0, 0, 1, 1, 1, 1] 413
[0, 0, 0, 1, 1, 1, 1] 445
[0, 0, 0, 1, 1, 1, 1] 454
[0, 0, 0, 1, 1, 1, 1] 469
[0, 0, 0, 1, 1, 1, 1] 635
[0, 0, 0, 1, 1, 1, 1] 679
[0, 0, 0, 1, 1, 1, 1] 688
[0, 0, 0, 1, 1, 1, 1] 754
[0, 0, 0, 1, 1, 1, 1] 867
[0, 0, 0, 1, 1, 1, 1] 870
[0, 0, 0, 1, 1, 1, 1] 894
[0, 0, 0, 1, 1, 1, 1] 916
[0, 0, 0, 0, 1, 1, 1] 74
[0, 0, 0, 0, 1, 1, 1] 163
[0, 0, 0, 0, 1, 1, 1] 327
[0, 0, 0, 0, 1, 1, 1] 361
[0, 0, 0, 0, 1, 1, 1] 369
[0, 0, 0, 0, 1, 1, 1] 423
[0, 0, 0, 0, 1, 1, 1] 624
[0, 0, 0, 0, 1, 1, 1] 664
[0, 0, 0, 0, 1, 1, 1] 752
[0, 0, 0, 0, 1, 1, 1] 781
[0, 0, 0, 0, 1, 1, 1] 849
[0, 0, 0, 0, 1, 1, 1] 871
[0, 0, 0, 0, 1, 1, 1] 889
[0, 0, 0, 0, 1, 1, 1] 931
[0, 0, 0, 0, 1, 1, 1] 948
[0, 0, 0, 0, 0, 1, 1] 45
[0, 0, 0, 0, 0, 1, 1] 71
[0, 0, 0, 0, 0, 1, 1] 173
[0, 0, 0, 0, 0, 1, 1] 206
[0, 0, 0, 0, 0, 1, 1] 310
[0, 0, 0, 0, 0, 1, 1] 406
[0, 0, 0, 0, 0, 1, 1] 494
[0, 0, 0, 0, 0, 1, 1] 629
[0, 0, 0, 0, 0, 1, 1] 684
[0, 0, 0, 0, 0, 1, 1] 735
[0, 0, 0, 0, 0, 1, 1] 773
[0, 0, 0, 0, 0, 1, 1] 900
[0, 0, 0, 0, 0, 1, 1] 975
[0, 0, 0, 0, 0, 0, 1] 2
[0, 0, 0, 0, 0, 0, 1] 95
[0, 0, 0, 0, 0, 0, 1] 146
[0, 0, 0, 0, 0, 0, 1] 192
[0, 0, 0, 0, 0, 0, 1] 221
[0, 0, 0, 0, 0, 0, 1] 391
[0, 0, 0, 0, 0, 0, 1] 416
[0, 0, 0, 0, 0, 0, 1] 485
[0, 0, 0, 0, 0, 0, 1] 497
[0, 0, 0, 0, 0, 0, 1] 509
[0, 0, 0, 0, 0, 0, 1] 584
[0, 0, 0, 0, 0, 0, 1] 638
[0, 0, 0, 0, 0, 0, 1] 649
[0, 0, 0, 0, 0, 0, 1] 819
