VARIABLES 100
NB_OBJ 7
ITEMS
[1, 1, 1, 1, 1, 1, 1] 125
[1, 1, 1, 1, 1, 1, 1] 157
[1, 1, 1, 1, 1, 1, 1] 203
[1, 1, 1, 1, 1, 1, 1] 213
[1, 1, 1, 1, 1, 1, 1] 220
[1, 1, 1, 1, 1, 1, 1] 334
[1, 1, 1, 1, 1, 1, 1] 412
[1, 1, 1, 1, 1, 1, 1] 481
[1, 1, 1, 1, 1, 1, 1] 507
[1, 1, 1, 1, 1, 1, 1] 614
[1, 1, 1, 1, 1, 1, 1] 658
[1, 1, 1, 1, 1, 1, 1] 700
[1, 1, 1, 1, 1, 1, 1] 710
[1, 1, 1, 1, 1, 1, 1] 725
[1, 1, 1, 1, 1, 1, 1] 877
[1, 1, 1, 1, 1, 1, 1] 953
[1, 1, 1, 1, 1, 1, 1] 956
[0, 1, 1, 1, 1, 1, 1] 87
[0, 1, 1, 1, 1, 1, 1] 111
[0, 1, 1, 1, 1, 1, 1] 260
[0, 1, 1, 1, 1, 1, 1] 434
[0, 1, 1, 1, 1, 1, 1] 578
[0, 1, 1, 1, 1, 1, 1] 620
[0, 1, 1, 1, 1, 1, 1] 646
[0, 1, 1, 1, 1, 1, 1] 869
[0, 1, 1, 1, 1, 1, 1] 889
[0, 1, 1, 1, 1, 1, 1] 990
[0, 0, 1, 1, 1, 1, 1] 185
[0, 0, 1, 1, 1, 1, 1] 219
[0, 0, 1, 1, 1, 1, 1] 297
[0, 0, 1, 1, 1, 1, 1] 338
[0, 0, 1, 1, 1, 1, 1] 344
[0, 0, 1, 1, 1, 1, 1] 404
[0, 0, 1, 1, 1, 1, 1] 530
[0, 0, 1, 1, 1, 1, 1] 620
[0, 0, 1, 1, 1, 1, 1] 660
[0, 0, 1, 1, 1, 1, 1] 747
[0, 0, 1, 1, 1, 1, 1] 837
[0, 0, 1, 1, 1, 1, 1] 850
[0, 0, 1, 1, 1, 1, 1] 928
[0, 0, 1, 1, 1, 1, 1] 934
[0, 0, 1, 1, 1, 1, 1] 936
[0, 0, 1, 1, 1, 1, 1] 975
[0, 0, 0, 1, 1, 1, 1] 76
[0, 0, 0, 1, 1, 1, 1] 79
[0, 0, 0, 1, 1, 1, 1] 151
[0, 0, 0, 1, 1, 1, 1] 154
[0, 0, 0, 1, 1, 1, 1] 309
[0, 0, 0, 1, 1, 1, 1] 330
[0, 0, 0, 1, 1, 1, 1] 567
[0, 0, 0, 1, 1, 1, 1] 672
[0, 0, 0, 1, 1, 1, 1] 759
[0, 0, 0, 1, 1, 1, 1] 801
[0, 0, 0, 1, 1, 1, 1] 855
[0, 0, 0, 1, 1, 1, 1] 872
[0, 0, 0, 1, 1, 1, 1] 986
[0, 0, 0, 0, 1, 1, 1] 34
[0, 0, 0, 0, 1, 1, 1] 249
[0, 0, 0, 0, 1, 1, 1] 304
[0, 0, 0, 0, 1, 1, 1] 405
[0, 0, 0, 0, 1, 1, 1] 512
[0, 0, 0, 0, 1, 1, 1] 538
[0, 0, 0, 0, 1, 1, 1] 574
[0, 0, 0, 0, 1, 1, 1] 587
[0, 0, 0, 0, 1, 1, 1] 650
[0, 0, 0, 0, 1, 1, 1] 694
[0, 0, 0, 0, 1, 1, 1] 933
[0, 0, 0, 0, 1, 1, 1] 978
[0, 0, 0, 0, 0, 1, 1] 31
[0, 0, 0, 0, 0, 1, 1] 54
[0, 0, 0, 0, 0, 1, 1] 78
[0, 0, 0, 0, 0, 1, 1] 84
[0, 0, 0, 0, 0, 1, 1] 165
[0, 0, 0, 0, 0, 1, 1] 210
[0, 0, 0, 0, 0, 1, 1] 403
[0, 0, 0, 0, 0, 1, 1] 497
[0, 0, 0, 0, 0, 1, 1] 575
[0, 0, 0, 0, 0, 1, 1] 579
[0, 0, 0, 0, 0, 1, 1] 587
[0, 0, 0, 0, 0, 1, 1] 589
[0, 0, 0, 0, 0, 1, 1] 633
[0, 0, 0, 0, 0, 1, 1] 638
[0, 0, 0, 0, 0, 1, 1] 654
[0, 0, 0, 0, 0, 1, 1] 723
[0, 0, 0, 0, 0, 1, 1] 792
[0, 0, 0, 0, 0, 1, 1] 868
[0, 0, 0, 0, 0, 0, 1] 49
[0, 0, 0, 0, 0, 0, 1] 102
[0, 0, 0, 0, 0, 0, 1] 143
[0, 0, 0, 0, 0, 0, 1] 337
[0, 0, 0, 0, 0, 0, 1] 398
[0, 0, 0, 0, 0, 0, 1] 455
[0, 0, 0, 0, 0, 0, 1] 667
[0, 0, 0, 0, 0, 0, 1] 678
[0, 0, 0, 0, 0, 0, 1] 765
[0, 0, 0, 0, 0, 0, 1] 780
[0, 0, 0, 0, 0, 0, 1] 916
[0, 0, 0, 0, 0, 0, 1] 959
[0, 0, 0, 0, 0, 0, 1] 986
[0, 0, 0, 0, 0, 0, 1] 995
