VARIABLES 100
NB_OBJ 7
ITEMS
[1, 1, 1, 1, 1, 1, 1] 8
[1, 1, 1, 1, 1, 1, 1] 48
[1, 1, 1, 1, 1, 1, 1] 102
[1, 1, 1, 1, 1, 1, 1] 221
[1, 1, 1, 1, 1, 1, 1] 315
[1, 1, 1, 1, 1, 1, 1] 337
[1, 1, 1, 1, 1, 1, 1] 371
[1, 1, 1, 1, 1, 1, 1] 388
[1, 1, 1, 1, 1, 1, 1] 412
[1, 1, 1, 1, 1, 1, 1] 532
[1, 1, 1, 1, 1, 1, 1] 569
[1, 1, 1, 1, 1, 1, 1] 764
[1, 1, 1, 1, 1, 1, 1] 804
[0, 1, 1, 1, 1, 1, 1] 169
[0, 1, 1, 1, 1, 1, 1] 199
[0, 1, 1, 1, 1, 1, 1] 252
[0, 1, 1, 1, 1, 1, 1] 286
[0, 1, 1, 1, 1, 1, 1] 340
[0, 1, 1, 1, 1, 1, 1] 363
[0, 1, 1, 1, 1, 1, 1] 411
[0, 1, 1, 1, 1, 1, 1] 491
[0, 1, 1, 1, 1, 1, 1] 534
[0, 1, 1, 1, 1, 1, 1] 551
[0, 1, 1, 1, 1, 1, 1] 628
[0, 1, 1, 1, 1, 1, 1] 714
[0, 1, 1, 1, 1, 1, 1] 755
[0, 1, 1, 1, 1, 1, 1] 796
[0, 1, 1, 1, 1, 1, 1] 830
[0, 1, 1, 1, 1, 1, 1] 864
[0, 1, 1, 1, 1, 1, 1] 880
[0, 1, 1, 1, 1, 1, 1] 882
[0, 1, 1, 1, 1, 1, 1] 993
[0, 0, 1, 1, 1, 1, 1] 2
[0, 0, 1, 1, 1, 1, 1] 38
[0, 0, 1, 1, 1, 1, 1] 51
[0, 0, 1, 1, 1, 1, 1] 115
[0, 0, 1, 1, 1, 1, 1] 185
[0, 0, 1, 1, 1, 1, 1] 259
[0, 0, 1, 1, 1, 1, 1] 358
[0, 0, 1, 1, 1, 1, 1] 578
[0, 0, 1, 1, 1, 1, 1] 580
[0, 0, 1, 1, 1, 1, 1] 654
[0, 0, 1, 1, 1, 1, 1] 782
[0, 0, 1, 1, 1, 1, 1] 846
[0, 0, 1, 1, 1, 1, 1] 884
[0, 0, 0, 1, 1, 1, 1] 171
[0, 0, 0, 1, 1, 1, 1] 187
[0, 0, 0, 1, 1, 1, 1] 222
[0, 0, 0, 1, 1, 1, 1] 380
[0, 0, 0, 1, 1, 1, 1] 540
[0, 0, 0, 1, 1, 1, 1] 577
[0, 0, 0, 1, 1, 1, 1] 800
[0, 0, 0, 1, 1, 1, 1] 824
[0, 0, 0, 1, 1, 1, 1] 935
[0, 0, 0, 1, 1, 1, 1] 974
[0, 0, 0, 1, 1, 1, 1] 996
[0, 0, 0, 0, 1, 1, 1] 33
[0, 0, 0, 0, 1, 1, 1] 56
[0, 0, 0, 0, 1, 1, 1] 105
[0, 0, 0, 0, 1, 1, 1] 114
[0, 0, 0, 0, 1, 1, 1] 224
[0, 0, 0, 0, 1, 1, 1] 224
[0, 0, 0, 0, 1, 1, 1] 295
[0, 0, 0, 0, 1, 1, 1] 542
[0, 0, 0, 0, 1, 1, 1] 548
[0, 0, 0, 0, 1, 1, 1] 611
[0, 0, 0, 0, 1, 1, 1] 649
[0, 0, 0, 0, 1, 1, 1] 694
[0, 0, 0, 0, 1, 1, 1] 704
[0, 0, 0, 0, 1, 1, 1] 717
[0, 0, 0, 0, 1, 1, 1] 758
[0, 0, 0, 0, 1, 1, 1] 941
[0, 0, 0, 0, 0, 1, 1] 5
[0, 0, 0, 0, 0, 1, 1] 34
[0, 0, 0, 0, 0, 1, 1] 79
[0, 0, 0, 0, 0, 1, 1] 201
[0, 0, 0, 0, 0, 1, 1] 285
[0, 0, 0, 0, 0, 1, 1] 348
[0, 0, 0, 0, 0, 1, 1] 369
[0, 0, 0, 0, 0, 1, 1] 425
[0, 0, 0, 0, 0, 1, 1] 439
[0, 0, 0, 0, 0, 1, 1] 468
[0, 0, 0, 0, 0, 1, 1] 553
[0, 0, 0, 0, 0, 1, 1] 610
[0, 0, 0, 0, 0, 1, 1] 698
[0, 0, 0, 0, 0, 1, 1] 752
[0, 0, 0, 0, 0, 1, 1] 872
[0, 0, 0, 0, 0, 1, 1] 996
[0, 0, 0, 0, 0, 0, 1] 50
[0, 0, 0, 0, 0, 0, 1] 217
[0, 0, 0, 0, 0, 0, 1] 229
[0, 0, 0, 0, 0, 0, 1] 518
[0, 0, 0, 0, 0, 0, 1] 566
[0, 0, 0, 0, 0, 0, 1] 570
[0, 0, 0, 0, 0, 0, 1] 578
[0, 0, 0, 0, 0, 0, 1] 587
[0, 0, 0, 0, 0, 0, 1] 591
[0, 0, 0, 0, 0, 0, 1] 631
[0, 0, 0, 0, 0, 0, 1] 765
[0, 0, 0, 0, 0, 0, 1] 816
