VARIABLES 100
NB_OBJ 7
ITEMS
[1, 1, 1, 1, 1, 1, 1] 109
[1, 1, 1, 1, 1, 1, 1] 190
[1, 1, 1, 1, 1, 1, 1] 193
[1, 1, 1, 1, 1, 1, 1] 202
[1, 1, 1, 1, 1, 1, 1] 233
[1, 1, 1, 1, 1, 1, 1] 251
[1, 1, 1, 1, 1, 1, 1] 340
[1, 1, 1, 1, 1, 1, 1] 355
[1, 1, 1, 1, 1, 1, 1] 385
[1, 1, 1, 1, 1, 1, 1] 440
[1, 1, 1, 1, 1, 1, 1] 577
[1, 1, 1, 1, 1, 1, 1] 596
[1, 1, 1, 1, 1, 1, 1] 607
[1, 1, 1, 1, 1, 1, 1] 625
[1, 1, 1, 1, 1, 1, 1] 746
[1, 1, 1, 1, 1, 1, 1] 979
[0, 1, 1, 1, 1, 1, 1] 109
[0, 1, 1, 1, 1, 1, 1] 138
[0, 1, 1, 1, 1, 1, 1] 354
[0, 1, 1, 1, 1, 1, 1] 367
[0, 1, 1, 1, 1, 1, 1] 389
[0, 1, 1, 1, 1, 1, 1] 418
[0, 1, 1, 1, 1, 1, 1] 530
[0, 1, 1, 1, 1, 1, 1] 533
[0, 1, 1, 1, 1, 1, 1] 594
[0, 1, 1, 1, 1, 1, 1] 793
[0, 1, 1, 1, 1, 1, 1] 809
[0, 1, 1, 1, 1, 1, 1] 932
[0, 0, 1, 1, 1, 1, 1] 67
[0, 0, 1, 1, 1, 1, 1] 193
[0, 0, 1, 1, 1, 1, 1] 293
[0, 0, 1, 1, 1, 1, 1] 336
[0, 0, 1, 1, 1, 1, 1] 339
[0, 0, 1, 1, 1, 1, 1] 344
[0, 0, 1, 1, 1, 1, 1] 433
[0, 0, 1, 1, 1, 1, 1] 454
[0, 0, 1, 1, 1, 1, 1] 463
[0, 0, 1, 1, 1, 1, 1] 571
[0, 0, 1, 1, 1, 1, 1] 615
[0, 0, 1, 1, 1, 1, 1] 832
[0, 0, 1, 1, 1, 1, 1] 903
[0, 0, 1, 1, 1, 1, 1] 996
[0, 0, 0, 1, 1, 1, 1] 46
[0, 0, 0, 1, 1, 1, 1] 99
[0, 0, 0, 1, 1, 1, 1] 203
[0, 0, 0, 1, 1, 1, 1] 265
[0, 0, 0, 1, 1, 1, 1] 274
[0, 0, 0, 1, 1, 1, 1] 284
[0, 0, 0, 1, 1, 1, 1] 292
[0, 0, 0, 1, 1, 1, 1] 326
[0, 0, 0, 1, 1, 1, 1] 361
[0, 0, 0, 1, 1, 1, 1] 390
[0, 0, 0, 1, 1, 1, 1] 400
[0, 0, 0, 1, 1, 1, 1] 404
[0, 0, 0, 1, 1, 1, 1] 458
[0, 0, 0, 1, 1, 1, 1] 463
[0, 0, 0, 1, 1, 1, 1] 524
[0, 0, 0, 1, 1, 1, 1] 540
[0, 0, 0, 1, 1, 1, 1] 550
[0, 0, 0, 1, 1, 1, 1] 555
[0, 0, 0, 1, 1, 1, 1] 683
[0, 0, 0, 1, 1, 1, 1] 861
[0, 0, 0, 0, 1, 1, 1] 8
[0, 0, 0, 0, 1, 1, 1] 140
[0, 0, 0, 0, 1, 1, 1] 184
[0, 0, 0, 0, 1, 1, 1] 342
[0, 0, 0, 0, 1, 1, 1] 471
[0, 0, 0, 0, 1, 1, 1] 473
[0, 0, 0, 0, 1, 1, 1] 551
[0, 0, 0, 0, 1, 1, 1] 561
[0, 0, 0, 0, 1, 1, 1] 678
[0, 0, 0, 0, 1, 1, 1] 736
[0, 0, 0, 0, 1, 1, 1] 756
[0, 0, 0, 0, 1, 1, 1] 777
[0, 0, 0, 0, 1, 1, 1] 827
[0, 0, 0, 0, 1, 1, 1] 957
[0, 0, 0, 0, 1, 1, 1] 966
[0, 0, 0, 0, 1, 1, 1] 978
[0, 0, 0, 0, 0, 1, 1] 128
[0, 0, 0, 0, 0, 1, 1] 157
[0, 0, 0, 0, 0, 1, 1] 250
[0, 0, 0, 0, 0, 1, 1] 268
[0, 0, 0, 0, 0, 1, 1] 306
[0, 0, 0, 0, 0, 1, 1] 645
[0, 0, 0, 0, 0, 1, 1] 662
[0, 0, 0, 0, 0, 1, 1] 837
[0, 0, 0, 0, 0, 1, 1] 854
[0, 0, 0, 0, 0, 1, 1] 880
[0, 0, 0, 0, 0, 1, 1] 883
[0, 0, 0, 0, 0, 0, 1] 13
[0, 0, 0, 0, 0, 0, 1] 135
[0, 0, 0, 0, 0, 0, 1] 341
[0, 0, 0, 0, 0, 0, 1] 410
[0, 0, 0, 0, 0, 0, 1] 439
[0, 0, 0, 0, 0, 0, 1] 533
[0, 0, 0, 0, 0, 0, 1] 546
[0, 0, 0, 0, 0, 0, 1] 592
[0, 0, 0, 0, 0, 0, 1] 620
[0, 0, 0, 0, 0, 0, 1] 654
[0, 0, 0, 0, 0, 0, 1] 823
