VARIABLES 100
NB_OBJ 7
ITEMS
[1, 1, 1, 1, 1, 1, 1] 83
[1, 1, 1, 1, 1, 1, 1] 138
[1, 1, 1, 1, 1, 1, 1] 162
[1, 1, 1, 1, 1, 1, 1] 251
[1, 1, 1, 1, 1, 1, 1] 436
[1, 1, 1, 1, 1, 1, 1] 525
[1, 1, 1, 1, 1, 1, 1] 767
[1, 1, 1, 1, 1, 1, 1] 912
[1, 1, 1, 1, 1, 1, 1] 927
[0, 1, 1, 1, 1, 1, 1] 25
[0, 1, 1, 1, 1, 1, 1] 138
[0, 1, 1, 1, 1, 1, 1] 247
[0, 1, 1, 1, 1, 1, 1] 482
[0, 1, 1, 1, 1, 1, 1] 483
[0, 1, 1, 1, 1, 1, 1] 515
[0, 1, 1, 1, 1, 1, 1] 532
[0, 1, 1, 1, 1, 1, 1] 553
[0, 1, 1, 1, 1, 1, 1] 563
[0, 1, 1, 1, 1, 1, 1] 566
[0, 1, 1, 1, 1, 1, 1] 628
[0, 1, 1, 1, 1, 1, 1] 638
[0, 1, 1, 1, 1, 1, 1] 790
[0, 1, 1, 1, 1, 1, 1] 872
[0, 1, 1, 1, 1, 1, 1] 934
[0, 1, 1, 1, 1, 1, 1] 960
[0, 0, 1, 1, 1, 1, 1] 13
[0, 0, 1, 1, 1, 1, 1] 77
[0, 0, 1, 1, 1, 1, 1] 175
[0, 0, 1, 1, 1, 1, 1] 234
[0, 0, 1, 1, 1, 1, 1] 363
[0, 0, 1, 1, 1, 1, 1] 413
[0, 0, 1, 1, 1, 1, 1] 500
[0, 0, 1, 1, 1, 1, 1] 605
[0, 0, 1, 1, 1, 1, 1] 697
[0, 0, 1, 1, 1, 1, 1] 698
[0, 0, 1, 1, 1, 1, 1] 772
[0, 0, 1, 1, 1, 1, 1] 872
[0, 0, 1, 1, 1, 1, 1] 902
[0, 0, 0, 1, 1, 1, 1] 171
[0, 0, 0, 1, 1, 1, 1] 174
[0, 0, 0, 1, 1, 1, 1] 183
[0, 0, 0, 1, 1, 1, 1] 329
[0, 0, 0, 1, 1, 1, 1] 529
[0, 0, 0, 1, 1, 1, 1] 666
[0, 0, 0, 1, 1, 1, 1] 744
[0, 0, 0, 1, 1, 1, 1] 792
[0, 0, 0, 1, 1, 1, 1] 817
[0, 0, 0, 1, 1, 1, 1] 834
[0, 0, 0, 1, 1, 1, 1] 928
[0, 0, 0, 1, 1, 1, 1] 994
[0, 0, 0, 0, 1, 1, 1] 8
[0, 0, 0, 0, 1, 1, 1] 57
[0, 0, 0, 0, 1, 1, 1] 178
[0, 0, 0, 0, 1, 1, 1] 251
[0, 0, 0, 0, 1, 1, 1] 318
[0, 0, 0, 0, 1, 1, 1] 347
[0, 0, 0, 0, 1, 1, 1] 354
[0, 0, 0, 0, 1, 1, 1] 563
[0, 0, 0, 0, 1, 1, 1] 611
[0, 0, 0, 0, 1, 1, 1] 665
[0, 0, 0, 0, 1, 1, 1] 708
[0, 0, 0, 0, 1, 1, 1] 715
[0, 0, 0, 0, 1, 1, 1] 724
[0, 0, 0, 0, 1, 1, 1] 823
[0, 0, 0, 0, 1, 1, 1] 867
[0, 0, 0, 0, 1, 1, 1] 924
[0, 0, 0, 0, 0, 1, 1] 27
[0, 0, 0, 0, 0, 1, 1] 33
[0, 0, 0, 0, 0, 1, 1] 40
[0, 0, 0, 0, 0, 1, 1] 77
[0, 0, 0, 0, 0, 1, 1] 161
[0, 0, 0, 0, 0, 1, 1] 229
[0, 0, 0, 0, 0, 1, 1] 325
[0, 0, 0, 0, 0, 1, 1] 350
[0, 0, 0, 0, 0, 1, 1] 380
[0, 0, 0, 0, 0, 1, 1] 447
[0, 0, 0, 0, 0, 1, 1] 448
[0, 0, 0, 0, 0, 1, 1] 465
[0, 0, 0, 0, 0, 1, 1] 508
[0, 0, 0, 0, 0, 1, 1] 673
[0, 0, 0, 0, 0, 1, 1] 715
[0, 0, 0, 0, 0, 1, 1] 761
[0, 0, 0, 0, 0, 1, 1] 784
[0, 0, 0, 0, 0, 1, 1] 806
[0, 0, 0, 0, 0, 0, 1] 103
[0, 0, 0, 0, 0, 0, 1] 141
[0, 0, 0, 0, 0, 0, 1] 188
[0, 0, 0, 0, 0, 0, 1] 239
[0, 0, 0, 0, 0, 0, 1] 274
[0, 0, 0, 0, 0, 0, 1] 342
[0, 0, 0, 0, 0, 0, 1] 433
[0, 0, 0, 0, 0, 0, 1] 449
[0, 0, 0, 0, 0, 0, 1] 572
[0, 0, 0, 0, 0, 0, 1] 636
[0, 0, 0, 0, 0, 0, 1] 711
[0, 0, 0, 0, 0, 0, 1] 715
[0, 0, 0, 0, 0, 0, 1] 724
[0, 0, 0, 0, 0, 0, 1] 818
[0, 0, 0, 0, 0, 0, 1] 862
[0, 0, 0, 0, 0, 0, 1] 941
