VARIABLES 100
NB_OBJ 7
ITEMS
[1, 1, 1, 1, 1, 1, 1] 67
[1, 1, 1, 1, 1, 1, 1] 72
[1, 1, 1, 1, 1, 1, 1] 78
[1, 1, 1, 1, 1, 1, 1] 388
[1, 1, 1, 1, 1, 1, 1] 430
[1, 1, 1, 1, 1, 1, 1] 472
[1, 1, 1, 1, 1, 1, 1] 508
[1, 1, 1, 1, 1, 1, 1] 564
[1, 1, 1, 1, 1, 1, 1] 792
[1, 1, 1, 1, 1, 1, 1] 818
[1, 1, 1, 1, 1, 1, 1] 833
[1, 1, 1, 1, 1, 1, 1] 844
[1, 1, 1, 1, 1, 1, 1] 885
[1, 1, 1, 1, 1, 1, 1] 911
[1, 1, 1, 1, 1, 1, 1] 921
[0, 1, 1, 1, 1, 1, 1] 133
[0, 1, 1, 1, 1, 1, 1] 269
[0, 1, 1, 1, 1, 1, 1] 299
[0, 1, 1, 1, 1, 1, 1] 457
[0, 1, 1, 1, 1, 1, 1] 490
[0, 1, 1, 1, 1, 1, 1] 553
[0, 1, 1, 1, 1, 1, 1] 599
[0, 1, 1, 1, 1, 1, 1] 640
[0, 1, 1, 1, 1, 1, 1] 732
[0, 1, 1, 1, 1, 1, 1] 740
[0, 0, 1, 1, 1, 1, 1] 19
[0, 0, 1, 1, 1, 1, 1] 73
[0, 0, 1, 1, 1, 1, 1] 138
[0, 0, 1, 1, 1, 1, 1] 246
[0, 0, 1, 1, 1, 1, 1] 301
[0, 0, 1, 1, 1, 1, 1] 380
[0, 0, 1, 1, 1, 1, 1] 447
[0, 0, 1, 1, 1, 1, 1] 530
[0, 0, 1, 1, 1, 1, 1] 577
[0, 0, 1, 1, 1, 1, 1] 651
[0, 0, 1, 1, 1, 1, 1] 662
[0, 0, 1, 1, 1, 1, 1] 802
[0, 0, 1, 1, 1, 1, 1] 929
[0, 0, 1, 1, 1, 1, 1] 958
[0, 0, 0, 1, 1, 1, 1] 181
[0, 0, 0, 1, 1, 1, 1] 375
[0, 0, 0, 1, 1, 1, 1] 421
[0, 0, 0, 1, 1, 1, 1] 458
[0, 0, 0, 1, 1, 1, 1] 471
[0, 0, 0, 1, 1, 1, 1] 479
[0, 0, 0, 1, 1, 1, 1] 517
[0, 0, 0, 1, 1, 1, 1] 747
[0, 0, 0, 1, 1, 1, 1] 774
[0, 0, 0, 1, 1, 1, 1] 785
[0, 0, 0, 1, 1, 1, 1] 822
[0, 0, 0, 1, 1, 1, 1] 838
[0, 0, 0, 1, 1, 1, 1] 844
[0, 0, 0, 1, 1, 1, 1] 956
[0, 0, 0, 0, 1, 1, 1] 50
[0, 0, 0, 0, 1, 1, 1] 160
[0, 0, 0, 0, 1, 1, 1] 177
[0, 0, 0, 0, 1, 1, 1] 374
[0, 0, 0, 0, 1, 1, 1] 376
[0, 0, 0, 0, 1, 1, 1] 389
[0, 0, 0, 0, 1, 1, 1] 392
[0, 0, 0, 0, 1, 1, 1] 478
[0, 0, 0, 0, 1, 1, 1] 481
[0, 0, 0, 0, 1, 1, 1] 481
[0, 0, 0, 0, 1, 1, 1] 532
[0, 0, 0, 0, 1, 1, 1] 635
[0, 0, 0, 0, 1, 1, 1] 659
[0, 0, 0, 0, 1, 1, 1] 667
[0, 0, 0, 0, 1, 1, 1] 673
[0, 0, 0, 0, 1, 1, 1] 680
[0, 0, 0, 0, 1, 1, 1] 760
[0, 0, 0, 0, 1, 1, 1] 822
[0, 0, 0, 0, 0, 1, 1] 16
[0, 0, 0, 0, 0, 1, 1] 130
[0, 0, 0, 0, 0, 1, 1] 231
[0, 0, 0, 0, 0, 1, 1] 304
[0, 0, 0, 0, 0, 1, 1] 307
[0, 0, 0, 0, 0, 1, 1] 408
[0, 0, 0, 0, 0, 1, 1] 505
[0, 0, 0, 0, 0, 1, 1] 667
[0, 0, 0, 0, 0, 1, 1] 681
[0, 0, 0, 0, 0, 1, 1] 705
[0, 0, 0, 0, 0, 1, 1] 717
[0, 0, 0, 0, 0, 1, 1] 761
[0, 0, 0, 0, 0, 1, 1] 845
[0, 0, 0, 0, 0, 0, 1] 97
[0, 0, 0, 0, 0, 0, 1] 186
[0, 0, 0, 0, 0, 0, 1] 189
[0, 0, 0, 0, 0, 0, 1] 217
[0, 0, 0, 0, 0, 0, 1] 240
[0, 0, 0, 0, 0, 0, 1] 368
[0, 0, 0, 0, 0, 0, 1] 407
[0, 0, 0, 0, 0, 0, 1] 410
[0, 0, 0, 0, 0, 0, 1] 552
[0, 0, 0, 0, 0, 0, 1] 557
[0, 0, 0, 0, 0, 0, 1] 600
[0, 0, 0, 0, 0, 0, 1] 754
[0, 0, 0, 0, 0, 0, 1] 755
[0, 0, 0, 0, 0, 0, 1] 795
[0, 0, 0, 0, 0, 0, 1] 815
[0, 0, 0, 0, 0, 0, 1] 975
