VARIABLES 100
NB_OBJ 7
ITEMS
[1, 1, 1, 1, 1, 1, 1] 8
[1, 1, 1, 1, 1, 1, 1] 74
[1, 1, 1, 1, 1, 1, 1] 118
[1, 1, 1, 1, 1, 1, 1] 336
[1, 1, 1, 1, 1, 1, 1] 389
[1, 1, 1, 1, 1, 1, 1] 419
[1, 1, 1, 1, 1, 1, 1] 466
[1, 1, 1, 1, 1, 1, 1] 479
[1, 1, 1, 1, 1, 1, 1] 615
[1, 1, 1, 1, 1, 1, 1] 649
[1, 1, 1, 1, 1, 1, 1] 687
[1, 1, 1, 1, 1, 1, 1] 932
[1, 1, 1, 1, 1, 1, 1] 934
[0, 1, 1, 1, 1, 1, 1] 30
[0, 1, 1, 1, 1, 1, 1] 73
[0, 1, 1, 1, 1, 1, 1] 100
[0, 1, 1, 1, 1, 1, 1] 134
[0, 1, 1, 1, 1, 1, 1] 218
[0, 1, 1, 1, 1, 1, 1] 317
[0, 1, 1, 1, 1, 1, 1] 426
[0, 1, 1, 1, 1, 1, 1] 470
[0, 1, 1, 1, 1, 1, 1] 484
[0, 1, 1, 1, 1, 1, 1] 519
[0, 1, 1, 1, 1, 1, 1] 524
[0, 1, 1, 1, 1, 1, 1] 590
[0, 1, 1, 1, 1, 1, 1] 590
[0, 1, 1, 1, 1, 1, 1] 660
[0, 1, 1, 1, 1, 1, 1] 757
[0, 1, 1, 1, 1, 1, 1] 819
[0, 1, 1, 1, 1, 1, 1] 849
[0, 1, 1, 1, 1, 1, 1] 922
[0, 0, 1, 1, 1, 1, 1] 124
[0, 0, 1, 1, 1, 1, 1] 154
[0, 0, 1, 1, 1, 1, 1] 159
[0, 0, 1, 1, 1, 1, 1] 174
[0, 0, 1, 1, 1, 1, 1] 291
[0, 0, 1, 1, 1, 1, 1] 438
[0, 0, 1, 1, 1, 1, 1] 469
[0, 0, 1, 1, 1, 1, 1] 584
[0, 0, 1, 1, 1, 1, 1] 684
[0, 0, 1, 1, 1, 1, 1] 745
[0, 0, 1, 1, 1, 1, 1] 760
[0, 0, 1, 1, 1, 1, 1] 902
[0, 0, 1, 1, 1, 1, 1] 963
[0, 0, 1, 1, 1, 1, 1] 978
[0, 0, 1, 1, 1, 1, 1] 999
[0, 0, 0, 1, 1, 1, 1] 160
[0, 0, 0, 1, 1, 1, 1] 184
[0, 0, 0, 1, 1, 1, 1] 222
[0, 0, 0, 1, 1, 1, 1] 236
[0, 0, 0, 1, 1, 1, 1] 391
[0, 0, 0, 1, 1, 1, 1] 408
[0, 0, 0, 1, 1, 1, 1] 465
[0, 0, 0, 1, 1, 1, 1] 566
[0, 0, 0, 1, 1, 1, 1] 664
[0, 0, 0, 1, 1, 1, 1] 686
[0, 0, 0, 1, 1, 1, 1] 971
[0, 0, 0, 0, 1, 1, 1] 62
[0, 0, 0, 0, 1, 1, 1] 100
[0, 0, 0, 0, 1, 1, 1] 155
[0, 0, 0, 0, 1, 1, 1] 206
[0, 0, 0, 0, 1, 1, 1] 344
[0, 0, 0, 0, 1, 1, 1] 410
[0, 0, 0, 0, 1, 1, 1] 421
[0, 0, 0, 0, 1, 1, 1] 496
[0, 0, 0, 0, 1, 1, 1] 513
[0, 0, 0, 0, 1, 1, 1] 516
[0, 0, 0, 0, 1, 1, 1] 547
[0, 0, 0, 0, 1, 1, 1] 710
[0, 0, 0, 0, 1, 1, 1] 749
[0, 0, 0, 0, 1, 1, 1] 771
[0, 0, 0, 0, 1, 1, 1] 796
[0, 0, 0, 0, 1, 1, 1] 881
[0, 0, 0, 0, 1, 1, 1] 898
[0, 0, 0, 0, 1, 1, 1] 963
[0, 0, 0, 0, 0, 1, 1] 25
[0, 0, 0, 0, 0, 1, 1] 174
[0, 0, 0, 0, 0, 1, 1] 186
[0, 0, 0, 0, 0, 1, 1] 306
[0, 0, 0, 0, 0, 1, 1] 319
[0, 0, 0, 0, 0, 1, 1] 408
[0, 0, 0, 0, 0, 1, 1] 439
[0, 0, 0, 0, 0, 1, 1] 452
[0, 0, 0, 0, 0, 1, 1] 468
[0, 0, 0, 0, 0, 1, 1] 519
[0, 0, 0, 0, 0, 1, 1] 657
[0, 0, 0, 0, 0, 1, 1] 877
[0, 0, 0, 0, 0, 0, 1] 40
[0, 0, 0, 0, 0, 0, 1] 61
[0, 0, 0, 0, 0, 0, 1] 205
[0, 0, 0, 0, 0, 0, 1] 250
[0, 0, 0, 0, 0, 0, 1] 524
[0, 0, 0, 0, 0, 0, 1] 662
[0, 0, 0, 0, 0, 0, 1] 814
[0, 0, 0, 0, 0, 0, 1] 849
[0, 0, 0, 0, 0, 0, 1] 857
[0, 0, 0, 0, 0, 0, 1] 935
[0, 0, 0, 0, 0, 0, 1] 967
[0, 0, 0, 0, 0, 0, 1] 973
[0, 0, 0, 0, 0, 0, 1] 994
