VARIABLES 100
NB_OBJ 5
ITEMS
[1, 1, 1, 1, 1] 825
[1, 1, 1, 1, 1] 829
[1, 1, 1, 1, 1] 855
[1, 1, 1, 1, 1] 871
[1, 1, 1, 1, 1] 873
[1, 1, 1, 1, 1] 878
[1, 1, 1, 1, 1] 893
[1, 1, 1, 1, 1] 901
[1, 1, 1, 1, 1] 927
[1, 1, 1, 1, 1] 932
[1, 1, 1, 1, 1] 944
[1, 1, 1, 1, 1] 959
[1, 1, 1, 1, 1] 970
[1, 1, 1, 1, 1] 972
[1, 1, 1, 1, 1] 998
[1, 1, 1, 1, 1] 999
[0, 1, 1, 1, 1] 600
[0, 1, 1, 1, 1] 601
[0, 1, 1, 1, 1] 621
[0, 1, 1, 1, 1] 633
[0, 1, 1, 1, 1] 633
[0, 1, 1, 1, 1] 640
[0, 1, 1, 1, 1] 640
[0, 1, 1, 1, 1] 647
[0, 1, 1, 1, 1] 654
[0, 1, 1, 1, 1] 660
[0, 1, 1, 1, 1] 668
[0, 1, 1, 1, 1] 681
[0, 1, 1, 1, 1] 696
[0, 1, 1, 1, 1] 712
[0, 1, 1, 1, 1] 719
[0, 1, 1, 1, 1] 738
[0, 1, 1, 1, 1] 749
[0, 1, 1, 1, 1] 768
[0, 1, 1, 1, 1] 774
[0, 1, 1, 1, 1] 791
[0, 1, 1, 1, 1] 795
[0, 1, 1, 1, 1] 798
[0, 0, 1, 1, 1] 405
[0, 0, 1, 1, 1] 432
[0, 0, 1, 1, 1] 441
[0, 0, 1, 1, 1] 453
[0, 0, 1, 1, 1] 483
[0, 0, 1, 1, 1] 499
[0, 0, 1, 1, 1] 501
[0, 0, 1, 1, 1] 508
[0, 0, 1, 1, 1] 521
[0, 0, 1, 1, 1] 523
[0, 0, 1, 1, 1] 537
[0, 0, 1, 1, 1] 537
[0, 0, 1, 1, 1] 539
[0, 0, 1, 1, 1] 541
[0, 0, 1, 1, 1] 543
[0, 0, 1, 1, 1] 545
[0, 0, 1, 1, 1] 565
[0, 0, 1, 1, 1] 574
[0, 0, 1, 1, 1] 581
[0, 0, 1, 1, 1] 591
[0, 0, 1, 1, 1] 591
[0, 0, 1, 1, 1] 594
[0, 0, 1, 1, 1] 598
[0, 0, 0, 1, 1] 201
[0, 0, 0, 1, 1] 204
[0, 0, 0, 1, 1] 218
[0, 0, 0, 1, 1] 227
[0, 0, 0, 1, 1] 228
[0, 0, 0, 1, 1] 243
[0, 0, 0, 1, 1] 243
[0, 0, 0, 1, 1] 262
[0, 0, 0, 1, 1] 278
[0, 0, 0, 1, 1] 287
[0, 0, 0, 1, 1] 291
[0, 0, 0, 1, 1] 294
[0, 0, 0, 1, 1] 299
[0, 0, 0, 1, 1] 304
[0, 0, 0, 1, 1] 307
[0, 0, 0, 1, 1] 308
[0, 0, 0, 1, 1] 350
[0, 0, 0, 1, 1] 356
[0, 0, 0, 1, 1] 358
[0, 0, 0, 1, 1] 367
[0, 0, 0, 1, 1] 368
[0, 0, 0, 1, 1] 396
[0, 0, 0, 0, 1] 2
[0, 0, 0, 0, 1] 7
[0, 0, 0, 0, 1] 15
[0, 0, 0, 0, 1] 18
[0, 0, 0, 0, 1] 28
[0, 0, 0, 0, 1] 35
[0, 0, 0, 0, 1] 52
[0, 0, 0, 0, 1] 59
[0, 0, 0, 0, 1] 68
[0, 0, 0, 0, 1] 73
[0, 0, 0, 0, 1] 97
[0, 0, 0, 0, 1] 105
[0, 0, 0, 0, 1] 142
[0, 0, 0, 0, 1] 147
[0, 0, 0, 0, 1] 160
[0, 0, 0, 0, 1] 198
[0, 0, 0, 0, 1] 199
