VARIABLES 100
NB_OBJ 5
ITEMS
[1, 1, 1, 1, 1] 817
[1, 1, 1, 1, 1] 825
[1, 1, 1, 1, 1] 829
[1, 1, 1, 1, 1] 838
[1, 1, 1, 1, 1] 857
[1, 1, 1, 1, 1] 857
[1, 1, 1, 1, 1] 861
[1, 1, 1, 1, 1] 863
[1, 1, 1, 1, 1] 863
[1, 1, 1, 1, 1] 867
[1, 1, 1, 1, 1] 929
[1, 1, 1, 1, 1] 959
[1, 1, 1, 1, 1] 979
[1, 1, 1, 1, 1] 980
[1, 1, 1, 1, 1] 984
[1, 1, 1, 1, 1] 1000
[0, 1, 1, 1, 1] 627
[0, 1, 1, 1, 1] 628
[0, 1, 1, 1, 1] 629
[0, 1, 1, 1, 1] 636
[0, 1, 1, 1, 1] 648
[0, 1, 1, 1, 1] 650
[0, 1, 1, 1, 1] 653
[0, 1, 1, 1, 1] 656
[0, 1, 1, 1, 1] 658
[0, 1, 1, 1, 1] 661
[0, 1, 1, 1, 1] 672
[0, 1, 1, 1, 1] 691
[0, 1, 1, 1, 1] 717
[0, 1, 1, 1, 1] 744
[0, 1, 1, 1, 1] 747
[0, 1, 1, 1, 1] 753
[0, 1, 1, 1, 1] 760
[0, 1, 1, 1, 1] 764
[0, 1, 1, 1, 1] 768
[0, 1, 1, 1, 1] 787
[0, 1, 1, 1, 1] 788
[0, 0, 1, 1, 1] 403
[0, 0, 1, 1, 1] 421
[0, 0, 1, 1, 1] 425
[0, 0, 1, 1, 1] 426
[0, 0, 1, 1, 1] 484
[0, 0, 1, 1, 1] 484
[0, 0, 1, 1, 1] 496
[0, 0, 1, 1, 1] 509
[0, 0, 1, 1, 1] 524
[0, 0, 1, 1, 1] 534
[0, 0, 1, 1, 1] 545
[0, 0, 1, 1, 1] 553
[0, 0, 1, 1, 1] 557
[0, 0, 1, 1, 1] 567
[0, 0, 1, 1, 1] 571
[0, 0, 1, 1, 1] 573
[0, 0, 1, 1, 1] 600
[0, 0, 0, 1, 1] 200
[0, 0, 0, 1, 1] 216
[0, 0, 0, 1, 1] 230
[0, 0, 0, 1, 1] 248
[0, 0, 0, 1, 1] 251
[0, 0, 0, 1, 1] 253
[0, 0, 0, 1, 1] 253
[0, 0, 0, 1, 1] 256
[0, 0, 0, 1, 1] 291
[0, 0, 0, 1, 1] 321
[0, 0, 0, 1, 1] 324
[0, 0, 0, 1, 1] 325
[0, 0, 0, 1, 1] 333
[0, 0, 0, 1, 1] 355
[0, 0, 0, 1, 1] 365
[0, 0, 0, 1, 1] 380
[0, 0, 0, 1, 1] 380
[0, 0, 0, 1, 1] 399
[0, 0, 0, 0, 1] 1
[0, 0, 0, 0, 1] 1
[0, 0, 0, 0, 1] 2
[0, 0, 0, 0, 1] 31
[0, 0, 0, 0, 1] 42
[0, 0, 0, 0, 1] 53
[0, 0, 0, 0, 1] 65
[0, 0, 0, 0, 1] 71
[0, 0, 0, 0, 1] 76
[0, 0, 0, 0, 1] 88
[0, 0, 0, 0, 1] 96
[0, 0, 0, 0, 1] 98
[0, 0, 0, 0, 1] 100
[0, 0, 0, 0, 1] 110
[0, 0, 0, 0, 1] 112
[0, 0, 0, 0, 1] 117
[0, 0, 0, 0, 1] 125
[0, 0, 0, 0, 1] 129
[0, 0, 0, 0, 1] 130
[0, 0, 0, 0, 1] 131
[0, 0, 0, 0, 1] 139
[0, 0, 0, 0, 1] 143
[0, 0, 0, 0, 1] 168
[0, 0, 0, 0, 1] 168
[0, 0, 0, 0, 1] 176
[0, 0, 0, 0, 1] 193
[0, 0, 0, 0, 1] 198
[0, 0, 0, 0, 1] 199
