VARIABLES 100
NB_OBJ 5
ITEMS
[1, 1, 1, 1, 1] 819
[1, 1, 1, 1, 1] 837
[1, 1, 1, 1, 1] 847
[1, 1, 1, 1, 1] 854
[1, 1, 1, 1, 1] 857
[1, 1, 1, 1, 1] 863
[1, 1, 1, 1, 1] 872
[1, 1, 1, 1, 1] 888
[1, 1, 1, 1, 1] 902
[1, 1, 1, 1, 1] 906
[1, 1, 1, 1, 1] 913
[1, 1, 1, 1, 1] 916
[1, 1, 1, 1, 1] 916
[1, 1, 1, 1, 1] 916
[1, 1, 1, 1, 1] 921
[1, 1, 1, 1, 1] 954
[1, 1, 1, 1, 1] 966
[1, 1, 1, 1, 1] 991
[1, 1, 1, 1, 1] 997
[0, 1, 1, 1, 1] 609
[0, 1, 1, 1, 1] 647
[0, 1, 1, 1, 1] 661
[0, 1, 1, 1, 1] 667
[0, 1, 1, 1, 1] 670
[0, 1, 1, 1, 1] 671
[0, 1, 1, 1, 1] 704
[0, 1, 1, 1, 1] 708
[0, 1, 1, 1, 1] 709
[0, 1, 1, 1, 1] 712
[0, 1, 1, 1, 1] 714
[0, 1, 1, 1, 1] 728
[0, 1, 1, 1, 1] 730
[0, 1, 1, 1, 1] 733
[0, 1, 1, 1, 1] 744
[0, 1, 1, 1, 1] 749
[0, 1, 1, 1, 1] 749
[0, 1, 1, 1, 1] 750
[0, 1, 1, 1, 1] 775
[0, 1, 1, 1, 1] 783
[0, 1, 1, 1, 1] 791
[0, 1, 1, 1, 1] 793
[0, 0, 1, 1, 1] 434
[0, 0, 1, 1, 1] 452
[0, 0, 1, 1, 1] 472
[0, 0, 1, 1, 1] 485
[0, 0, 1, 1, 1] 510
[0, 0, 1, 1, 1] 522
[0, 0, 1, 1, 1] 523
[0, 0, 1, 1, 1] 534
[0, 0, 1, 1, 1] 554
[0, 0, 1, 1, 1] 560
[0, 0, 1, 1, 1] 562
[0, 0, 1, 1, 1] 573
[0, 0, 1, 1, 1] 573
[0, 0, 1, 1, 1] 578
[0, 0, 1, 1, 1] 586
[0, 0, 0, 1, 1] 202
[0, 0, 0, 1, 1] 230
[0, 0, 0, 1, 1] 251
[0, 0, 0, 1, 1] 271
[0, 0, 0, 1, 1] 285
[0, 0, 0, 1, 1] 291
[0, 0, 0, 1, 1] 294
[0, 0, 0, 1, 1] 308
[0, 0, 0, 1, 1] 314
[0, 0, 0, 1, 1] 331
[0, 0, 0, 1, 1] 332
[0, 0, 0, 1, 1] 332
[0, 0, 0, 1, 1] 334
[0, 0, 0, 1, 1] 336
[0, 0, 0, 1, 1] 361
[0, 0, 0, 1, 1] 373
[0, 0, 0, 1, 1] 378
[0, 0, 0, 1, 1] 386
[0, 0, 0, 1, 1] 392
[0, 0, 0, 1, 1] 392
[0, 0, 0, 0, 1] 10
[0, 0, 0, 0, 1] 13
[0, 0, 0, 0, 1] 28
[0, 0, 0, 0, 1] 29
[0, 0, 0, 0, 1] 46
[0, 0, 0, 0, 1] 48
[0, 0, 0, 0, 1] 57
[0, 0, 0, 0, 1] 65
[0, 0, 0, 0, 1] 83
[0, 0, 0, 0, 1] 89
[0, 0, 0, 0, 1] 90
[0, 0, 0, 0, 1] 93
[0, 0, 0, 0, 1] 102
[0, 0, 0, 0, 1] 111
[0, 0, 0, 0, 1] 118
[0, 0, 0, 0, 1] 132
[0, 0, 0, 0, 1] 135
[0, 0, 0, 0, 1] 140
[0, 0, 0, 0, 1] 141
[0, 0, 0, 0, 1] 173
[0, 0, 0, 0, 1] 176
[0, 0, 0, 0, 1] 189
[0, 0, 0, 0, 1] 198
[0, 0, 0, 0, 1] 200
