VARIABLES 100
NB_OBJ 5
ITEMS
[1, 1, 1, 1, 1] 809
[1, 1, 1, 1, 1] 813
[1, 1, 1, 1, 1] 824
[1, 1, 1, 1, 1] 861
[1, 1, 1, 1, 1] 880
[1, 1, 1, 1, 1] 889
[1, 1, 1, 1, 1] 891
[1, 1, 1, 1, 1] 906
[1, 1, 1, 1, 1] 907
[1, 1, 1, 1, 1] 907
[1, 1, 1, 1, 1] 911
[1, 1, 1, 1, 1] 915
[1, 1, 1, 1, 1] 918
[1, 1, 1, 1, 1] 929
[1, 1, 1, 1, 1] 933
[1, 1, 1, 1, 1] 942
[1, 1, 1, 1, 1] 968
[1, 1, 1, 1, 1] 968
[1, 1, 1, 1, 1] 998
[1, 1, 1, 1, 1] 1000
[0, 1, 1, 1, 1] 601
[0, 1, 1, 1, 1] 602
[0, 1, 1, 1, 1] 623
[0, 1, 1, 1, 1] 636
[0, 1, 1, 1, 1] 637
[0, 1, 1, 1, 1] 640
[0, 1, 1, 1, 1] 674
[0, 1, 1, 1, 1] 677
[0, 1, 1, 1, 1] 679
[0, 1, 1, 1, 1] 687
[0, 1, 1, 1, 1] 703
[0, 1, 1, 1, 1] 705
[0, 1, 1, 1, 1] 708
[0, 1, 1, 1, 1] 710
[0, 1, 1, 1, 1] 713
[0, 1, 1, 1, 1] 718
[0, 1, 1, 1, 1] 726
[0, 1, 1, 1, 1] 735
[0, 1, 1, 1, 1] 755
[0, 1, 1, 1, 1] 756
[0, 1, 1, 1, 1] 774
[0, 1, 1, 1, 1] 781
[0, 1, 1, 1, 1] 790
[0, 0, 1, 1, 1] 431
[0, 0, 1, 1, 1] 434
[0, 0, 1, 1, 1] 437
[0, 0, 1, 1, 1] 448
[0, 0, 1, 1, 1] 455
[0, 0, 1, 1, 1] 458
[0, 0, 1, 1, 1] 478
[0, 0, 1, 1, 1] 481
[0, 0, 1, 1, 1] 482
[0, 0, 1, 1, 1] 512
[0, 0, 1, 1, 1] 517
[0, 0, 1, 1, 1] 524
[0, 0, 1, 1, 1] 526
[0, 0, 1, 1, 1] 542
[0, 0, 1, 1, 1] 546
[0, 0, 1, 1, 1] 563
[0, 0, 1, 1, 1] 564
[0, 0, 1, 1, 1] 569
[0, 0, 1, 1, 1] 570
[0, 0, 1, 1, 1] 570
[0, 0, 1, 1, 1] 571
[0, 0, 1, 1, 1] 586
[0, 0, 0, 1, 1] 202
[0, 0, 0, 1, 1] 209
[0, 0, 0, 1, 1] 212
[0, 0, 0, 1, 1] 218
[0, 0, 0, 1, 1] 221
[0, 0, 0, 1, 1] 232
[0, 0, 0, 1, 1] 249
[0, 0, 0, 1, 1] 267
[0, 0, 0, 1, 1] 277
[0, 0, 0, 1, 1] 314
[0, 0, 0, 1, 1] 314
[0, 0, 0, 1, 1] 332
[0, 0, 0, 1, 1] 336
[0, 0, 0, 1, 1] 356
[0, 0, 0, 1, 1] 358
[0, 0, 0, 1, 1] 387
[0, 0, 0, 0, 1] 17
[0, 0, 0, 0, 1] 28
[0, 0, 0, 0, 1] 37
[0, 0, 0, 0, 1] 37
[0, 0, 0, 0, 1] 44
[0, 0, 0, 0, 1] 69
[0, 0, 0, 0, 1] 72
[0, 0, 0, 0, 1] 86
[0, 0, 0, 0, 1] 102
[0, 0, 0, 0, 1] 120
[0, 0, 0, 0, 1] 121
[0, 0, 0, 0, 1] 121
[0, 0, 0, 0, 1] 127
[0, 0, 0, 0, 1] 137
[0, 0, 0, 0, 1] 150
[0, 0, 0, 0, 1] 169
[0, 0, 0, 0, 1] 173
[0, 0, 0, 0, 1] 188
[0, 0, 0, 0, 1] 191
