VARIABLES 100
NB_OBJ 5
ITEMS
[1, 1, 1, 1, 1] 823
[1, 1, 1, 1, 1] 880
[1, 1, 1, 1, 1] 884
[1, 1, 1, 1, 1] 887
[1, 1, 1, 1, 1] 906
[1, 1, 1, 1, 1] 912
[1, 1, 1, 1, 1] 926
[1, 1, 1, 1, 1] 950
[1, 1, 1, 1, 1] 956
[1, 1, 1, 1, 1] 959
[1, 1, 1, 1, 1] 963
[1, 1, 1, 1, 1] 972
[1, 1, 1, 1, 1] 975
[1, 1, 1, 1, 1] 986
[1, 1, 1, 1, 1] 997
[0, 1, 1, 1, 1] 615
[0, 1, 1, 1, 1] 616
[0, 1, 1, 1, 1] 619
[0, 1, 1, 1, 1] 659
[0, 1, 1, 1, 1] 662
[0, 1, 1, 1, 1] 676
[0, 1, 1, 1, 1] 678
[0, 1, 1, 1, 1] 682
[0, 1, 1, 1, 1] 692
[0, 1, 1, 1, 1] 711
[0, 1, 1, 1, 1] 722
[0, 1, 1, 1, 1] 746
[0, 1, 1, 1, 1] 749
[0, 1, 1, 1, 1] 754
[0, 1, 1, 1, 1] 755
[0, 1, 1, 1, 1] 762
[0, 1, 1, 1, 1] 765
[0, 1, 1, 1, 1] 788
[0, 0, 1, 1, 1] 436
[0, 0, 1, 1, 1] 448
[0, 0, 1, 1, 1] 451
[0, 0, 1, 1, 1] 452
[0, 0, 1, 1, 1] 452
[0, 0, 1, 1, 1] 472
[0, 0, 1, 1, 1] 481
[0, 0, 1, 1, 1] 501
[0, 0, 1, 1, 1] 504
[0, 0, 1, 1, 1] 506
[0, 0, 1, 1, 1] 514
[0, 0, 1, 1, 1] 514
[0, 0, 1, 1, 1] 524
[0, 0, 1, 1, 1] 552
[0, 0, 1, 1, 1] 556
[0, 0, 1, 1, 1] 561
[0, 0, 1, 1, 1] 564
[0, 0, 1, 1, 1] 565
[0, 0, 1, 1, 1] 572
[0, 0, 1, 1, 1] 582
[0, 0, 1, 1, 1] 583
[0, 0, 1, 1, 1] 586
[0, 0, 1, 1, 1] 587
[0, 0, 0, 1, 1] 200
[0, 0, 0, 1, 1] 201
[0, 0, 0, 1, 1] 207
[0, 0, 0, 1, 1] 207
[0, 0, 0, 1, 1] 223
[0, 0, 0, 1, 1] 237
[0, 0, 0, 1, 1] 241
[0, 0, 0, 1, 1] 245
[0, 0, 0, 1, 1] 279
[0, 0, 0, 1, 1] 280
[0, 0, 0, 1, 1] 297
[0, 0, 0, 1, 1] 307
[0, 0, 0, 1, 1] 310
[0, 0, 0, 1, 1] 312
[0, 0, 0, 1, 1] 313
[0, 0, 0, 1, 1] 313
[0, 0, 0, 1, 1] 313
[0, 0, 0, 1, 1] 342
[0, 0, 0, 1, 1] 349
[0, 0, 0, 1, 1] 361
[0, 0, 0, 1, 1] 379
[0, 0, 0, 1, 1] 382
[0, 0, 0, 1, 1] 397
[0, 0, 0, 0, 1] 10
[0, 0, 0, 0, 1] 32
[0, 0, 0, 0, 1] 54
[0, 0, 0, 0, 1] 58
[0, 0, 0, 0, 1] 70
[0, 0, 0, 0, 1] 72
[0, 0, 0, 0, 1] 80
[0, 0, 0, 0, 1] 85
[0, 0, 0, 0, 1] 94
[0, 0, 0, 0, 1] 103
[0, 0, 0, 0, 1] 104
[0, 0, 0, 0, 1] 108
[0, 0, 0, 0, 1] 112
[0, 0, 0, 0, 1] 133
[0, 0, 0, 0, 1] 142
[0, 0, 0, 0, 1] 144
[0, 0, 0, 0, 1] 164
[0, 0, 0, 0, 1] 177
[0, 0, 0, 0, 1] 186
[0, 0, 0, 0, 1] 188
[0, 0, 0, 0, 1] 199
