VARIABLES 100
NB_OBJ 5
ITEMS
[1, 1, 1, 1, 1] 829
[1, 1, 1, 1, 1] 837
[1, 1, 1, 1, 1] 838
[1, 1, 1, 1, 1] 846
[1, 1, 1, 1, 1] 868
[1, 1, 1, 1, 1] 894
[1, 1, 1, 1, 1] 896
[1, 1, 1, 1, 1] 920
[1, 1, 1, 1, 1] 943
[1, 1, 1, 1, 1] 947
[1, 1, 1, 1, 1] 961
[1, 1, 1, 1, 1] 967
[1, 1, 1, 1, 1] 971
[1, 1, 1, 1, 1] 972
[1, 1, 1, 1, 1] 982
[1, 1, 1, 1, 1] 1000
[0, 1, 1, 1, 1] 605
[0, 1, 1, 1, 1] 621
[0, 1, 1, 1, 1] 628
[0, 1, 1, 1, 1] 631
[0, 1, 1, 1, 1] 704
[0, 1, 1, 1, 1] 728
[0, 1, 1, 1, 1] 729
[0, 1, 1, 1, 1] 738
[0, 1, 1, 1, 1] 741
[0, 1, 1, 1, 1] 745
[0, 1, 1, 1, 1] 750
[0, 1, 1, 1, 1] 755
[0, 1, 1, 1, 1] 768
[0, 1, 1, 1, 1] 770
[0, 1, 1, 1, 1] 775
[0, 1, 1, 1, 1] 798
[0, 0, 1, 1, 1] 412
[0, 0, 1, 1, 1] 423
[0, 0, 1, 1, 1] 429
[0, 0, 1, 1, 1] 446
[0, 0, 1, 1, 1] 448
[0, 0, 1, 1, 1] 487
[0, 0, 1, 1, 1] 502
[0, 0, 1, 1, 1] 516
[0, 0, 1, 1, 1] 518
[0, 0, 1, 1, 1] 531
[0, 0, 1, 1, 1] 539
[0, 0, 1, 1, 1] 541
[0, 0, 1, 1, 1] 543
[0, 0, 1, 1, 1] 557
[0, 0, 1, 1, 1] 568
[0, 0, 1, 1, 1] 582
[0, 0, 1, 1, 1] 599
[0, 0, 0, 1, 1] 205
[0, 0, 0, 1, 1] 207
[0, 0, 0, 1, 1] 207
[0, 0, 0, 1, 1] 208
[0, 0, 0, 1, 1] 209
[0, 0, 0, 1, 1] 212
[0, 0, 0, 1, 1] 213
[0, 0, 0, 1, 1] 218
[0, 0, 0, 1, 1] 221
[0, 0, 0, 1, 1] 223
[0, 0, 0, 1, 1] 223
[0, 0, 0, 1, 1] 234
[0, 0, 0, 1, 1] 239
[0, 0, 0, 1, 1] 242
[0, 0, 0, 1, 1] 254
[0, 0, 0, 1, 1] 256
[0, 0, 0, 1, 1] 266
[0, 0, 0, 1, 1] 274
[0, 0, 0, 1, 1] 280
[0, 0, 0, 1, 1] 283
[0, 0, 0, 1, 1] 301
[0, 0, 0, 1, 1] 305
[0, 0, 0, 1, 1] 339
[0, 0, 0, 1, 1] 342
[0, 0, 0, 1, 1] 342
[0, 0, 0, 1, 1] 362
[0, 0, 0, 1, 1] 363
[0, 0, 0, 1, 1] 371
[0, 0, 0, 1, 1] 381
[0, 0, 0, 1, 1] 391
[0, 0, 0, 0, 1] 7
[0, 0, 0, 0, 1] 10
[0, 0, 0, 0, 1] 14
[0, 0, 0, 0, 1] 18
[0, 0, 0, 0, 1] 24
[0, 0, 0, 0, 1] 40
[0, 0, 0, 0, 1] 47
[0, 0, 0, 0, 1] 52
[0, 0, 0, 0, 1] 52
[0, 0, 0, 0, 1] 73
[0, 0, 0, 0, 1] 110
[0, 0, 0, 0, 1] 118
[0, 0, 0, 0, 1] 123
[0, 0, 0, 0, 1] 128
[0, 0, 0, 0, 1] 130
[0, 0, 0, 0, 1] 157
[0, 0, 0, 0, 1] 160
[0, 0, 0, 0, 1] 174
[0, 0, 0, 0, 1] 177
[0, 0, 0, 0, 1] 181
[0, 0, 0, 0, 1] 198
