VARIABLES 100
NB_OBJ 5
ITEMS
[1, 1, 1, 1, 1] 801
[1, 1, 1, 1, 1] 803
[1, 1, 1, 1, 1] 823
[1, 1, 1, 1, 1] 837
[1, 1, 1, 1, 1] 838
[1, 1, 1, 1, 1] 856
[1, 1, 1, 1, 1] 857
[1, 1, 1, 1, 1] 870
[1, 1, 1, 1, 1] 886
[1, 1, 1, 1, 1] 889
[1, 1, 1, 1, 1] 890
[1, 1, 1, 1, 1] 897
[1, 1, 1, 1, 1] 899
[1, 1, 1, 1, 1] 917
[1, 1, 1, 1, 1] 930
[1, 1, 1, 1, 1] 931
[1, 1, 1, 1, 1] 942
[1, 1, 1, 1, 1] 950
[1, 1, 1, 1, 1] 973
[1, 1, 1, 1, 1] 979
[1, 1, 1, 1, 1] 983
[1, 1, 1, 1, 1] 985
[1, 1, 1, 1, 1] 989
[1, 1, 1, 1, 1] 990
[0, 1, 1, 1, 1] 605
[0, 1, 1, 1, 1] 608
[0, 1, 1, 1, 1] 631
[0, 1, 1, 1, 1] 632
[0, 1, 1, 1, 1] 645
[0, 1, 1, 1, 1] 645
[0, 1, 1, 1, 1] 648
[0, 1, 1, 1, 1] 651
[0, 1, 1, 1, 1] 660
[0, 1, 1, 1, 1] 661
[0, 1, 1, 1, 1] 671
[0, 1, 1, 1, 1] 672
[0, 1, 1, 1, 1] 676
[0, 1, 1, 1, 1] 690
[0, 1, 1, 1, 1] 708
[0, 1, 1, 1, 1] 709
[0, 1, 1, 1, 1] 709
[0, 1, 1, 1, 1] 710
[0, 1, 1, 1, 1] 723
[0, 1, 1, 1, 1] 737
[0, 1, 1, 1, 1] 751
[0, 1, 1, 1, 1] 776
[0, 1, 1, 1, 1] 776
[0, 1, 1, 1, 1] 778
[0, 1, 1, 1, 1] 779
[0, 1, 1, 1, 1] 784
[0, 1, 1, 1, 1] 790
[0, 0, 1, 1, 1] 414
[0, 0, 1, 1, 1] 433
[0, 0, 1, 1, 1] 440
[0, 0, 1, 1, 1] 449
[0, 0, 1, 1, 1] 471
[0, 0, 1, 1, 1] 480
[0, 0, 1, 1, 1] 484
[0, 0, 1, 1, 1] 486
[0, 0, 1, 1, 1] 498
[0, 0, 1, 1, 1] 522
[0, 0, 1, 1, 1] 547
[0, 0, 1, 1, 1] 570
[0, 0, 1, 1, 1] 591
[0, 0, 0, 1, 1] 208
[0, 0, 0, 1, 1] 217
[0, 0, 0, 1, 1] 218
[0, 0, 0, 1, 1] 220
[0, 0, 0, 1, 1] 222
[0, 0, 0, 1, 1] 229
[0, 0, 0, 1, 1] 237
[0, 0, 0, 1, 1] 237
[0, 0, 0, 1, 1] 242
[0, 0, 0, 1, 1] 250
[0, 0, 0, 1, 1] 266
[0, 0, 0, 1, 1] 277
[0, 0, 0, 1, 1] 278
[0, 0, 0, 1, 1] 317
[0, 0, 0, 1, 1] 323
[0, 0, 0, 1, 1] 328
[0, 0, 0, 1, 1] 378
[0, 0, 0, 0, 1] 10
[0, 0, 0, 0, 1] 11
[0, 0, 0, 0, 1] 16
[0, 0, 0, 0, 1] 29
[0, 0, 0, 0, 1] 91
[0, 0, 0, 0, 1] 91
[0, 0, 0, 0, 1] 96
[0, 0, 0, 0, 1] 98
[0, 0, 0, 0, 1] 113
[0, 0, 0, 0, 1] 116
[0, 0, 0, 0, 1] 133
[0, 0, 0, 0, 1] 134
[0, 0, 0, 0, 1] 149
[0, 0, 0, 0, 1] 149
[0, 0, 0, 0, 1] 161
[0, 0, 0, 0, 1] 192
[0, 0, 0, 0, 1] 193
[0, 0, 0, 0, 1] 197
[0, 0, 0, 0, 1] 198
