VARIABLES 100
NB_OBJ 5
ITEMS
[1, 1, 1, 1, 1] 815
[1, 1, 1, 1, 1] 823
[1, 1, 1, 1, 1] 831
[1, 1, 1, 1, 1] 832
[1, 1, 1, 1, 1] 834
[1, 1, 1, 1, 1] 834
[1, 1, 1, 1, 1] 844
[1, 1, 1, 1, 1] 847
[1, 1, 1, 1, 1] 856
[1, 1, 1, 1, 1] 857
[1, 1, 1, 1, 1] 868
[1, 1, 1, 1, 1] 876
[1, 1, 1, 1, 1] 883
[1, 1, 1, 1, 1] 901
[1, 1, 1, 1, 1] 908
[1, 1, 1, 1, 1] 922
[1, 1, 1, 1, 1] 928
[1, 1, 1, 1, 1] 936
[1, 1, 1, 1, 1] 976
[1, 1, 1, 1, 1] 990
[1, 1, 1, 1, 1] 993
[0, 1, 1, 1, 1] 601
[0, 1, 1, 1, 1] 605
[0, 1, 1, 1, 1] 624
[0, 1, 1, 1, 1] 634
[0, 1, 1, 1, 1] 636
[0, 1, 1, 1, 1] 645
[0, 1, 1, 1, 1] 652
[0, 1, 1, 1, 1] 661
[0, 1, 1, 1, 1] 678
[0, 1, 1, 1, 1] 689
[0, 1, 1, 1, 1] 694
[0, 1, 1, 1, 1] 698
[0, 1, 1, 1, 1] 727
[0, 1, 1, 1, 1] 733
[0, 1, 1, 1, 1] 738
[0, 1, 1, 1, 1] 741
[0, 1, 1, 1, 1] 748
[0, 1, 1, 1, 1] 791
[0, 1, 1, 1, 1] 796
[0, 0, 1, 1, 1] 403
[0, 0, 1, 1, 1] 403
[0, 0, 1, 1, 1] 406
[0, 0, 1, 1, 1] 418
[0, 0, 1, 1, 1] 437
[0, 0, 1, 1, 1] 437
[0, 0, 1, 1, 1] 460
[0, 0, 1, 1, 1] 472
[0, 0, 1, 1, 1] 481
[0, 0, 1, 1, 1] 514
[0, 0, 1, 1, 1] 531
[0, 0, 1, 1, 1] 538
[0, 0, 1, 1, 1] 549
[0, 0, 1, 1, 1] 551
[0, 0, 1, 1, 1] 563
[0, 0, 1, 1, 1] 570
[0, 0, 1, 1, 1] 592
[0, 0, 0, 1, 1] 202
[0, 0, 0, 1, 1] 212
[0, 0, 0, 1, 1] 222
[0, 0, 0, 1, 1] 245
[0, 0, 0, 1, 1] 250
[0, 0, 0, 1, 1] 265
[0, 0, 0, 1, 1] 269
[0, 0, 0, 1, 1] 269
[0, 0, 0, 1, 1] 277
[0, 0, 0, 1, 1] 277
[0, 0, 0, 1, 1] 280
[0, 0, 0, 1, 1] 280
[0, 0, 0, 1, 1] 291
[0, 0, 0, 1, 1] 301
[0, 0, 0, 1, 1] 309
[0, 0, 0, 1, 1] 309
[0, 0, 0, 1, 1] 312
[0, 0, 0, 1, 1] 329
[0, 0, 0, 1, 1] 342
[0, 0, 0, 1, 1] 343
[0, 0, 0, 1, 1] 349
[0, 0, 0, 1, 1] 360
[0, 0, 0, 1, 1] 370
[0, 0, 0, 1, 1] 371
[0, 0, 0, 1, 1] 385
[0, 0, 0, 0, 1] 12
[0, 0, 0, 0, 1] 18
[0, 0, 0, 0, 1] 34
[0, 0, 0, 0, 1] 38
[0, 0, 0, 0, 1] 56
[0, 0, 0, 0, 1] 69
[0, 0, 0, 0, 1] 83
[0, 0, 0, 0, 1] 83
[0, 0, 0, 0, 1] 115
[0, 0, 0, 0, 1] 116
[0, 0, 0, 0, 1] 120
[0, 0, 0, 0, 1] 126
[0, 0, 0, 0, 1] 128
[0, 0, 0, 0, 1] 131
[0, 0, 0, 0, 1] 134
[0, 0, 0, 0, 1] 136
[0, 0, 0, 0, 1] 178
[0, 0, 0, 0, 1] 195
