VARIABLES 100
NB_OBJ 5
ITEMS
[1, 1, 1, 1, 1] 808
[1, 1, 1, 1, 1] 821
[1, 1, 1, 1, 1] 833
[1, 1, 1, 1, 1] 849
[1, 1, 1, 1, 1] 860
[1, 1, 1, 1, 1] 865
[1, 1, 1, 1, 1] 873
[1, 1, 1, 1, 1] 875
[1, 1, 1, 1, 1] 892
[1, 1, 1, 1, 1] 893
[1, 1, 1, 1, 1] 913
[1, 1, 1, 1, 1] 915
[1, 1, 1, 1, 1] 919
[1, 1, 1, 1, 1] 924
[1, 1, 1, 1, 1] 930
[1, 1, 1, 1, 1] 941
[1, 1, 1, 1, 1] 943
[1, 1, 1, 1, 1] 946
[1, 1, 1, 1, 1] 949
[1, 1, 1, 1, 1] 963
[1, 1, 1, 1, 1] 990
[1, 1, 1, 1, 1] 995
[0, 1, 1, 1, 1] 607
[0, 1, 1, 1, 1] 611
[0, 1, 1, 1, 1] 621
[0, 1, 1, 1, 1] 634
[0, 1, 1, 1, 1] 653
[0, 1, 1, 1, 1] 653
[0, 1, 1, 1, 1] 655
[0, 1, 1, 1, 1] 661
[0, 1, 1, 1, 1] 680
[0, 1, 1, 1, 1] 719
[0, 1, 1, 1, 1] 739
[0, 1, 1, 1, 1] 744
[0, 1, 1, 1, 1] 751
[0, 1, 1, 1, 1] 762
[0, 1, 1, 1, 1] 769
[0, 1, 1, 1, 1] 769
[0, 1, 1, 1, 1] 772
[0, 1, 1, 1, 1] 782
[0, 0, 1, 1, 1] 405
[0, 0, 1, 1, 1] 415
[0, 0, 1, 1, 1] 419
[0, 0, 1, 1, 1] 423
[0, 0, 1, 1, 1] 445
[0, 0, 1, 1, 1] 451
[0, 0, 1, 1, 1] 464
[0, 0, 1, 1, 1] 465
[0, 0, 1, 1, 1] 466
[0, 0, 1, 1, 1] 467
[0, 0, 1, 1, 1] 469
[0, 0, 1, 1, 1] 499
[0, 0, 1, 1, 1] 501
[0, 0, 1, 1, 1] 530
[0, 0, 1, 1, 1] 530
[0, 0, 1, 1, 1] 546
[0, 0, 1, 1, 1] 563
[0, 0, 1, 1, 1] 567
[0, 0, 1, 1, 1] 578
[0, 0, 0, 1, 1] 226
[0, 0, 0, 1, 1] 244
[0, 0, 0, 1, 1] 246
[0, 0, 0, 1, 1] 258
[0, 0, 0, 1, 1] 275
[0, 0, 0, 1, 1] 286
[0, 0, 0, 1, 1] 291
[0, 0, 0, 1, 1] 298
[0, 0, 0, 1, 1] 317
[0, 0, 0, 1, 1] 324
[0, 0, 0, 1, 1] 330
[0, 0, 0, 1, 1] 339
[0, 0, 0, 1, 1] 347
[0, 0, 0, 1, 1] 355
[0, 0, 0, 1, 1] 363
[0, 0, 0, 1, 1] 369
[0, 0, 0, 1, 1] 372
[0, 0, 0, 1, 1] 379
[0, 0, 0, 1, 1] 387
[0, 0, 0, 1, 1] 395
[0, 0, 0, 1, 1] 399
[0, 0, 0, 0, 1] 17
[0, 0, 0, 0, 1] 27
[0, 0, 0, 0, 1] 41
[0, 0, 0, 0, 1] 69
[0, 0, 0, 0, 1] 71
[0, 0, 0, 0, 1] 115
[0, 0, 0, 0, 1] 120
[0, 0, 0, 0, 1] 124
[0, 0, 0, 0, 1] 139
[0, 0, 0, 0, 1] 143
[0, 0, 0, 0, 1] 147
[0, 0, 0, 0, 1] 153
[0, 0, 0, 0, 1] 169
[0, 0, 0, 0, 1] 171
[0, 0, 0, 0, 1] 176
[0, 0, 0, 0, 1] 177
[0, 0, 0, 0, 1] 180
[0, 0, 0, 0, 1] 191
[0, 0, 0, 0, 1] 192
[0, 0, 0, 0, 1] 196
