VARIABLES 100
NB_OBJ 5
ITEMS
[1, 1, 1, 1, 1] 802
[1, 1, 1, 1, 1] 811
[1, 1, 1, 1, 1] 829
[1, 1, 1, 1, 1] 832
[1, 1, 1, 1, 1] 848
[1, 1, 1, 1, 1] 877
[1, 1, 1, 1, 1] 895
[1, 1, 1, 1, 1] 923
[1, 1, 1, 1, 1] 923
[1, 1, 1, 1, 1] 926
[1, 1, 1, 1, 1] 938
[1, 1, 1, 1, 1] 970
[1, 1, 1, 1, 1] 971
[1, 1, 1, 1, 1] 973
[1, 1, 1, 1, 1] 988
[0, 1, 1, 1, 1] 602
[0, 1, 1, 1, 1] 610
[0, 1, 1, 1, 1] 618
[0, 1, 1, 1, 1] 619
[0, 1, 1, 1, 1] 640
[0, 1, 1, 1, 1] 640
[0, 1, 1, 1, 1] 642
[0, 1, 1, 1, 1] 657
[0, 1, 1, 1, 1] 660
[0, 1, 1, 1, 1] 691
[0, 1, 1, 1, 1] 699
[0, 1, 1, 1, 1] 716
[0, 1, 1, 1, 1] 721
[0, 1, 1, 1, 1] 732
[0, 1, 1, 1, 1] 743
[0, 1, 1, 1, 1] 744
[0, 1, 1, 1, 1] 759
[0, 1, 1, 1, 1] 760
[0, 1, 1, 1, 1] 765
[0, 1, 1, 1, 1] 777
[0, 1, 1, 1, 1] 778
[0, 1, 1, 1, 1] 780
[0, 1, 1, 1, 1] 788
[0, 0, 1, 1, 1] 404
[0, 0, 1, 1, 1] 405
[0, 0, 1, 1, 1] 412
[0, 0, 1, 1, 1] 421
[0, 0, 1, 1, 1] 432
[0, 0, 1, 1, 1] 440
[0, 0, 1, 1, 1] 443
[0, 0, 1, 1, 1] 445
[0, 0, 1, 1, 1] 446
[0, 0, 1, 1, 1] 452
[0, 0, 1, 1, 1] 452
[0, 0, 1, 1, 1] 462
[0, 0, 1, 1, 1] 463
[0, 0, 1, 1, 1] 497
[0, 0, 1, 1, 1] 515
[0, 0, 1, 1, 1] 518
[0, 0, 1, 1, 1] 533
[0, 0, 1, 1, 1] 535
[0, 0, 1, 1, 1] 537
[0, 0, 1, 1, 1] 538
[0, 0, 1, 1, 1] 543
[0, 0, 1, 1, 1] 552
[0, 0, 1, 1, 1] 563
[0, 0, 1, 1, 1] 572
[0, 0, 1, 1, 1] 575
[0, 0, 1, 1, 1] 583
[0, 0, 0, 1, 1] 200
[0, 0, 0, 1, 1] 220
[0, 0, 0, 1, 1] 244
[0, 0, 0, 1, 1] 246
[0, 0, 0, 1, 1] 254
[0, 0, 0, 1, 1] 288
[0, 0, 0, 1, 1] 293
[0, 0, 0, 1, 1] 301
[0, 0, 0, 1, 1] 305
[0, 0, 0, 1, 1] 309
[0, 0, 0, 1, 1] 310
[0, 0, 0, 1, 1] 334
[0, 0, 0, 1, 1] 337
[0, 0, 0, 1, 1] 341
[0, 0, 0, 1, 1] 361
[0, 0, 0, 1, 1] 371
[0, 0, 0, 1, 1] 373
[0, 0, 0, 0, 1] 10
[0, 0, 0, 0, 1] 11
[0, 0, 0, 0, 1] 12
[0, 0, 0, 0, 1] 25
[0, 0, 0, 0, 1] 60
[0, 0, 0, 0, 1] 68
[0, 0, 0, 0, 1] 91
[0, 0, 0, 0, 1] 94
[0, 0, 0, 0, 1] 110
[0, 0, 0, 0, 1] 113
[0, 0, 0, 0, 1] 122
[0, 0, 0, 0, 1] 138
[0, 0, 0, 0, 1] 145
[0, 0, 0, 0, 1] 154
[0, 0, 0, 0, 1] 168
[0, 0, 0, 0, 1] 168
[0, 0, 0, 0, 1] 183
[0, 0, 0, 0, 1] 185
[0, 0, 0, 0, 1] 200
