VARIABLES 100
NB_OBJ 5
ITEMS
[1, 1, 1, 1, 1] 809
[1, 1, 1, 1, 1] 847
[1, 1, 1, 1, 1] 851
[1, 1, 1, 1, 1] 853
[1, 1, 1, 1, 1] 856
[1, 1, 1, 1, 1] 856
[1, 1, 1, 1, 1] 858
[1, 1, 1, 1, 1] 865
[1, 1, 1, 1, 1] 868
[1, 1, 1, 1, 1] 879
[1, 1, 1, 1, 1] 882
[1, 1, 1, 1, 1] 885
[1, 1, 1, 1, 1] 907
[1, 1, 1, 1, 1] 918
[1, 1, 1, 1, 1] 932
[1, 1, 1, 1, 1] 942
[1, 1, 1, 1, 1] 942
[1, 1, 1, 1, 1] 958
[1, 1, 1, 1, 1] 978
[1, 1, 1, 1, 1] 985
[1, 1, 1, 1, 1] 985
[1, 1, 1, 1, 1] 986
[1, 1, 1, 1, 1] 987
[1, 1, 1, 1, 1] 988
[1, 1, 1, 1, 1] 999
[0, 1, 1, 1, 1] 650
[0, 1, 1, 1, 1] 650
[0, 1, 1, 1, 1] 655
[0, 1, 1, 1, 1] 660
[0, 1, 1, 1, 1] 666
[0, 1, 1, 1, 1] 697
[0, 1, 1, 1, 1] 711
[0, 1, 1, 1, 1] 728
[0, 1, 1, 1, 1] 731
[0, 1, 1, 1, 1] 765
[0, 1, 1, 1, 1] 766
[0, 1, 1, 1, 1] 768
[0, 1, 1, 1, 1] 776
[0, 1, 1, 1, 1] 779
[0, 1, 1, 1, 1] 793
[0, 0, 1, 1, 1] 413
[0, 0, 1, 1, 1] 434
[0, 0, 1, 1, 1] 436
[0, 0, 1, 1, 1] 455
[0, 0, 1, 1, 1] 459
[0, 0, 1, 1, 1] 465
[0, 0, 1, 1, 1] 466
[0, 0, 1, 1, 1] 479
[0, 0, 1, 1, 1] 501
[0, 0, 1, 1, 1] 503
[0, 0, 1, 1, 1] 525
[0, 0, 1, 1, 1] 533
[0, 0, 1, 1, 1] 571
[0, 0, 1, 1, 1] 571
[0, 0, 1, 1, 1] 581
[0, 0, 1, 1, 1] 599
[0, 0, 0, 1, 1] 211
[0, 0, 0, 1, 1] 212
[0, 0, 0, 1, 1] 218
[0, 0, 0, 1, 1] 221
[0, 0, 0, 1, 1] 224
[0, 0, 0, 1, 1] 230
[0, 0, 0, 1, 1] 237
[0, 0, 0, 1, 1] 242
[0, 0, 0, 1, 1] 244
[0, 0, 0, 1, 1] 258
[0, 0, 0, 1, 1] 262
[0, 0, 0, 1, 1] 266
[0, 0, 0, 1, 1] 272
[0, 0, 0, 1, 1] 329
[0, 0, 0, 1, 1] 354
[0, 0, 0, 1, 1] 357
[0, 0, 0, 1, 1] 396
[0, 0, 0, 0, 1] 1
[0, 0, 0, 0, 1] 15
[0, 0, 0, 0, 1] 28
[0, 0, 0, 0, 1] 37
[0, 0, 0, 0, 1] 43
[0, 0, 0, 0, 1] 44
[0, 0, 0, 0, 1] 56
[0, 0, 0, 0, 1] 62
[0, 0, 0, 0, 1] 63
[0, 0, 0, 0, 1] 74
[0, 0, 0, 0, 1] 87
[0, 0, 0, 0, 1] 92
[0, 0, 0, 0, 1] 96
[0, 0, 0, 0, 1] 101
[0, 0, 0, 0, 1] 112
[0, 0, 0, 0, 1] 114
[0, 0, 0, 0, 1] 120
[0, 0, 0, 0, 1] 124
[0, 0, 0, 0, 1] 125
[0, 0, 0, 0, 1] 133
[0, 0, 0, 0, 1] 133
[0, 0, 0, 0, 1] 140
[0, 0, 0, 0, 1] 165
[0, 0, 0, 0, 1] 169
[0, 0, 0, 0, 1] 172
[0, 0, 0, 0, 1] 177
[0, 0, 0, 0, 1] 183
