VARIABLES 100
NB_OBJ 5
ITEMS
[1, 1, 1, 1, 1] 806
[1, 1, 1, 1, 1] 822
[1, 1, 1, 1, 1] 830
[1, 1, 1, 1, 1] 857
[1, 1, 1, 1, 1] 865
[1, 1, 1, 1, 1] 866
[1, 1, 1, 1, 1] 892
[1, 1, 1, 1, 1] 892
[1, 1, 1, 1, 1] 898
[1, 1, 1, 1, 1] 906
[1, 1, 1, 1, 1] 909
[1, 1, 1, 1, 1] 918
[1, 1, 1, 1, 1] 920
[1, 1, 1, 1, 1] 931
[1, 1, 1, 1, 1] 932
[1, 1, 1, 1, 1] 939
[1, 1, 1, 1, 1] 953
[1, 1, 1, 1, 1] 956
[1, 1, 1, 1, 1] 969
[0, 1, 1, 1, 1] 623
[0, 1, 1, 1, 1] 630
[0, 1, 1, 1, 1] 631
[0, 1, 1, 1, 1] 632
[0, 1, 1, 1, 1] 633
[0, 1, 1, 1, 1] 642
[0, 1, 1, 1, 1] 647
[0, 1, 1, 1, 1] 649
[0, 1, 1, 1, 1] 670
[0, 1, 1, 1, 1] 687
[0, 1, 1, 1, 1] 687
[0, 1, 1, 1, 1] 688
[0, 1, 1, 1, 1] 693
[0, 1, 1, 1, 1] 734
[0, 1, 1, 1, 1] 750
[0, 1, 1, 1, 1] 767
[0, 1, 1, 1, 1] 788
[0, 1, 1, 1, 1] 795
[0, 1, 1, 1, 1] 796
[0, 0, 1, 1, 1] 401
[0, 0, 1, 1, 1] 403
[0, 0, 1, 1, 1] 410
[0, 0, 1, 1, 1] 414
[0, 0, 1, 1, 1] 429
[0, 0, 1, 1, 1] 440
[0, 0, 1, 1, 1] 452
[0, 0, 1, 1, 1] 456
[0, 0, 1, 1, 1] 463
[0, 0, 1, 1, 1] 467
[0, 0, 1, 1, 1] 484
[0, 0, 1, 1, 1] 487
[0, 0, 1, 1, 1] 495
[0, 0, 1, 1, 1] 511
[0, 0, 1, 1, 1] 522
[0, 0, 1, 1, 1] 528
[0, 0, 1, 1, 1] 560
[0, 0, 1, 1, 1] 568
[0, 0, 1, 1, 1] 592
[0, 0, 1, 1, 1] 593
[0, 0, 1, 1, 1] 595
[0, 0, 0, 1, 1] 201
[0, 0, 0, 1, 1] 214
[0, 0, 0, 1, 1] 218
[0, 0, 0, 1, 1] 232
[0, 0, 0, 1, 1] 233
[0, 0, 0, 1, 1] 252
[0, 0, 0, 1, 1] 255
[0, 0, 0, 1, 1] 255
[0, 0, 0, 1, 1] 257
[0, 0, 0, 1, 1] 279
[0, 0, 0, 1, 1] 282
[0, 0, 0, 1, 1] 283
[0, 0, 0, 1, 1] 283
[0, 0, 0, 1, 1] 313
[0, 0, 0, 1, 1] 313
[0, 0, 0, 1, 1] 322
[0, 0, 0, 1, 1] 324
[0, 0, 0, 1, 1] 329
[0, 0, 0, 1, 1] 346
[0, 0, 0, 1, 1] 353
[0, 0, 0, 1, 1] 354
[0, 0, 0, 1, 1] 373
[0, 0, 0, 1, 1] 377
[0, 0, 0, 1, 1] 384
[0, 0, 0, 1, 1] 399
[0, 0, 0, 0, 1] 1
[0, 0, 0, 0, 1] 15
[0, 0, 0, 0, 1] 47
[0, 0, 0, 0, 1] 64
[0, 0, 0, 0, 1] 84
[0, 0, 0, 0, 1] 84
[0, 0, 0, 0, 1] 97
[0, 0, 0, 0, 1] 130
[0, 0, 0, 0, 1] 136
[0, 0, 0, 0, 1] 142
[0, 0, 0, 0, 1] 143
[0, 0, 0, 0, 1] 145
[0, 0, 0, 0, 1] 150
[0, 0, 0, 0, 1] 158
[0, 0, 0, 0, 1] 175
[0, 0, 0, 0, 1] 188
