VARIABLES 100
NB_OBJ 5
ITEMS
[1, 1, 1, 1, 1] 810
[1, 1, 1, 1, 1] 836
[1, 1, 1, 1, 1] 841
[1, 1, 1, 1, 1] 851
[1, 1, 1, 1, 1] 855
[1, 1, 1, 1, 1] 867
[1, 1, 1, 1, 1] 867
[1, 1, 1, 1, 1] 869
[1, 1, 1, 1, 1] 911
[1, 1, 1, 1, 1] 923
[1, 1, 1, 1, 1] 945
[1, 1, 1, 1, 1] 966
[1, 1, 1, 1, 1] 985
[1, 1, 1, 1, 1] 986
[1, 1, 1, 1, 1] 994
[1, 1, 1, 1, 1] 1000
[0, 1, 1, 1, 1] 604
[0, 1, 1, 1, 1] 614
[0, 1, 1, 1, 1] 614
[0, 1, 1, 1, 1] 624
[0, 1, 1, 1, 1] 628
[0, 1, 1, 1, 1] 639
[0, 1, 1, 1, 1] 658
[0, 1, 1, 1, 1] 666
[0, 1, 1, 1, 1] 667
[0, 1, 1, 1, 1] 670
[0, 1, 1, 1, 1] 690
[0, 1, 1, 1, 1] 704
[0, 1, 1, 1, 1] 711
[0, 1, 1, 1, 1] 724
[0, 1, 1, 1, 1] 734
[0, 1, 1, 1, 1] 748
[0, 1, 1, 1, 1] 766
[0, 1, 1, 1, 1] 782
[0, 1, 1, 1, 1] 782
[0, 1, 1, 1, 1] 790
[0, 1, 1, 1, 1] 792
[0, 0, 1, 1, 1] 401
[0, 0, 1, 1, 1] 412
[0, 0, 1, 1, 1] 419
[0, 0, 1, 1, 1] 431
[0, 0, 1, 1, 1] 441
[0, 0, 1, 1, 1] 441
[0, 0, 1, 1, 1] 452
[0, 0, 1, 1, 1] 456
[0, 0, 1, 1, 1] 457
[0, 0, 1, 1, 1] 459
[0, 0, 1, 1, 1] 466
[0, 0, 1, 1, 1] 474
[0, 0, 1, 1, 1] 483
[0, 0, 1, 1, 1] 490
[0, 0, 1, 1, 1] 491
[0, 0, 1, 1, 1] 513
[0, 0, 1, 1, 1] 517
[0, 0, 1, 1, 1] 530
[0, 0, 1, 1, 1] 530
[0, 0, 1, 1, 1] 542
[0, 0, 1, 1, 1] 569
[0, 0, 1, 1, 1] 571
[0, 0, 1, 1, 1] 583
[0, 0, 1, 1, 1] 585
[0, 0, 0, 1, 1] 208
[0, 0, 0, 1, 1] 219
[0, 0, 0, 1, 1] 226
[0, 0, 0, 1, 1] 238
[0, 0, 0, 1, 1] 251
[0, 0, 0, 1, 1] 252
[0, 0, 0, 1, 1] 265
[0, 0, 0, 1, 1] 273
[0, 0, 0, 1, 1] 275
[0, 0, 0, 1, 1] 310
[0, 0, 0, 1, 1] 328
[0, 0, 0, 1, 1] 340
[0, 0, 0, 1, 1] 344
[0, 0, 0, 1, 1] 346
[0, 0, 0, 1, 1] 352
[0, 0, 0, 1, 1] 373
[0, 0, 0, 1, 1] 382
[0, 0, 0, 1, 1] 389
[0, 0, 0, 1, 1] 397
[0, 0, 0, 1, 1] 399
[0, 0, 0, 0, 1] 57
[0, 0, 0, 0, 1] 64
[0, 0, 0, 0, 1] 72
[0, 0, 0, 0, 1] 73
[0, 0, 0, 0, 1] 74
[0, 0, 0, 0, 1] 74
[0, 0, 0, 0, 1] 76
[0, 0, 0, 0, 1] 95
[0, 0, 0, 0, 1] 98
[0, 0, 0, 0, 1] 112
[0, 0, 0, 0, 1] 115
[0, 0, 0, 0, 1] 123
[0, 0, 0, 0, 1] 135
[0, 0, 0, 0, 1] 141
[0, 0, 0, 0, 1] 156
[0, 0, 0, 0, 1] 157
[0, 0, 0, 0, 1] 161
[0, 0, 0, 0, 1] 175
[0, 0, 0, 0, 1] 188
