VARIABLES 100
NB_OBJ 5
ITEMS
[1, 1, 1, 1, 1] 815
[1, 1, 1, 1, 1] 816
[1, 1, 1, 1, 1] 825
[1, 1, 1, 1, 1] 827
[1, 1, 1, 1, 1] 828
[1, 1, 1, 1, 1] 832
[1, 1, 1, 1, 1] 838
[1, 1, 1, 1, 1] 840
[1, 1, 1, 1, 1] 854
[1, 1, 1, 1, 1] 856
[1, 1, 1, 1, 1] 859
[1, 1, 1, 1, 1] 862
[1, 1, 1, 1, 1] 868
[1, 1, 1, 1, 1] 893
[1, 1, 1, 1, 1] 910
[1, 1, 1, 1, 1] 915
[1, 1, 1, 1, 1] 925
[1, 1, 1, 1, 1] 931
[1, 1, 1, 1, 1] 932
[1, 1, 1, 1, 1] 936
[1, 1, 1, 1, 1] 941
[1, 1, 1, 1, 1] 963
[1, 1, 1, 1, 1] 964
[1, 1, 1, 1, 1] 969
[1, 1, 1, 1, 1] 982
[1, 1, 1, 1, 1] 987
[1, 1, 1, 1, 1] 993
[0, 1, 1, 1, 1] 600
[0, 1, 1, 1, 1] 606
[0, 1, 1, 1, 1] 619
[0, 1, 1, 1, 1] 637
[0, 1, 1, 1, 1] 679
[0, 1, 1, 1, 1] 684
[0, 1, 1, 1, 1] 696
[0, 1, 1, 1, 1] 709
[0, 1, 1, 1, 1] 718
[0, 1, 1, 1, 1] 722
[0, 1, 1, 1, 1] 723
[0, 1, 1, 1, 1] 730
[0, 1, 1, 1, 1] 736
[0, 1, 1, 1, 1] 741
[0, 1, 1, 1, 1] 745
[0, 1, 1, 1, 1] 755
[0, 1, 1, 1, 1] 756
[0, 1, 1, 1, 1] 757
[0, 1, 1, 1, 1] 787
[0, 1, 1, 1, 1] 789
[0, 1, 1, 1, 1] 798
[0, 0, 1, 1, 1] 402
[0, 0, 1, 1, 1] 408
[0, 0, 1, 1, 1] 415
[0, 0, 1, 1, 1] 415
[0, 0, 1, 1, 1] 417
[0, 0, 1, 1, 1] 426
[0, 0, 1, 1, 1] 443
[0, 0, 1, 1, 1] 460
[0, 0, 1, 1, 1] 468
[0, 0, 1, 1, 1] 475
[0, 0, 1, 1, 1] 512
[0, 0, 1, 1, 1] 527
[0, 0, 1, 1, 1] 528
[0, 0, 1, 1, 1] 531
[0, 0, 1, 1, 1] 547
[0, 0, 1, 1, 1] 547
[0, 0, 1, 1, 1] 558
[0, 0, 1, 1, 1] 565
[0, 0, 1, 1, 1] 571
[0, 0, 1, 1, 1] 583
[0, 0, 0, 1, 1] 214
[0, 0, 0, 1, 1] 231
[0, 0, 0, 1, 1] 233
[0, 0, 0, 1, 1] 256
[0, 0, 0, 1, 1] 271
[0, 0, 0, 1, 1] 282
[0, 0, 0, 1, 1] 294
[0, 0, 0, 1, 1] 294
[0, 0, 0, 1, 1] 297
[0, 0, 0, 1, 1] 299
[0, 0, 0, 1, 1] 311
[0, 0, 0, 1, 1] 315
[0, 0, 0, 1, 1] 339
[0, 0, 0, 1, 1] 377
[0, 0, 0, 1, 1] 388
[0, 0, 0, 1, 1] 398
[0, 0, 0, 1, 1] 399
[0, 0, 0, 0, 1] 7
[0, 0, 0, 0, 1] 13
[0, 0, 0, 0, 1] 70
[0, 0, 0, 0, 1] 88
[0, 0, 0, 0, 1] 109
[0, 0, 0, 0, 1] 114
[0, 0, 0, 0, 1] 117
[0, 0, 0, 0, 1] 139
[0, 0, 0, 0, 1] 146
[0, 0, 0, 0, 1] 155
[0, 0, 0, 0, 1] 167
[0, 0, 0, 0, 1] 175
[0, 0, 0, 0, 1] 176
[0, 0, 0, 0, 1] 178
[0, 0, 0, 0, 1] 185
