VARIABLES 100
NB_OBJ 5
ITEMS
[1, 1, 1, 1, 1] 804
[1, 1, 1, 1, 1] 807
[1, 1, 1, 1, 1] 807
[1, 1, 1, 1, 1] 828
[1, 1, 1, 1, 1] 829
[1, 1, 1, 1, 1] 837
[1, 1, 1, 1, 1] 842
[1, 1, 1, 1, 1] 852
[1, 1, 1, 1, 1] 853
[1, 1, 1, 1, 1] 866
[1, 1, 1, 1, 1] 867
[1, 1, 1, 1, 1] 868
[1, 1, 1, 1, 1] 872
[1, 1, 1, 1, 1] 883
[1, 1, 1, 1, 1] 887
[1, 1, 1, 1, 1] 891
[1, 1, 1, 1, 1] 897
[1, 1, 1, 1, 1] 913
[1, 1, 1, 1, 1] 922
[1, 1, 1, 1, 1] 941
[1, 1, 1, 1, 1] 944
[1, 1, 1, 1, 1] 954
[1, 1, 1, 1, 1] 956
[1, 1, 1, 1, 1] 968
[1, 1, 1, 1, 1] 996
[0, 1, 1, 1, 1] 607
[0, 1, 1, 1, 1] 609
[0, 1, 1, 1, 1] 616
[0, 1, 1, 1, 1] 635
[0, 1, 1, 1, 1] 637
[0, 1, 1, 1, 1] 641
[0, 1, 1, 1, 1] 641
[0, 1, 1, 1, 1] 643
[0, 1, 1, 1, 1] 661
[0, 1, 1, 1, 1] 671
[0, 1, 1, 1, 1] 691
[0, 1, 1, 1, 1] 695
[0, 1, 1, 1, 1] 702
[0, 1, 1, 1, 1] 749
[0, 1, 1, 1, 1] 757
[0, 1, 1, 1, 1] 761
[0, 1, 1, 1, 1] 798
[0, 0, 1, 1, 1] 401
[0, 0, 1, 1, 1] 420
[0, 0, 1, 1, 1] 478
[0, 0, 1, 1, 1] 478
[0, 0, 1, 1, 1] 504
[0, 0, 1, 1, 1] 519
[0, 0, 1, 1, 1] 520
[0, 0, 1, 1, 1] 550
[0, 0, 1, 1, 1] 555
[0, 0, 1, 1, 1] 563
[0, 0, 1, 1, 1] 565
[0, 0, 1, 1, 1] 567
[0, 0, 1, 1, 1] 570
[0, 0, 1, 1, 1] 592
[0, 0, 0, 1, 1] 205
[0, 0, 0, 1, 1] 205
[0, 0, 0, 1, 1] 232
[0, 0, 0, 1, 1] 232
[0, 0, 0, 1, 1] 238
[0, 0, 0, 1, 1] 254
[0, 0, 0, 1, 1] 258
[0, 0, 0, 1, 1] 260
[0, 0, 0, 1, 1] 262
[0, 0, 0, 1, 1] 277
[0, 0, 0, 1, 1] 298
[0, 0, 0, 1, 1] 311
[0, 0, 0, 1, 1] 313
[0, 0, 0, 1, 1] 313
[0, 0, 0, 1, 1] 328
[0, 0, 0, 1, 1] 350
[0, 0, 0, 1, 1] 358
[0, 0, 0, 1, 1] 365
[0, 0, 0, 1, 1] 367
[0, 0, 0, 1, 1] 377
[0, 0, 0, 1, 1] 383
[0, 0, 0, 1, 1] 384
[0, 0, 0, 0, 1] 7
[0, 0, 0, 0, 1] 18
[0, 0, 0, 0, 1] 38
[0, 0, 0, 0, 1] 47
[0, 0, 0, 0, 1] 58
[0, 0, 0, 0, 1] 59
[0, 0, 0, 0, 1] 69
[0, 0, 0, 0, 1] 78
[0, 0, 0, 0, 1] 86
[0, 0, 0, 0, 1] 109
[0, 0, 0, 0, 1] 124
[0, 0, 0, 0, 1] 127
[0, 0, 0, 0, 1] 128
[0, 0, 0, 0, 1] 145
[0, 0, 0, 0, 1] 150
[0, 0, 0, 0, 1] 153
[0, 0, 0, 0, 1] 159
[0, 0, 0, 0, 1] 160
[0, 0, 0, 0, 1] 160
[0, 0, 0, 0, 1] 162
[0, 0, 0, 0, 1] 169
[0, 0, 0, 0, 1] 190
