VARIABLES 100
NB_OBJ 5
ITEMS
[1, 1, 1, 1, 1] 820
[1, 1, 1, 1, 1] 838
[1, 1, 1, 1, 1] 850
[1, 1, 1, 1, 1] 861
[1, 1, 1, 1, 1] 863
[1, 1, 1, 1, 1] 872
[1, 1, 1, 1, 1] 873
[1, 1, 1, 1, 1] 880
[1, 1, 1, 1, 1] 901
[1, 1, 1, 1, 1] 918
[1, 1, 1, 1, 1] 935
[1, 1, 1, 1, 1] 951
[1, 1, 1, 1, 1] 955
[1, 1, 1, 1, 1] 967
[1, 1, 1, 1, 1] 984
[1, 1, 1, 1, 1] 985
[1, 1, 1, 1, 1] 990
[1, 1, 1, 1, 1] 998
[0, 1, 1, 1, 1] 612
[0, 1, 1, 1, 1] 622
[0, 1, 1, 1, 1] 634
[0, 1, 1, 1, 1] 642
[0, 1, 1, 1, 1] 673
[0, 1, 1, 1, 1] 689
[0, 1, 1, 1, 1] 709
[0, 1, 1, 1, 1] 743
[0, 1, 1, 1, 1] 757
[0, 1, 1, 1, 1] 758
[0, 1, 1, 1, 1] 767
[0, 1, 1, 1, 1] 770
[0, 1, 1, 1, 1] 774
[0, 1, 1, 1, 1] 776
[0, 1, 1, 1, 1] 778
[0, 1, 1, 1, 1] 785
[0, 1, 1, 1, 1] 790
[0, 1, 1, 1, 1] 793
[0, 1, 1, 1, 1] 795
[0, 0, 1, 1, 1] 427
[0, 0, 1, 1, 1] 449
[0, 0, 1, 1, 1] 459
[0, 0, 1, 1, 1] 472
[0, 0, 1, 1, 1] 473
[0, 0, 1, 1, 1] 478
[0, 0, 1, 1, 1] 479
[0, 0, 1, 1, 1] 488
[0, 0, 1, 1, 1] 510
[0, 0, 1, 1, 1] 513
[0, 0, 1, 1, 1] 529
[0, 0, 1, 1, 1] 554
[0, 0, 1, 1, 1] 563
[0, 0, 1, 1, 1] 565
[0, 0, 1, 1, 1] 566
[0, 0, 1, 1, 1] 587
[0, 0, 0, 1, 1] 203
[0, 0, 0, 1, 1] 206
[0, 0, 0, 1, 1] 211
[0, 0, 0, 1, 1] 218
[0, 0, 0, 1, 1] 231
[0, 0, 0, 1, 1] 233
[0, 0, 0, 1, 1] 251
[0, 0, 0, 1, 1] 253
[0, 0, 0, 1, 1] 253
[0, 0, 0, 1, 1] 268
[0, 0, 0, 1, 1] 281
[0, 0, 0, 1, 1] 285
[0, 0, 0, 1, 1] 292
[0, 0, 0, 1, 1] 307
[0, 0, 0, 1, 1] 316
[0, 0, 0, 1, 1] 327
[0, 0, 0, 1, 1] 337
[0, 0, 0, 1, 1] 338
[0, 0, 0, 1, 1] 338
[0, 0, 0, 1, 1] 343
[0, 0, 0, 1, 1] 350
[0, 0, 0, 1, 1] 377
[0, 0, 0, 0, 1] 27
[0, 0, 0, 0, 1] 35
[0, 0, 0, 0, 1] 37
[0, 0, 0, 0, 1] 38
[0, 0, 0, 0, 1] 41
[0, 0, 0, 0, 1] 53
[0, 0, 0, 0, 1] 62
[0, 0, 0, 0, 1] 66
[0, 0, 0, 0, 1] 73
[0, 0, 0, 0, 1] 82
[0, 0, 0, 0, 1] 85
[0, 0, 0, 0, 1] 92
[0, 0, 0, 0, 1] 97
[0, 0, 0, 0, 1] 101
[0, 0, 0, 0, 1] 108
[0, 0, 0, 0, 1] 132
[0, 0, 0, 0, 1] 141
[0, 0, 0, 0, 1] 141
[0, 0, 0, 0, 1] 145
[0, 0, 0, 0, 1] 146
[0, 0, 0, 0, 1] 165
[0, 0, 0, 0, 1] 180
[0, 0, 0, 0, 1] 191
[0, 0, 0, 0, 1] 197
[0, 0, 0, 0, 1] 198
