VARIABLES 100
NB_OBJ 5
ITEMS
[1, 1, 1, 1, 1] 807
[1, 1, 1, 1, 1] 807
[1, 1, 1, 1, 1] 838
[1, 1, 1, 1, 1] 851
[1, 1, 1, 1, 1] 861
[1, 1, 1, 1, 1] 871
[1, 1, 1, 1, 1] 883
[1, 1, 1, 1, 1] 886
[1, 1, 1, 1, 1] 907
[1, 1, 1, 1, 1] 913
[1, 1, 1, 1, 1] 919
[1, 1, 1, 1, 1] 935
[1, 1, 1, 1, 1] 937
[1, 1, 1, 1, 1] 948
[1, 1, 1, 1, 1] 969
[0, 1, 1, 1, 1] 607
[0, 1, 1, 1, 1] 615
[0, 1, 1, 1, 1] 616
[0, 1, 1, 1, 1] 618
[0, 1, 1, 1, 1] 625
[0, 1, 1, 1, 1] 642
[0, 1, 1, 1, 1] 654
[0, 1, 1, 1, 1] 654
[0, 1, 1, 1, 1] 656
[0, 1, 1, 1, 1] 663
[0, 1, 1, 1, 1] 666
[0, 1, 1, 1, 1] 674
[0, 1, 1, 1, 1] 708
[0, 1, 1, 1, 1] 725
[0, 1, 1, 1, 1] 737
[0, 1, 1, 1, 1] 741
[0, 1, 1, 1, 1] 741
[0, 1, 1, 1, 1] 746
[0, 1, 1, 1, 1] 748
[0, 1, 1, 1, 1] 751
[0, 1, 1, 1, 1] 768
[0, 1, 1, 1, 1] 787
[0, 1, 1, 1, 1] 800
[0, 0, 1, 1, 1] 407
[0, 0, 1, 1, 1] 423
[0, 0, 1, 1, 1] 428
[0, 0, 1, 1, 1] 440
[0, 0, 1, 1, 1] 443
[0, 0, 1, 1, 1] 456
[0, 0, 1, 1, 1] 460
[0, 0, 1, 1, 1] 513
[0, 0, 1, 1, 1] 532
[0, 0, 1, 1, 1] 536
[0, 0, 1, 1, 1] 554
[0, 0, 1, 1, 1] 556
[0, 0, 1, 1, 1] 571
[0, 0, 1, 1, 1] 588
[0, 0, 0, 1, 1] 208
[0, 0, 0, 1, 1] 218
[0, 0, 0, 1, 1] 218
[0, 0, 0, 1, 1] 219
[0, 0, 0, 1, 1] 232
[0, 0, 0, 1, 1] 234
[0, 0, 0, 1, 1] 264
[0, 0, 0, 1, 1] 287
[0, 0, 0, 1, 1] 287
[0, 0, 0, 1, 1] 290
[0, 0, 0, 1, 1] 291
[0, 0, 0, 1, 1] 292
[0, 0, 0, 1, 1] 298
[0, 0, 0, 1, 1] 304
[0, 0, 0, 1, 1] 320
[0, 0, 0, 1, 1] 323
[0, 0, 0, 1, 1] 331
[0, 0, 0, 1, 1] 364
[0, 0, 0, 1, 1] 369
[0, 0, 0, 1, 1] 372
[0, 0, 0, 1, 1] 385
[0, 0, 0, 1, 1] 394
[0, 0, 0, 1, 1] 396
[0, 0, 0, 1, 1] 399
[0, 0, 0, 0, 1] 9
[0, 0, 0, 0, 1] 10
[0, 0, 0, 0, 1] 35
[0, 0, 0, 0, 1] 38
[0, 0, 0, 0, 1] 41
[0, 0, 0, 0, 1] 60
[0, 0, 0, 0, 1] 76
[0, 0, 0, 0, 1] 84
[0, 0, 0, 0, 1] 86
[0, 0, 0, 0, 1] 94
[0, 0, 0, 0, 1] 108
[0, 0, 0, 0, 1] 111
[0, 0, 0, 0, 1] 112
[0, 0, 0, 0, 1] 113
[0, 0, 0, 0, 1] 113
[0, 0, 0, 0, 1] 115
[0, 0, 0, 0, 1] 121
[0, 0, 0, 0, 1] 150
[0, 0, 0, 0, 1] 158
[0, 0, 0, 0, 1] 159
[0, 0, 0, 0, 1] 159
[0, 0, 0, 0, 1] 167
[0, 0, 0, 0, 1] 171
[0, 0, 0, 0, 1] 174
