VARIABLES 100
NB_OBJ 5
ITEMS
[1, 1, 1, 1, 1] 805
[1, 1, 1, 1, 1] 809
[1, 1, 1, 1, 1] 833
[1, 1, 1, 1, 1] 835
[1, 1, 1, 1, 1] 864
[1, 1, 1, 1, 1] 867
[1, 1, 1, 1, 1] 889
[1, 1, 1, 1, 1] 916
[1, 1, 1, 1, 1] 920
[1, 1, 1, 1, 1] 930
[1, 1, 1, 1, 1] 935
[1, 1, 1, 1, 1] 939
[1, 1, 1, 1, 1] 941
[1, 1, 1, 1, 1] 944
[1, 1, 1, 1, 1] 945
[1, 1, 1, 1, 1] 981
[1, 1, 1, 1, 1] 985
[0, 1, 1, 1, 1] 605
[0, 1, 1, 1, 1] 626
[0, 1, 1, 1, 1] 632
[0, 1, 1, 1, 1] 633
[0, 1, 1, 1, 1] 653
[0, 1, 1, 1, 1] 674
[0, 1, 1, 1, 1] 689
[0, 1, 1, 1, 1] 690
[0, 1, 1, 1, 1] 692
[0, 1, 1, 1, 1] 701
[0, 1, 1, 1, 1] 705
[0, 1, 1, 1, 1] 706
[0, 1, 1, 1, 1] 712
[0, 1, 1, 1, 1] 713
[0, 1, 1, 1, 1] 732
[0, 1, 1, 1, 1] 733
[0, 1, 1, 1, 1] 735
[0, 1, 1, 1, 1] 784
[0, 1, 1, 1, 1] 786
[0, 1, 1, 1, 1] 799
[0, 1, 1, 1, 1] 800
[0, 0, 1, 1, 1] 432
[0, 0, 1, 1, 1] 443
[0, 0, 1, 1, 1] 463
[0, 0, 1, 1, 1] 467
[0, 0, 1, 1, 1] 470
[0, 0, 1, 1, 1] 478
[0, 0, 1, 1, 1] 490
[0, 0, 1, 1, 1] 511
[0, 0, 1, 1, 1] 513
[0, 0, 1, 1, 1] 514
[0, 0, 1, 1, 1] 516
[0, 0, 1, 1, 1] 539
[0, 0, 1, 1, 1] 547
[0, 0, 1, 1, 1] 550
[0, 0, 1, 1, 1] 556
[0, 0, 1, 1, 1] 568
[0, 0, 1, 1, 1] 578
[0, 0, 1, 1, 1] 592
[0, 0, 1, 1, 1] 597
[0, 0, 1, 1, 1] 600
[0, 0, 0, 1, 1] 208
[0, 0, 0, 1, 1] 210
[0, 0, 0, 1, 1] 216
[0, 0, 0, 1, 1] 217
[0, 0, 0, 1, 1] 224
[0, 0, 0, 1, 1] 233
[0, 0, 0, 1, 1] 236
[0, 0, 0, 1, 1] 258
[0, 0, 0, 1, 1] 263
[0, 0, 0, 1, 1] 266
[0, 0, 0, 1, 1] 270
[0, 0, 0, 1, 1] 272
[0, 0, 0, 1, 1] 294
[0, 0, 0, 1, 1] 303
[0, 0, 0, 1, 1] 318
[0, 0, 0, 1, 1] 322
[0, 0, 0, 1, 1] 331
[0, 0, 0, 1, 1] 332
[0, 0, 0, 1, 1] 346
[0, 0, 0, 1, 1] 354
[0, 0, 0, 1, 1] 370
[0, 0, 0, 0, 1] 18
[0, 0, 0, 0, 1] 19
[0, 0, 0, 0, 1] 33
[0, 0, 0, 0, 1] 49
[0, 0, 0, 0, 1] 51
[0, 0, 0, 0, 1] 54
[0, 0, 0, 0, 1] 61
[0, 0, 0, 0, 1] 86
[0, 0, 0, 0, 1] 97
[0, 0, 0, 0, 1] 101
[0, 0, 0, 0, 1] 103
[0, 0, 0, 0, 1] 104
[0, 0, 0, 0, 1] 107
[0, 0, 0, 0, 1] 108
[0, 0, 0, 0, 1] 111
[0, 0, 0, 0, 1] 112
[0, 0, 0, 0, 1] 124
[0, 0, 0, 0, 1] 143
[0, 0, 0, 0, 1] 148
[0, 0, 0, 0, 1] 150
[0, 0, 0, 0, 1] 168
