VARIABLES 100
NB_OBJ 5
ITEMS
[1, 1, 1, 1, 1] 825
[1, 1, 1, 1, 1] 834
[1, 1, 1, 1, 1] 839
[1, 1, 1, 1, 1] 840
[1, 1, 1, 1, 1] 841
[1, 1, 1, 1, 1] 844
[1, 1, 1, 1, 1] 877
[1, 1, 1, 1, 1] 882
[1, 1, 1, 1, 1] 891
[1, 1, 1, 1, 1] 898
[1, 1, 1, 1, 1] 939
[1, 1, 1, 1, 1] 943
[1, 1, 1, 1, 1] 948
[1, 1, 1, 1, 1] 950
[1, 1, 1, 1, 1] 960
[0, 1, 1, 1, 1] 626
[0, 1, 1, 1, 1] 646
[0, 1, 1, 1, 1] 648
[0, 1, 1, 1, 1] 650
[0, 1, 1, 1, 1] 654
[0, 1, 1, 1, 1] 666
[0, 1, 1, 1, 1] 676
[0, 1, 1, 1, 1] 676
[0, 1, 1, 1, 1] 682
[0, 1, 1, 1, 1] 682
[0, 1, 1, 1, 1] 688
[0, 1, 1, 1, 1] 695
[0, 1, 1, 1, 1] 704
[0, 1, 1, 1, 1] 716
[0, 1, 1, 1, 1] 721
[0, 1, 1, 1, 1] 731
[0, 1, 1, 1, 1] 732
[0, 1, 1, 1, 1] 736
[0, 1, 1, 1, 1] 738
[0, 1, 1, 1, 1] 746
[0, 1, 1, 1, 1] 772
[0, 1, 1, 1, 1] 772
[0, 1, 1, 1, 1] 773
[0, 1, 1, 1, 1] 774
[0, 1, 1, 1, 1] 777
[0, 1, 1, 1, 1] 778
[0, 1, 1, 1, 1] 781
[0, 1, 1, 1, 1] 788
[0, 1, 1, 1, 1] 800
[0, 0, 1, 1, 1] 405
[0, 0, 1, 1, 1] 406
[0, 0, 1, 1, 1] 413
[0, 0, 1, 1, 1] 417
[0, 0, 1, 1, 1] 422
[0, 0, 1, 1, 1] 430
[0, 0, 1, 1, 1] 434
[0, 0, 1, 1, 1] 461
[0, 0, 1, 1, 1] 480
[0, 0, 1, 1, 1] 511
[0, 0, 1, 1, 1] 527
[0, 0, 1, 1, 1] 538
[0, 0, 1, 1, 1] 541
[0, 0, 1, 1, 1] 551
[0, 0, 1, 1, 1] 552
[0, 0, 1, 1, 1] 562
[0, 0, 1, 1, 1] 579
[0, 0, 1, 1, 1] 599
[0, 0, 0, 1, 1] 206
[0, 0, 0, 1, 1] 236
[0, 0, 0, 1, 1] 243
[0, 0, 0, 1, 1] 246
[0, 0, 0, 1, 1] 265
[0, 0, 0, 1, 1] 294
[0, 0, 0, 1, 1] 296
[0, 0, 0, 1, 1] 298
[0, 0, 0, 1, 1] 313
[0, 0, 0, 1, 1] 331
[0, 0, 0, 1, 1] 336
[0, 0, 0, 1, 1] 337
[0, 0, 0, 1, 1] 338
[0, 0, 0, 1, 1] 339
[0, 0, 0, 1, 1] 339
[0, 0, 0, 1, 1] 349
[0, 0, 0, 1, 1] 388
[0, 0, 0, 1, 1] 393
[0, 0, 0, 0, 1] 12
[0, 0, 0, 0, 1] 20
[0, 0, 0, 0, 1] 36
[0, 0, 0, 0, 1] 44
[0, 0, 0, 0, 1] 46
[0, 0, 0, 0, 1] 51
[0, 0, 0, 0, 1] 61
[0, 0, 0, 0, 1] 65
[0, 0, 0, 0, 1] 66
[0, 0, 0, 0, 1] 92
[0, 0, 0, 0, 1] 101
[0, 0, 0, 0, 1] 103
[0, 0, 0, 0, 1] 128
[0, 0, 0, 0, 1] 128
[0, 0, 0, 0, 1] 148
[0, 0, 0, 0, 1] 160
[0, 0, 0, 0, 1] 168
[0, 0, 0, 0, 1] 170
[0, 0, 0, 0, 1] 180
[0, 0, 0, 0, 1] 198
