VARIABLES 100
NB_OBJ 5
ITEMS
[1, 1, 1, 1, 1] 804
[1, 1, 1, 1, 1] 810
[1, 1, 1, 1, 1] 817
[1, 1, 1, 1, 1] 821
[1, 1, 1, 1, 1] 834
[1, 1, 1, 1, 1] 847
[1, 1, 1, 1, 1] 849
[1, 1, 1, 1, 1] 855
[1, 1, 1, 1, 1] 858
[1, 1, 1, 1, 1] 880
[1, 1, 1, 1, 1] 902
[1, 1, 1, 1, 1] 907
[1, 1, 1, 1, 1] 928
[1, 1, 1, 1, 1] 929
[1, 1, 1, 1, 1] 931
[1, 1, 1, 1, 1] 935
[1, 1, 1, 1, 1] 943
[1, 1, 1, 1, 1] 952
[1, 1, 1, 1, 1] 972
[1, 1, 1, 1, 1] 972
[1, 1, 1, 1, 1] 975
[0, 1, 1, 1, 1] 604
[0, 1, 1, 1, 1] 628
[0, 1, 1, 1, 1] 631
[0, 1, 1, 1, 1] 636
[0, 1, 1, 1, 1] 637
[0, 1, 1, 1, 1] 646
[0, 1, 1, 1, 1] 675
[0, 1, 1, 1, 1] 698
[0, 1, 1, 1, 1] 705
[0, 1, 1, 1, 1] 708
[0, 1, 1, 1, 1] 712
[0, 1, 1, 1, 1] 714
[0, 1, 1, 1, 1] 747
[0, 1, 1, 1, 1] 748
[0, 1, 1, 1, 1] 754
[0, 1, 1, 1, 1] 762
[0, 1, 1, 1, 1] 767
[0, 1, 1, 1, 1] 770
[0, 1, 1, 1, 1] 779
[0, 1, 1, 1, 1] 781
[0, 1, 1, 1, 1] 791
[0, 0, 1, 1, 1] 409
[0, 0, 1, 1, 1] 411
[0, 0, 1, 1, 1] 458
[0, 0, 1, 1, 1] 478
[0, 0, 1, 1, 1] 502
[0, 0, 1, 1, 1] 530
[0, 0, 1, 1, 1] 543
[0, 0, 1, 1, 1] 543
[0, 0, 1, 1, 1] 568
[0, 0, 1, 1, 1] 577
[0, 0, 1, 1, 1] 597
[0, 0, 0, 1, 1] 202
[0, 0, 0, 1, 1] 216
[0, 0, 0, 1, 1] 221
[0, 0, 0, 1, 1] 243
[0, 0, 0, 1, 1] 252
[0, 0, 0, 1, 1] 263
[0, 0, 0, 1, 1] 277
[0, 0, 0, 1, 1] 278
[0, 0, 0, 1, 1] 280
[0, 0, 0, 1, 1] 280
[0, 0, 0, 1, 1] 282
[0, 0, 0, 1, 1] 293
[0, 0, 0, 1, 1] 299
[0, 0, 0, 1, 1] 303
[0, 0, 0, 1, 1] 309
[0, 0, 0, 1, 1] 323
[0, 0, 0, 1, 1] 324
[0, 0, 0, 1, 1] 328
[0, 0, 0, 1, 1] 340
[0, 0, 0, 1, 1] 349
[0, 0, 0, 1, 1] 359
[0, 0, 0, 1, 1] 362
[0, 0, 0, 1, 1] 369
[0, 0, 0, 1, 1] 391
[0, 0, 0, 1, 1] 392
[0, 0, 0, 0, 1] 1
[0, 0, 0, 0, 1] 6
[0, 0, 0, 0, 1] 10
[0, 0, 0, 0, 1] 11
[0, 0, 0, 0, 1] 27
[0, 0, 0, 0, 1] 27
[0, 0, 0, 0, 1] 44
[0, 0, 0, 0, 1] 56
[0, 0, 0, 0, 1] 74
[0, 0, 0, 0, 1] 103
[0, 0, 0, 0, 1] 106
[0, 0, 0, 0, 1] 112
[0, 0, 0, 0, 1] 112
[0, 0, 0, 0, 1] 123
[0, 0, 0, 0, 1] 127
[0, 0, 0, 0, 1] 129
[0, 0, 0, 0, 1] 133
[0, 0, 0, 0, 1] 143
[0, 0, 0, 0, 1] 148
[0, 0, 0, 0, 1] 151
[0, 0, 0, 0, 1] 167
[0, 0, 0, 0, 1] 177
