VARIABLES 100
NB_OBJ 5
ITEMS
[1, 1, 1, 1, 1] 810
[1, 1, 1, 1, 1] 810
[1, 1, 1, 1, 1] 831
[1, 1, 1, 1, 1] 834
[1, 1, 1, 1, 1] 834
[1, 1, 1, 1, 1] 848
[1, 1, 1, 1, 1] 868
[1, 1, 1, 1, 1] 868
[1, 1, 1, 1, 1] 885
[1, 1, 1, 1, 1] 902
[1, 1, 1, 1, 1] 902
[1, 1, 1, 1, 1] 929
[1, 1, 1, 1, 1] 929
[1, 1, 1, 1, 1] 930
[1, 1, 1, 1, 1] 942
[1, 1, 1, 1, 1] 957
[1, 1, 1, 1, 1] 963
[1, 1, 1, 1, 1] 973
[1, 1, 1, 1, 1] 987
[1, 1, 1, 1, 1] 997
[0, 1, 1, 1, 1] 601
[0, 1, 1, 1, 1] 603
[0, 1, 1, 1, 1] 610
[0, 1, 1, 1, 1] 611
[0, 1, 1, 1, 1] 638
[0, 1, 1, 1, 1] 640
[0, 1, 1, 1, 1] 645
[0, 1, 1, 1, 1] 653
[0, 1, 1, 1, 1] 653
[0, 1, 1, 1, 1] 681
[0, 1, 1, 1, 1] 690
[0, 1, 1, 1, 1] 696
[0, 1, 1, 1, 1] 697
[0, 1, 1, 1, 1] 710
[0, 1, 1, 1, 1] 711
[0, 1, 1, 1, 1] 716
[0, 1, 1, 1, 1] 718
[0, 1, 1, 1, 1] 725
[0, 1, 1, 1, 1] 727
[0, 1, 1, 1, 1] 746
[0, 1, 1, 1, 1] 751
[0, 1, 1, 1, 1] 779
[0, 1, 1, 1, 1] 785
[0, 0, 1, 1, 1] 424
[0, 0, 1, 1, 1] 453
[0, 0, 1, 1, 1] 481
[0, 0, 1, 1, 1] 491
[0, 0, 1, 1, 1] 494
[0, 0, 1, 1, 1] 501
[0, 0, 1, 1, 1] 521
[0, 0, 1, 1, 1] 524
[0, 0, 1, 1, 1] 547
[0, 0, 1, 1, 1] 548
[0, 0, 1, 1, 1] 562
[0, 0, 1, 1, 1] 563
[0, 0, 1, 1, 1] 564
[0, 0, 1, 1, 1] 589
[0, 0, 0, 1, 1] 219
[0, 0, 0, 1, 1] 247
[0, 0, 0, 1, 1] 256
[0, 0, 0, 1, 1] 262
[0, 0, 0, 1, 1] 266
[0, 0, 0, 1, 1] 269
[0, 0, 0, 1, 1] 276
[0, 0, 0, 1, 1] 279
[0, 0, 0, 1, 1] 285
[0, 0, 0, 1, 1] 292
[0, 0, 0, 1, 1] 310
[0, 0, 0, 1, 1] 313
[0, 0, 0, 1, 1] 326
[0, 0, 0, 1, 1] 328
[0, 0, 0, 1, 1] 355
[0, 0, 0, 1, 1] 364
[0, 0, 0, 1, 1] 370
[0, 0, 0, 1, 1] 380
[0, 0, 0, 1, 1] 394
[0, 0, 0, 1, 1] 394
[0, 0, 0, 0, 1] 6
[0, 0, 0, 0, 1] 18
[0, 0, 0, 0, 1] 41
[0, 0, 0, 0, 1] 42
[0, 0, 0, 0, 1] 45
[0, 0, 0, 0, 1] 45
[0, 0, 0, 0, 1] 46
[0, 0, 0, 0, 1] 51
[0, 0, 0, 0, 1] 73
[0, 0, 0, 0, 1] 76
[0, 0, 0, 0, 1] 76
[0, 0, 0, 0, 1] 80
[0, 0, 0, 0, 1] 118
[0, 0, 0, 0, 1] 121
[0, 0, 0, 0, 1] 124
[0, 0, 0, 0, 1] 124
[0, 0, 0, 0, 1] 126
[0, 0, 0, 0, 1] 129
[0, 0, 0, 0, 1] 130
[0, 0, 0, 0, 1] 135
[0, 0, 0, 0, 1] 147
[0, 0, 0, 0, 1] 175
[0, 0, 0, 0, 1] 176
