VARIABLES 100
NB_OBJ 5
ITEMS
[1, 1, 1, 1, 1] 830
[1, 1, 1, 1, 1] 837
[1, 1, 1, 1, 1] 837
[1, 1, 1, 1, 1] 867
[1, 1, 1, 1, 1] 871
[1, 1, 1, 1, 1] 874
[1, 1, 1, 1, 1] 879
[1, 1, 1, 1, 1] 913
[1, 1, 1, 1, 1] 921
[1, 1, 1, 1, 1] 931
[1, 1, 1, 1, 1] 932
[1, 1, 1, 1, 1] 943
[1, 1, 1, 1, 1] 944
[1, 1, 1, 1, 1] 947
[1, 1, 1, 1, 1] 975
[1, 1, 1, 1, 1] 984
[1, 1, 1, 1, 1] 992
[1, 1, 1, 1, 1] 996
[0, 1, 1, 1, 1] 609
[0, 1, 1, 1, 1] 612
[0, 1, 1, 1, 1] 631
[0, 1, 1, 1, 1] 635
[0, 1, 1, 1, 1] 640
[0, 1, 1, 1, 1] 649
[0, 1, 1, 1, 1] 651
[0, 1, 1, 1, 1] 664
[0, 1, 1, 1, 1] 664
[0, 1, 1, 1, 1] 668
[0, 1, 1, 1, 1] 675
[0, 1, 1, 1, 1] 685
[0, 1, 1, 1, 1] 687
[0, 1, 1, 1, 1] 695
[0, 1, 1, 1, 1] 704
[0, 1, 1, 1, 1] 713
[0, 1, 1, 1, 1] 716
[0, 1, 1, 1, 1] 722
[0, 1, 1, 1, 1] 754
[0, 1, 1, 1, 1] 790
[0, 1, 1, 1, 1] 792
[0, 1, 1, 1, 1] 794
[0, 0, 1, 1, 1] 406
[0, 0, 1, 1, 1] 410
[0, 0, 1, 1, 1] 419
[0, 0, 1, 1, 1] 452
[0, 0, 1, 1, 1] 460
[0, 0, 1, 1, 1] 466
[0, 0, 1, 1, 1] 488
[0, 0, 1, 1, 1] 493
[0, 0, 1, 1, 1] 496
[0, 0, 1, 1, 1] 496
[0, 0, 1, 1, 1] 497
[0, 0, 1, 1, 1] 517
[0, 0, 1, 1, 1] 529
[0, 0, 1, 1, 1] 533
[0, 0, 1, 1, 1] 582
[0, 0, 1, 1, 1] 585
[0, 0, 1, 1, 1] 585
[0, 0, 1, 1, 1] 586
[0, 0, 1, 1, 1] 591
[0, 0, 1, 1, 1] 593
[0, 0, 1, 1, 1] 596
[0, 0, 0, 1, 1] 210
[0, 0, 0, 1, 1] 226
[0, 0, 0, 1, 1] 230
[0, 0, 0, 1, 1] 237
[0, 0, 0, 1, 1] 272
[0, 0, 0, 1, 1] 273
[0, 0, 0, 1, 1] 282
[0, 0, 0, 1, 1] 283
[0, 0, 0, 1, 1] 284
[0, 0, 0, 1, 1] 289
[0, 0, 0, 1, 1] 290
[0, 0, 0, 1, 1] 291
[0, 0, 0, 1, 1] 305
[0, 0, 0, 1, 1] 307
[0, 0, 0, 1, 1] 311
[0, 0, 0, 1, 1] 323
[0, 0, 0, 1, 1] 364
[0, 0, 0, 1, 1] 367
[0, 0, 0, 1, 1] 379
[0, 0, 0, 1, 1] 390
[0, 0, 0, 0, 1] 15
[0, 0, 0, 0, 1] 16
[0, 0, 0, 0, 1] 21
[0, 0, 0, 0, 1] 21
[0, 0, 0, 0, 1] 33
[0, 0, 0, 0, 1] 46
[0, 0, 0, 0, 1] 65
[0, 0, 0, 0, 1] 69
[0, 0, 0, 0, 1] 76
[0, 0, 0, 0, 1] 108
[0, 0, 0, 0, 1] 110
[0, 0, 0, 0, 1] 114
[0, 0, 0, 0, 1] 114
[0, 0, 0, 0, 1] 119
[0, 0, 0, 0, 1] 124
[0, 0, 0, 0, 1] 125
[0, 0, 0, 0, 1] 145
[0, 0, 0, 0, 1] 164
[0, 0, 0, 0, 1] 183
