VARIABLES 100
NB_OBJ 5
ITEMS
[1, 1, 1, 1, 1] 814
[1, 1, 1, 1, 1] 814
[1, 1, 1, 1, 1] 815
[1, 1, 1, 1, 1] 816
[1, 1, 1, 1, 1] 824
[1, 1, 1, 1, 1] 833
[1, 1, 1, 1, 1] 833
[1, 1, 1, 1, 1] 833
[1, 1, 1, 1, 1] 845
[1, 1, 1, 1, 1] 855
[1, 1, 1, 1, 1] 860
[1, 1, 1, 1, 1] 872
[1, 1, 1, 1, 1] 875
[1, 1, 1, 1, 1] 877
[1, 1, 1, 1, 1] 889
[1, 1, 1, 1, 1] 908
[1, 1, 1, 1, 1] 913
[1, 1, 1, 1, 1] 922
[1, 1, 1, 1, 1] 924
[1, 1, 1, 1, 1] 930
[1, 1, 1, 1, 1] 934
[1, 1, 1, 1, 1] 958
[1, 1, 1, 1, 1] 965
[1, 1, 1, 1, 1] 973
[1, 1, 1, 1, 1] 995
[1, 1, 1, 1, 1] 998
[0, 1, 1, 1, 1] 607
[0, 1, 1, 1, 1] 618
[0, 1, 1, 1, 1] 634
[0, 1, 1, 1, 1] 660
[0, 1, 1, 1, 1] 670
[0, 1, 1, 1, 1] 673
[0, 1, 1, 1, 1] 678
[0, 1, 1, 1, 1] 710
[0, 1, 1, 1, 1] 721
[0, 1, 1, 1, 1] 743
[0, 1, 1, 1, 1] 749
[0, 1, 1, 1, 1] 781
[0, 1, 1, 1, 1] 789
[0, 1, 1, 1, 1] 795
[0, 1, 1, 1, 1] 800
[0, 0, 1, 1, 1] 423
[0, 0, 1, 1, 1] 431
[0, 0, 1, 1, 1] 436
[0, 0, 1, 1, 1] 442
[0, 0, 1, 1, 1] 442
[0, 0, 1, 1, 1] 454
[0, 0, 1, 1, 1] 462
[0, 0, 1, 1, 1] 469
[0, 0, 1, 1, 1] 473
[0, 0, 1, 1, 1] 478
[0, 0, 1, 1, 1] 494
[0, 0, 1, 1, 1] 500
[0, 0, 1, 1, 1] 508
[0, 0, 1, 1, 1] 561
[0, 0, 1, 1, 1] 566
[0, 0, 1, 1, 1] 572
[0, 0, 1, 1, 1] 591
[0, 0, 1, 1, 1] 593
[0, 0, 0, 1, 1] 204
[0, 0, 0, 1, 1] 206
[0, 0, 0, 1, 1] 218
[0, 0, 0, 1, 1] 227
[0, 0, 0, 1, 1] 227
[0, 0, 0, 1, 1] 235
[0, 0, 0, 1, 1] 253
[0, 0, 0, 1, 1] 261
[0, 0, 0, 1, 1] 267
[0, 0, 0, 1, 1] 272
[0, 0, 0, 1, 1] 295
[0, 0, 0, 1, 1] 313
[0, 0, 0, 1, 1] 320
[0, 0, 0, 1, 1] 320
[0, 0, 0, 1, 1] 324
[0, 0, 0, 1, 1] 326
[0, 0, 0, 1, 1] 334
[0, 0, 0, 1, 1] 335
[0, 0, 0, 1, 1] 349
[0, 0, 0, 1, 1] 380
[0, 0, 0, 1, 1] 398
[0, 0, 0, 0, 1] 7
[0, 0, 0, 0, 1] 34
[0, 0, 0, 0, 1] 38
[0, 0, 0, 0, 1] 46
[0, 0, 0, 0, 1] 65
[0, 0, 0, 0, 1] 95
[0, 0, 0, 0, 1] 95
[0, 0, 0, 0, 1] 110
[0, 0, 0, 0, 1] 117
[0, 0, 0, 0, 1] 117
[0, 0, 0, 0, 1] 121
[0, 0, 0, 0, 1] 130
[0, 0, 0, 0, 1] 131
[0, 0, 0, 0, 1] 138
[0, 0, 0, 0, 1] 155
[0, 0, 0, 0, 1] 166
[0, 0, 0, 0, 1] 168
[0, 0, 0, 0, 1] 170
[0, 0, 0, 0, 1] 175
[0, 0, 0, 0, 1] 189
