VARIABLES 100
NB_OBJ 5
ITEMS
[1, 1, 1, 1, 1] 802
[1, 1, 1, 1, 1] 813
[1, 1, 1, 1, 1] 825
[1, 1, 1, 1, 1] 827
[1, 1, 1, 1, 1] 837
[1, 1, 1, 1, 1] 847
[1, 1, 1, 1, 1] 872
[1, 1, 1, 1, 1] 876
[1, 1, 1, 1, 1] 905
[1, 1, 1, 1, 1] 907
[1, 1, 1, 1, 1] 914
[1, 1, 1, 1, 1] 925
[1, 1, 1, 1, 1] 928
[1, 1, 1, 1, 1] 948
[1, 1, 1, 1, 1] 957
[1, 1, 1, 1, 1] 957
[1, 1, 1, 1, 1] 973
[1, 1, 1, 1, 1] 977
[1, 1, 1, 1, 1] 987
[1, 1, 1, 1, 1] 992
[1, 1, 1, 1, 1] 999
[0, 1, 1, 1, 1] 616
[0, 1, 1, 1, 1] 618
[0, 1, 1, 1, 1] 624
[0, 1, 1, 1, 1] 624
[0, 1, 1, 1, 1] 654
[0, 1, 1, 1, 1] 655
[0, 1, 1, 1, 1] 657
[0, 1, 1, 1, 1] 657
[0, 1, 1, 1, 1] 668
[0, 1, 1, 1, 1] 669
[0, 1, 1, 1, 1] 688
[0, 1, 1, 1, 1] 690
[0, 1, 1, 1, 1] 698
[0, 1, 1, 1, 1] 712
[0, 1, 1, 1, 1] 715
[0, 1, 1, 1, 1] 737
[0, 1, 1, 1, 1] 738
[0, 1, 1, 1, 1] 739
[0, 1, 1, 1, 1] 742
[0, 1, 1, 1, 1] 744
[0, 1, 1, 1, 1] 744
[0, 1, 1, 1, 1] 744
[0, 0, 1, 1, 1] 406
[0, 0, 1, 1, 1] 430
[0, 0, 1, 1, 1] 433
[0, 0, 1, 1, 1] 436
[0, 0, 1, 1, 1] 447
[0, 0, 1, 1, 1] 467
[0, 0, 1, 1, 1] 476
[0, 0, 1, 1, 1] 493
[0, 0, 1, 1, 1] 497
[0, 0, 1, 1, 1] 504
[0, 0, 1, 1, 1] 509
[0, 0, 1, 1, 1] 511
[0, 0, 1, 1, 1] 516
[0, 0, 1, 1, 1] 549
[0, 0, 1, 1, 1] 559
[0, 0, 1, 1, 1] 569
[0, 0, 1, 1, 1] 587
[0, 0, 1, 1, 1] 590
[0, 0, 0, 1, 1] 200
[0, 0, 0, 1, 1] 212
[0, 0, 0, 1, 1] 213
[0, 0, 0, 1, 1] 217
[0, 0, 0, 1, 1] 239
[0, 0, 0, 1, 1] 243
[0, 0, 0, 1, 1] 244
[0, 0, 0, 1, 1] 278
[0, 0, 0, 1, 1] 283
[0, 0, 0, 1, 1] 283
[0, 0, 0, 1, 1] 285
[0, 0, 0, 1, 1] 289
[0, 0, 0, 1, 1] 324
[0, 0, 0, 1, 1] 335
[0, 0, 0, 1, 1] 340
[0, 0, 0, 1, 1] 350
[0, 0, 0, 1, 1] 364
[0, 0, 0, 1, 1] 366
[0, 0, 0, 1, 1] 381
[0, 0, 0, 1, 1] 384
[0, 0, 0, 1, 1] 385
[0, 0, 0, 1, 1] 385
[0, 0, 0, 1, 1] 386
[0, 0, 0, 1, 1] 387
[0, 0, 0, 0, 1] 26
[0, 0, 0, 0, 1] 27
[0, 0, 0, 0, 1] 53
[0, 0, 0, 0, 1] 80
[0, 0, 0, 0, 1] 80
[0, 0, 0, 0, 1] 83
[0, 0, 0, 0, 1] 90
[0, 0, 0, 0, 1] 94
[0, 0, 0, 0, 1] 97
[0, 0, 0, 0, 1] 103
[0, 0, 0, 0, 1] 108
[0, 0, 0, 0, 1] 108
[0, 0, 0, 0, 1] 120
[0, 0, 0, 0, 1] 142
[0, 0, 0, 0, 1] 150
