VARIABLES 100
NB_OBJ 5
ITEMS
[1, 1, 1, 1, 1] 837
[1, 1, 1, 1, 1] 842
[1, 1, 1, 1, 1] 848
[1, 1, 1, 1, 1] 856
[1, 1, 1, 1, 1] 866
[1, 1, 1, 1, 1] 871
[1, 1, 1, 1, 1] 877
[1, 1, 1, 1, 1] 881
[1, 1, 1, 1, 1] 883
[1, 1, 1, 1, 1] 892
[1, 1, 1, 1, 1] 902
[1, 1, 1, 1, 1] 902
[1, 1, 1, 1, 1] 908
[1, 1, 1, 1, 1] 921
[1, 1, 1, 1, 1] 957
[1, 1, 1, 1, 1] 967
[1, 1, 1, 1, 1] 981
[1, 1, 1, 1, 1] 984
[0, 1, 1, 1, 1] 604
[0, 1, 1, 1, 1] 613
[0, 1, 1, 1, 1] 628
[0, 1, 1, 1, 1] 633
[0, 1, 1, 1, 1] 638
[0, 1, 1, 1, 1] 642
[0, 1, 1, 1, 1] 642
[0, 1, 1, 1, 1] 648
[0, 1, 1, 1, 1] 653
[0, 1, 1, 1, 1] 657
[0, 1, 1, 1, 1] 669
[0, 1, 1, 1, 1] 680
[0, 1, 1, 1, 1] 690
[0, 1, 1, 1, 1] 691
[0, 1, 1, 1, 1] 695
[0, 1, 1, 1, 1] 705
[0, 1, 1, 1, 1] 707
[0, 1, 1, 1, 1] 721
[0, 1, 1, 1, 1] 727
[0, 1, 1, 1, 1] 746
[0, 1, 1, 1, 1] 747
[0, 1, 1, 1, 1] 754
[0, 1, 1, 1, 1] 760
[0, 1, 1, 1, 1] 765
[0, 1, 1, 1, 1] 775
[0, 1, 1, 1, 1] 780
[0, 1, 1, 1, 1] 780
[0, 1, 1, 1, 1] 794
[0, 0, 1, 1, 1] 405
[0, 0, 1, 1, 1] 427
[0, 0, 1, 1, 1] 434
[0, 0, 1, 1, 1] 435
[0, 0, 1, 1, 1] 444
[0, 0, 1, 1, 1] 445
[0, 0, 1, 1, 1] 447
[0, 0, 1, 1, 1] 456
[0, 0, 1, 1, 1] 482
[0, 0, 1, 1, 1] 482
[0, 0, 1, 1, 1] 485
[0, 0, 1, 1, 1] 493
[0, 0, 1, 1, 1] 495
[0, 0, 1, 1, 1] 541
[0, 0, 1, 1, 1] 558
[0, 0, 1, 1, 1] 566
[0, 0, 1, 1, 1] 574
[0, 0, 1, 1, 1] 575
[0, 0, 1, 1, 1] 577
[0, 0, 1, 1, 1] 577
[0, 0, 1, 1, 1] 580
[0, 0, 1, 1, 1] 598
[0, 0, 0, 1, 1] 200
[0, 0, 0, 1, 1] 238
[0, 0, 0, 1, 1] 239
[0, 0, 0, 1, 1] 248
[0, 0, 0, 1, 1] 252
[0, 0, 0, 1, 1] 261
[0, 0, 0, 1, 1] 283
[0, 0, 0, 1, 1] 294
[0, 0, 0, 1, 1] 301
[0, 0, 0, 1, 1] 303
[0, 0, 0, 1, 1] 307
[0, 0, 0, 1, 1] 331
[0, 0, 0, 1, 1] 376
[0, 0, 0, 0, 1] 6
[0, 0, 0, 0, 1] 19
[0, 0, 0, 0, 1] 24
[0, 0, 0, 0, 1] 34
[0, 0, 0, 0, 1] 44
[0, 0, 0, 0, 1] 53
[0, 0, 0, 0, 1] 53
[0, 0, 0, 0, 1] 55
[0, 0, 0, 0, 1] 73
[0, 0, 0, 0, 1] 77
[0, 0, 0, 0, 1] 84
[0, 0, 0, 0, 1] 84
[0, 0, 0, 0, 1] 96
[0, 0, 0, 0, 1] 119
[0, 0, 0, 0, 1] 119
[0, 0, 0, 0, 1] 132
[0, 0, 0, 0, 1] 137
[0, 0, 0, 0, 1] 139
[0, 0, 0, 0, 1] 155
