VARIABLES 100
NB_OBJ 5
ITEMS
[1, 1, 1, 1, 1] 801
[1, 1, 1, 1, 1] 804
[1, 1, 1, 1, 1] 819
[1, 1, 1, 1, 1] 842
[1, 1, 1, 1, 1] 852
[1, 1, 1, 1, 1] 856
[1, 1, 1, 1, 1] 863
[1, 1, 1, 1, 1] 888
[1, 1, 1, 1, 1] 896
[1, 1, 1, 1, 1] 914
[1, 1, 1, 1, 1] 921
[1, 1, 1, 1, 1] 922
[1, 1, 1, 1, 1] 948
[1, 1, 1, 1, 1] 949
[1, 1, 1, 1, 1] 965
[1, 1, 1, 1, 1] 977
[1, 1, 1, 1, 1] 978
[1, 1, 1, 1, 1] 984
[1, 1, 1, 1, 1] 991
[0, 1, 1, 1, 1] 604
[0, 1, 1, 1, 1] 610
[0, 1, 1, 1, 1] 620
[0, 1, 1, 1, 1] 621
[0, 1, 1, 1, 1] 646
[0, 1, 1, 1, 1] 647
[0, 1, 1, 1, 1] 651
[0, 1, 1, 1, 1] 652
[0, 1, 1, 1, 1] 684
[0, 1, 1, 1, 1] 692
[0, 1, 1, 1, 1] 718
[0, 1, 1, 1, 1] 734
[0, 1, 1, 1, 1] 734
[0, 1, 1, 1, 1] 738
[0, 1, 1, 1, 1] 741
[0, 1, 1, 1, 1] 752
[0, 1, 1, 1, 1] 758
[0, 1, 1, 1, 1] 761
[0, 1, 1, 1, 1] 762
[0, 1, 1, 1, 1] 764
[0, 1, 1, 1, 1] 785
[0, 1, 1, 1, 1] 789
[0, 1, 1, 1, 1] 790
[0, 1, 1, 1, 1] 800
[0, 0, 1, 1, 1] 404
[0, 0, 1, 1, 1] 405
[0, 0, 1, 1, 1] 414
[0, 0, 1, 1, 1] 417
[0, 0, 1, 1, 1] 450
[0, 0, 1, 1, 1] 452
[0, 0, 1, 1, 1] 465
[0, 0, 1, 1, 1] 465
[0, 0, 1, 1, 1] 466
[0, 0, 1, 1, 1] 466
[0, 0, 1, 1, 1] 470
[0, 0, 1, 1, 1] 473
[0, 0, 1, 1, 1] 481
[0, 0, 1, 1, 1] 490
[0, 0, 1, 1, 1] 507
[0, 0, 1, 1, 1] 509
[0, 0, 1, 1, 1] 512
[0, 0, 1, 1, 1] 513
[0, 0, 1, 1, 1] 561
[0, 0, 1, 1, 1] 562
[0, 0, 1, 1, 1] 578
[0, 0, 0, 1, 1] 212
[0, 0, 0, 1, 1] 221
[0, 0, 0, 1, 1] 222
[0, 0, 0, 1, 1] 230
[0, 0, 0, 1, 1] 231
[0, 0, 0, 1, 1] 234
[0, 0, 0, 1, 1] 249
[0, 0, 0, 1, 1] 249
[0, 0, 0, 1, 1] 252
[0, 0, 0, 1, 1] 270
[0, 0, 0, 1, 1] 285
[0, 0, 0, 1, 1] 294
[0, 0, 0, 1, 1] 303
[0, 0, 0, 1, 1] 308
[0, 0, 0, 1, 1] 308
[0, 0, 0, 1, 1] 312
[0, 0, 0, 1, 1] 316
[0, 0, 0, 1, 1] 345
[0, 0, 0, 1, 1] 347
[0, 0, 0, 1, 1] 368
[0, 0, 0, 1, 1] 370
[0, 0, 0, 1, 1] 388
[0, 0, 0, 1, 1] 391
[0, 0, 0, 0, 1] 37
[0, 0, 0, 0, 1] 40
[0, 0, 0, 0, 1] 59
[0, 0, 0, 0, 1] 62
[0, 0, 0, 0, 1] 75
[0, 0, 0, 0, 1] 116
[0, 0, 0, 0, 1] 128
[0, 0, 0, 0, 1] 156
[0, 0, 0, 0, 1] 160
[0, 0, 0, 0, 1] 162
[0, 0, 0, 0, 1] 163
[0, 0, 0, 0, 1] 179
[0, 0, 0, 0, 1] 185
