VARIABLES 100
NB_OBJ 5
ITEMS
[1, 1, 1, 1, 1] 815
[1, 1, 1, 1, 1] 820
[1, 1, 1, 1, 1] 830
[1, 1, 1, 1, 1] 846
[1, 1, 1, 1, 1] 865
[1, 1, 1, 1, 1] 871
[1, 1, 1, 1, 1] 891
[1, 1, 1, 1, 1] 900
[1, 1, 1, 1, 1] 913
[1, 1, 1, 1, 1] 918
[1, 1, 1, 1, 1] 939
[1, 1, 1, 1, 1] 944
[1, 1, 1, 1, 1] 952
[1, 1, 1, 1, 1] 971
[1, 1, 1, 1, 1] 971
[1, 1, 1, 1, 1] 985
[0, 1, 1, 1, 1] 601
[0, 1, 1, 1, 1] 610
[0, 1, 1, 1, 1] 620
[0, 1, 1, 1, 1] 633
[0, 1, 1, 1, 1] 638
[0, 1, 1, 1, 1] 642
[0, 1, 1, 1, 1] 654
[0, 1, 1, 1, 1] 669
[0, 1, 1, 1, 1] 672
[0, 1, 1, 1, 1] 675
[0, 1, 1, 1, 1] 699
[0, 1, 1, 1, 1] 711
[0, 1, 1, 1, 1] 720
[0, 1, 1, 1, 1] 749
[0, 1, 1, 1, 1] 752
[0, 1, 1, 1, 1] 757
[0, 1, 1, 1, 1] 775
[0, 1, 1, 1, 1] 777
[0, 0, 1, 1, 1] 400
[0, 0, 1, 1, 1] 412
[0, 0, 1, 1, 1] 416
[0, 0, 1, 1, 1] 418
[0, 0, 1, 1, 1] 422
[0, 0, 1, 1, 1] 424
[0, 0, 1, 1, 1] 441
[0, 0, 1, 1, 1] 446
[0, 0, 1, 1, 1] 446
[0, 0, 1, 1, 1] 457
[0, 0, 1, 1, 1] 464
[0, 0, 1, 1, 1] 480
[0, 0, 1, 1, 1] 518
[0, 0, 1, 1, 1] 519
[0, 0, 1, 1, 1] 525
[0, 0, 1, 1, 1] 543
[0, 0, 1, 1, 1] 548
[0, 0, 1, 1, 1] 554
[0, 0, 1, 1, 1] 573
[0, 0, 1, 1, 1] 576
[0, 0, 1, 1, 1] 586
[0, 0, 1, 1, 1] 594
[0, 0, 1, 1, 1] 600
[0, 0, 0, 1, 1] 204
[0, 0, 0, 1, 1] 205
[0, 0, 0, 1, 1] 215
[0, 0, 0, 1, 1] 240
[0, 0, 0, 1, 1] 241
[0, 0, 0, 1, 1] 246
[0, 0, 0, 1, 1] 257
[0, 0, 0, 1, 1] 260
[0, 0, 0, 1, 1] 281
[0, 0, 0, 1, 1] 290
[0, 0, 0, 1, 1] 307
[0, 0, 0, 1, 1] 321
[0, 0, 0, 1, 1] 322
[0, 0, 0, 1, 1] 329
[0, 0, 0, 1, 1] 333
[0, 0, 0, 1, 1] 346
[0, 0, 0, 1, 1] 376
[0, 0, 0, 1, 1] 388
[0, 0, 0, 1, 1] 399
[0, 0, 0, 0, 1] 8
[0, 0, 0, 0, 1] 23
[0, 0, 0, 0, 1] 38
[0, 0, 0, 0, 1] 40
[0, 0, 0, 0, 1] 42
[0, 0, 0, 0, 1] 63
[0, 0, 0, 0, 1] 64
[0, 0, 0, 0, 1] 72
[0, 0, 0, 0, 1] 73
[0, 0, 0, 0, 1] 97
[0, 0, 0, 0, 1] 106
[0, 0, 0, 0, 1] 121
[0, 0, 0, 0, 1] 124
[0, 0, 0, 0, 1] 128
[0, 0, 0, 0, 1] 133
[0, 0, 0, 0, 1] 137
[0, 0, 0, 0, 1] 149
[0, 0, 0, 0, 1] 151
[0, 0, 0, 0, 1] 155
[0, 0, 0, 0, 1] 157
[0, 0, 0, 0, 1] 161
[0, 0, 0, 0, 1] 167
[0, 0, 0, 0, 1] 179
[0, 0, 0, 0, 1] 180
