VARIABLES 100
NB_OBJ 5
ITEMS
[1, 1, 1, 1, 1] 827
[1, 1, 1, 1, 1] 864
[1, 1, 1, 1, 1] 878
[1, 1, 1, 1, 1] 884
[1, 1, 1, 1, 1] 904
[1, 1, 1, 1, 1] 920
[1, 1, 1, 1, 1] 924
[1, 1, 1, 1, 1] 941
[1, 1, 1, 1, 1] 948
[1, 1, 1, 1, 1] 948
[1, 1, 1, 1, 1] 954
[1, 1, 1, 1, 1] 958
[0, 1, 1, 1, 1] 601
[0, 1, 1, 1, 1] 612
[0, 1, 1, 1, 1] 627
[0, 1, 1, 1, 1] 628
[0, 1, 1, 1, 1] 632
[0, 1, 1, 1, 1] 632
[0, 1, 1, 1, 1] 657
[0, 1, 1, 1, 1] 696
[0, 1, 1, 1, 1] 704
[0, 1, 1, 1, 1] 708
[0, 1, 1, 1, 1] 710
[0, 1, 1, 1, 1] 710
[0, 1, 1, 1, 1] 719
[0, 1, 1, 1, 1] 745
[0, 1, 1, 1, 1] 752
[0, 1, 1, 1, 1] 757
[0, 1, 1, 1, 1] 757
[0, 1, 1, 1, 1] 767
[0, 1, 1, 1, 1] 778
[0, 1, 1, 1, 1] 779
[0, 1, 1, 1, 1] 792
[0, 0, 1, 1, 1] 414
[0, 0, 1, 1, 1] 426
[0, 0, 1, 1, 1] 433
[0, 0, 1, 1, 1] 445
[0, 0, 1, 1, 1] 447
[0, 0, 1, 1, 1] 458
[0, 0, 1, 1, 1] 462
[0, 0, 1, 1, 1] 466
[0, 0, 1, 1, 1] 485
[0, 0, 1, 1, 1] 497
[0, 0, 1, 1, 1] 502
[0, 0, 1, 1, 1] 523
[0, 0, 1, 1, 1] 528
[0, 0, 1, 1, 1] 544
[0, 0, 1, 1, 1] 551
[0, 0, 1, 1, 1] 560
[0, 0, 1, 1, 1] 567
[0, 0, 1, 1, 1] 572
[0, 0, 1, 1, 1] 580
[0, 0, 1, 1, 1] 587
[0, 0, 1, 1, 1] 588
[0, 0, 1, 1, 1] 592
[0, 0, 1, 1, 1] 597
[0, 0, 0, 1, 1] 207
[0, 0, 0, 1, 1] 217
[0, 0, 0, 1, 1] 219
[0, 0, 0, 1, 1] 222
[0, 0, 0, 1, 1] 223
[0, 0, 0, 1, 1] 263
[0, 0, 0, 1, 1] 267
[0, 0, 0, 1, 1] 267
[0, 0, 0, 1, 1] 269
[0, 0, 0, 1, 1] 280
[0, 0, 0, 1, 1] 285
[0, 0, 0, 1, 1] 288
[0, 0, 0, 1, 1] 289
[0, 0, 0, 1, 1] 293
[0, 0, 0, 1, 1] 298
[0, 0, 0, 1, 1] 305
[0, 0, 0, 1, 1] 314
[0, 0, 0, 1, 1] 340
[0, 0, 0, 1, 1] 370
[0, 0, 0, 1, 1] 375
[0, 0, 0, 1, 1] 376
[0, 0, 0, 1, 1] 386
[0, 0, 0, 1, 1] 393
[0, 0, 0, 0, 1] 17
[0, 0, 0, 0, 1] 38
[0, 0, 0, 0, 1] 41
[0, 0, 0, 0, 1] 44
[0, 0, 0, 0, 1] 45
[0, 0, 0, 0, 1] 49
[0, 0, 0, 0, 1] 51
[0, 0, 0, 0, 1] 60
[0, 0, 0, 0, 1] 68
[0, 0, 0, 0, 1] 73
[0, 0, 0, 0, 1] 77
[0, 0, 0, 0, 1] 79
[0, 0, 0, 0, 1] 102
[0, 0, 0, 0, 1] 104
[0, 0, 0, 0, 1] 117
[0, 0, 0, 0, 1] 134
[0, 0, 0, 0, 1] 147
[0, 0, 0, 0, 1] 155
[0, 0, 0, 0, 1] 170
[0, 0, 0, 0, 1] 194
[0, 0, 0, 0, 1] 200
