VARIABLES 100
NB_OBJ 5
ITEMS
[1, 1, 1, 1, 1] 831
[1, 1, 1, 1, 1] 831
[1, 1, 1, 1, 1] 832
[1, 1, 1, 1, 1] 833
[1, 1, 1, 1, 1] 847
[1, 1, 1, 1, 1] 861
[1, 1, 1, 1, 1] 862
[1, 1, 1, 1, 1] 868
[1, 1, 1, 1, 1] 872
[1, 1, 1, 1, 1] 872
[1, 1, 1, 1, 1] 881
[1, 1, 1, 1, 1] 891
[1, 1, 1, 1, 1] 899
[1, 1, 1, 1, 1] 912
[1, 1, 1, 1, 1] 919
[1, 1, 1, 1, 1] 924
[1, 1, 1, 1, 1] 936
[1, 1, 1, 1, 1] 941
[1, 1, 1, 1, 1] 965
[1, 1, 1, 1, 1] 973
[1, 1, 1, 1, 1] 987
[0, 1, 1, 1, 1] 605
[0, 1, 1, 1, 1] 609
[0, 1, 1, 1, 1] 622
[0, 1, 1, 1, 1] 629
[0, 1, 1, 1, 1] 639
[0, 1, 1, 1, 1] 644
[0, 1, 1, 1, 1] 648
[0, 1, 1, 1, 1] 652
[0, 1, 1, 1, 1] 659
[0, 1, 1, 1, 1] 673
[0, 1, 1, 1, 1] 689
[0, 1, 1, 1, 1] 691
[0, 1, 1, 1, 1] 704
[0, 1, 1, 1, 1] 718
[0, 1, 1, 1, 1] 724
[0, 1, 1, 1, 1] 727
[0, 1, 1, 1, 1] 730
[0, 1, 1, 1, 1] 734
[0, 1, 1, 1, 1] 739
[0, 1, 1, 1, 1] 746
[0, 1, 1, 1, 1] 767
[0, 1, 1, 1, 1] 769
[0, 1, 1, 1, 1] 771
[0, 1, 1, 1, 1] 771
[0, 1, 1, 1, 1] 780
[0, 1, 1, 1, 1] 781
[0, 1, 1, 1, 1] 781
[0, 1, 1, 1, 1] 781
[0, 0, 1, 1, 1] 406
[0, 0, 1, 1, 1] 407
[0, 0, 1, 1, 1] 420
[0, 0, 1, 1, 1] 430
[0, 0, 1, 1, 1] 431
[0, 0, 1, 1, 1] 435
[0, 0, 1, 1, 1] 440
[0, 0, 1, 1, 1] 447
[0, 0, 1, 1, 1] 465
[0, 0, 1, 1, 1] 488
[0, 0, 1, 1, 1] 496
[0, 0, 1, 1, 1] 508
[0, 0, 1, 1, 1] 519
[0, 0, 1, 1, 1] 523
[0, 0, 1, 1, 1] 523
[0, 0, 1, 1, 1] 575
[0, 0, 1, 1, 1] 584
[0, 0, 1, 1, 1] 593
[0, 0, 0, 1, 1] 227
[0, 0, 0, 1, 1] 231
[0, 0, 0, 1, 1] 238
[0, 0, 0, 1, 1] 247
[0, 0, 0, 1, 1] 260
[0, 0, 0, 1, 1] 263
[0, 0, 0, 1, 1] 281
[0, 0, 0, 1, 1] 327
[0, 0, 0, 1, 1] 328
[0, 0, 0, 1, 1] 332
[0, 0, 0, 1, 1] 337
[0, 0, 0, 1, 1] 398
[0, 0, 0, 0, 1] 8
[0, 0, 0, 0, 1] 10
[0, 0, 0, 0, 1] 17
[0, 0, 0, 0, 1] 36
[0, 0, 0, 0, 1] 41
[0, 0, 0, 0, 1] 45
[0, 0, 0, 0, 1] 85
[0, 0, 0, 0, 1] 86
[0, 0, 0, 0, 1] 89
[0, 0, 0, 0, 1] 96
[0, 0, 0, 0, 1] 114
[0, 0, 0, 0, 1] 115
[0, 0, 0, 0, 1] 124
[0, 0, 0, 0, 1] 146
[0, 0, 0, 0, 1] 149
[0, 0, 0, 0, 1] 153
[0, 0, 0, 0, 1] 155
[0, 0, 0, 0, 1] 163
[0, 0, 0, 0, 1] 170
[0, 0, 0, 0, 1] 174
[0, 0, 0, 0, 1] 174
