VARIABLES 100
NB_OBJ 5
ITEMS
[1, 1, 1, 1, 1] 803
[1, 1, 1, 1, 1] 820
[1, 1, 1, 1, 1] 835
[1, 1, 1, 1, 1] 843
[1, 1, 1, 1, 1] 848
[1, 1, 1, 1, 1] 850
[1, 1, 1, 1, 1] 870
[1, 1, 1, 1, 1] 888
[1, 1, 1, 1, 1] 896
[1, 1, 1, 1, 1] 912
[1, 1, 1, 1, 1] 914
[1, 1, 1, 1, 1] 929
[1, 1, 1, 1, 1] 930
[1, 1, 1, 1, 1] 960
[1, 1, 1, 1, 1] 968
[1, 1, 1, 1, 1] 972
[1, 1, 1, 1, 1] 974
[1, 1, 1, 1, 1] 979
[1, 1, 1, 1, 1] 999
[0, 1, 1, 1, 1] 603
[0, 1, 1, 1, 1] 615
[0, 1, 1, 1, 1] 631
[0, 1, 1, 1, 1] 636
[0, 1, 1, 1, 1] 648
[0, 1, 1, 1, 1] 699
[0, 1, 1, 1, 1] 708
[0, 1, 1, 1, 1] 710
[0, 1, 1, 1, 1] 712
[0, 1, 1, 1, 1] 740
[0, 1, 1, 1, 1] 751
[0, 1, 1, 1, 1] 758
[0, 1, 1, 1, 1] 777
[0, 1, 1, 1, 1] 777
[0, 1, 1, 1, 1] 795
[0, 1, 1, 1, 1] 797
[0, 0, 1, 1, 1] 403
[0, 0, 1, 1, 1] 403
[0, 0, 1, 1, 1] 409
[0, 0, 1, 1, 1] 416
[0, 0, 1, 1, 1] 432
[0, 0, 1, 1, 1] 436
[0, 0, 1, 1, 1] 461
[0, 0, 1, 1, 1] 470
[0, 0, 1, 1, 1] 488
[0, 0, 1, 1, 1] 490
[0, 0, 1, 1, 1] 491
[0, 0, 1, 1, 1] 507
[0, 0, 1, 1, 1] 524
[0, 0, 1, 1, 1] 528
[0, 0, 1, 1, 1] 543
[0, 0, 1, 1, 1] 545
[0, 0, 1, 1, 1] 546
[0, 0, 1, 1, 1] 552
[0, 0, 1, 1, 1] 566
[0, 0, 1, 1, 1] 573
[0, 0, 1, 1, 1] 574
[0, 0, 1, 1, 1] 591
[0, 0, 0, 1, 1] 216
[0, 0, 0, 1, 1] 236
[0, 0, 0, 1, 1] 238
[0, 0, 0, 1, 1] 253
[0, 0, 0, 1, 1] 256
[0, 0, 0, 1, 1] 297
[0, 0, 0, 1, 1] 301
[0, 0, 0, 1, 1] 302
[0, 0, 0, 1, 1] 312
[0, 0, 0, 1, 1] 316
[0, 0, 0, 1, 1] 316
[0, 0, 0, 1, 1] 316
[0, 0, 0, 1, 1] 342
[0, 0, 0, 1, 1] 349
[0, 0, 0, 1, 1] 350
[0, 0, 0, 1, 1] 354
[0, 0, 0, 1, 1] 381
[0, 0, 0, 1, 1] 384
[0, 0, 0, 1, 1] 391
[0, 0, 0, 1, 1] 394
[0, 0, 0, 0, 1] 17
[0, 0, 0, 0, 1] 26
[0, 0, 0, 0, 1] 31
[0, 0, 0, 0, 1] 37
[0, 0, 0, 0, 1] 38
[0, 0, 0, 0, 1] 78
[0, 0, 0, 0, 1] 87
[0, 0, 0, 0, 1] 91
[0, 0, 0, 0, 1] 101
[0, 0, 0, 0, 1] 106
[0, 0, 0, 0, 1] 114
[0, 0, 0, 0, 1] 121
[0, 0, 0, 0, 1] 124
[0, 0, 0, 0, 1] 128
[0, 0, 0, 0, 1] 130
[0, 0, 0, 0, 1] 142
[0, 0, 0, 0, 1] 145
[0, 0, 0, 0, 1] 153
[0, 0, 0, 0, 1] 156
[0, 0, 0, 0, 1] 165
[0, 0, 0, 0, 1] 169
[0, 0, 0, 0, 1] 176
[0, 0, 0, 0, 1] 181
