VARIABLES 100
NB_OBJ 9
ITEMS
[1, 1, 1, 1, 1, 1, 1, 1, 1] 74
[1, 1, 1, 1, 1, 1, 1, 1, 1] 108
[1, 1, 1, 1, 1, 1, 1, 1, 1] 217
[1, 1, 1, 1, 1, 1, 1, 1, 1] 272
[1, 1, 1, 1, 1, 1, 1, 1, 1] 407
[1, 1, 1, 1, 1, 1, 1, 1, 1] 460
[1, 1, 1, 1, 1, 1, 1, 1, 1] 518
[1, 1, 1, 1, 1, 1, 1, 1, 1] 540
[1, 1, 1, 1, 1, 1, 1, 1, 1] 615
[1, 1, 1, 1, 1, 1, 1, 1, 1] 761
[1, 1, 1, 1, 1, 1, 1, 1, 1] 818
[1, 1, 1, 1, 1, 1, 1, 1, 1] 874
[1, 1, 1, 1, 1, 1, 1, 1, 1] 933
[1, 1, 1, 1, 1, 1, 1, 1, 1] 983
[0, 1, 1, 1, 1, 1, 1, 1, 1] 48
[0, 1, 1, 1, 1, 1, 1, 1, 1] 278
[0, 1, 1, 1, 1, 1, 1, 1, 1] 309
[0, 1, 1, 1, 1, 1, 1, 1, 1] 398
[0, 1, 1, 1, 1, 1, 1, 1, 1] 511
[0, 1, 1, 1, 1, 1, 1, 1, 1] 681
[0, 1, 1, 1, 1, 1, 1, 1, 1] 690
[0, 1, 1, 1, 1, 1, 1, 1, 1] 734
[0, 1, 1, 1, 1, 1, 1, 1, 1] 764
[0, 1, 1, 1, 1, 1, 1, 1, 1] 865
[0, 1, 1, 1, 1, 1, 1, 1, 1] 890
[0, 0, 1, 1, 1, 1, 1, 1, 1] 25
[0, 0, 1, 1, 1, 1, 1, 1, 1] 59
[0, 0, 1, 1, 1, 1, 1, 1, 1] 95
[0, 0, 1, 1, 1, 1, 1, 1, 1] 96
[0, 0, 1, 1, 1, 1, 1, 1, 1] 106
[0, 0, 1, 1, 1, 1, 1, 1, 1] 263
[0, 0, 1, 1, 1, 1, 1, 1, 1] 385
[0, 0, 1, 1, 1, 1, 1, 1, 1] 428
[0, 0, 1, 1, 1, 1, 1, 1, 1] 511
[0, 0, 1, 1, 1, 1, 1, 1, 1] 665
[0, 0, 1, 1, 1, 1, 1, 1, 1] 747
[0, 0, 1, 1, 1, 1, 1, 1, 1] 864
[0, 0, 0, 1, 1, 1, 1, 1, 1] 31
[0, 0, 0, 1, 1, 1, 1, 1, 1] 60
[0, 0, 0, 1, 1, 1, 1, 1, 1] 371
[0, 0, 0, 1, 1, 1, 1, 1, 1] 455
[0, 0, 0, 1, 1, 1, 1, 1, 1] 633
[0, 0, 0, 0, 1, 1, 1, 1, 1] 126
[0, 0, 0, 0, 1, 1, 1, 1, 1] 269
[0, 0, 0, 0, 1, 1, 1, 1, 1] 403
[0, 0, 0, 0, 1, 1, 1, 1, 1] 405
[0, 0, 0, 0, 1, 1, 1, 1, 1] 426
[0, 0, 0, 0, 1, 1, 1, 1, 1] 444
[0, 0, 0, 0, 1, 1, 1, 1, 1] 578
[0, 0, 0, 0, 1, 1, 1, 1, 1] 691
[0, 0, 0, 0, 1, 1, 1, 1, 1] 825
[0, 0, 0, 0, 1, 1, 1, 1, 1] 830
[0, 0, 0, 0, 1, 1, 1, 1, 1] 878
[0, 0, 0, 0, 1, 1, 1, 1, 1] 952
[0, 0, 0, 0, 0, 1, 1, 1, 1] 17
[0, 0, 0, 0, 0, 1, 1, 1, 1] 39
[0, 0, 0, 0, 0, 1, 1, 1, 1] 235
[0, 0, 0, 0, 0, 1, 1, 1, 1] 563
[0, 0, 0, 0, 0, 1, 1, 1, 1] 566
[0, 0, 0, 0, 0, 1, 1, 1, 1] 667
[0, 0, 0, 0, 0, 1, 1, 1, 1] 697
[0, 0, 0, 0, 0, 1, 1, 1, 1] 778
[0, 0, 0, 0, 0, 1, 1, 1, 1] 854
[0, 0, 0, 0, 0, 1, 1, 1, 1] 856
[0, 0, 0, 0, 0, 0, 1, 1, 1] 43
[0, 0, 0, 0, 0, 0, 1, 1, 1] 110
[0, 0, 0, 0, 0, 0, 1, 1, 1] 137
[0, 0, 0, 0, 0, 0, 1, 1, 1] 160
[0, 0, 0, 0, 0, 0, 1, 1, 1] 242
[0, 0, 0, 0, 0, 0, 1, 1, 1] 386
[0, 0, 0, 0, 0, 0, 1, 1, 1] 394
[0, 0, 0, 0, 0, 0, 1, 1, 1] 560
[0, 0, 0, 0, 0, 0, 1, 1, 1] 623
[0, 0, 0, 0, 0, 0, 1, 1, 1] 673
[0, 0, 0, 0, 0, 0, 1, 1, 1] 824
[0, 0, 0, 0, 0, 0, 0, 1, 1] 82
[0, 0, 0, 0, 0, 0, 0, 1, 1] 154
[0, 0, 0, 0, 0, 0, 0, 1, 1] 187
[0, 0, 0, 0, 0, 0, 0, 1, 1] 191
[0, 0, 0, 0, 0, 0, 0, 1, 1] 292
[0, 0, 0, 0, 0, 0, 0, 1, 1] 322
[0, 0, 0, 0, 0, 0, 0, 1, 1] 381
[0, 0, 0, 0, 0, 0, 0, 1, 1] 414
[0, 0, 0, 0, 0, 0, 0, 1, 1] 456
[0, 0, 0, 0, 0, 0, 0, 1, 1] 714
[0, 0, 0, 0, 0, 0, 0, 1, 1] 804
[0, 0, 0, 0, 0, 0, 0, 1, 1] 810
[0, 0, 0, 0, 0, 0, 0, 1, 1] 961
[0, 0, 0, 0, 0, 0, 0, 0, 1] 241
[0, 0, 0, 0, 0, 0, 0, 0, 1] 283
[0, 0, 0, 0, 0, 0, 0, 0, 1] 443
[0, 0, 0, 0, 0, 0, 0, 0, 1] 537
[0, 0, 0, 0, 0, 0, 0, 0, 1] 563
[0, 0, 0, 0, 0, 0, 0, 0, 1] 663
[0, 0, 0, 0, 0, 0, 0, 0, 1] 731
[0, 0, 0, 0, 0, 0, 0, 0, 1] 834
[0, 0, 0, 0, 0, 0, 0, 0, 1] 844
[0, 0, 0, 0, 0, 0, 0, 0, 1] 882
[0, 0, 0, 0, 0, 0, 0, 0, 1] 914
[0, 0, 0, 0, 0, 0, 0, 0, 1] 971
