VARIABLES 100
NB_OBJ 12
ITEMS
[1, 1, 1, 1, 1, 1, 1, 1, 1, 1, 1, 1] 6
[1, 1, 1, 1, 1, 1, 1, 1, 1, 1, 1, 1] 283
[1, 1, 1, 1, 1, 1, 1, 1, 1, 1, 1, 1] 288
[1, 1, 1, 1, 1, 1, 1, 1, 1, 1, 1, 1] 300
[1, 1, 1, 1, 1, 1, 1, 1, 1, 1, 1, 1] 348
[1, 1, 1, 1, 1, 1, 1, 1, 1, 1, 1, 1] 469
[1, 1, 1, 1, 1, 1, 1, 1, 1, 1, 1, 1] 536
[1, 1, 1, 1, 1, 1, 1, 1, 1, 1, 1, 1] 671
[1, 1, 1, 1, 1, 1, 1, 1, 1, 1, 1, 1] 787
[1, 1, 1, 1, 1, 1, 1, 1, 1, 1, 1, 1] 813
[0, 1, 1, 1, 1, 1, 1, 1, 1, 1, 1, 1] 4
[0, 1, 1, 1, 1, 1, 1, 1, 1, 1, 1, 1] 108
[0, 1, 1, 1, 1, 1, 1, 1, 1, 1, 1, 1] 234
[0, 1, 1, 1, 1, 1, 1, 1, 1, 1, 1, 1] 238
[0, 1, 1, 1, 1, 1, 1, 1, 1, 1, 1, 1] 286
[0, 1, 1, 1, 1, 1, 1, 1, 1, 1, 1, 1] 358
[0, 1, 1, 1, 1, 1, 1, 1, 1, 1, 1, 1] 462
[0, 1, 1, 1, 1, 1, 1, 1, 1, 1, 1, 1] 480
[0, 1, 1, 1, 1, 1, 1, 1, 1, 1, 1, 1] 758
[0, 1, 1, 1, 1, 1, 1, 1, 1, 1, 1, 1] 872
[0, 0, 1, 1, 1, 1, 1, 1, 1, 1, 1, 1] 49
[0, 0, 1, 1, 1, 1, 1, 1, 1, 1, 1, 1] 94
[0, 0, 1, 1, 1, 1, 1, 1, 1, 1, 1, 1] 120
[0, 0, 1, 1, 1, 1, 1, 1, 1, 1, 1, 1] 154
[0, 0, 1, 1, 1, 1, 1, 1, 1, 1, 1, 1] 263
[0, 0, 1, 1, 1, 1, 1, 1, 1, 1, 1, 1] 286
[0, 0, 1, 1, 1, 1, 1, 1, 1, 1, 1, 1] 376
[0, 0, 1, 1, 1, 1, 1, 1, 1, 1, 1, 1] 617
[0, 0, 1, 1, 1, 1, 1, 1, 1, 1, 1, 1] 743
[0, 0, 1, 1, 1, 1, 1, 1, 1, 1, 1, 1] 787
[0, 0, 1, 1, 1, 1, 1, 1, 1, 1, 1, 1] 816
[0, 0, 0, 1, 1, 1, 1, 1, 1, 1, 1, 1] 79
[0, 0, 0, 1, 1, 1, 1, 1, 1, 1, 1, 1] 116
[0, 0, 0, 1, 1, 1, 1, 1, 1, 1, 1, 1] 659
[0, 0, 0, 1, 1, 1, 1, 1, 1, 1, 1, 1] 679
[0, 0, 0, 1, 1, 1, 1, 1, 1, 1, 1, 1] 782
[0, 0, 0, 1, 1, 1, 1, 1, 1, 1, 1, 1] 822
[0, 0, 0, 1, 1, 1, 1, 1, 1, 1, 1, 1] 861
[0, 0, 0, 1, 1, 1, 1, 1, 1, 1, 1, 1] 873
[0, 0, 0, 1, 1, 1, 1, 1, 1, 1, 1, 1] 989
[0, 0, 0, 0, 1, 1, 1, 1, 1, 1, 1, 1] 22
[0, 0, 0, 0, 1, 1, 1, 1, 1, 1, 1, 1] 33
[0, 0, 0, 0, 1, 1, 1, 1, 1, 1, 1, 1] 176
[0, 0, 0, 0, 1, 1, 1, 1, 1, 1, 1, 1] 387
[0, 0, 0, 0, 1, 1, 1, 1, 1, 1, 1, 1] 549
[0, 0, 0, 0, 1, 1, 1, 1, 1, 1, 1, 1] 580
[0, 0, 0, 0, 1, 1, 1, 1, 1, 1, 1, 1] 588
[0, 0, 0, 0, 1, 1, 1, 1, 1, 1, 1, 1] 658
[0, 0, 0, 0, 1, 1, 1, 1, 1, 1, 1, 1] 740
[0, 0, 0, 0, 1, 1, 1, 1, 1, 1, 1, 1] 786
[0, 0, 0, 0, 0, 1, 1, 1, 1, 1, 1, 1] 161
[0, 0, 0, 0, 0, 1, 1, 1, 1, 1, 1, 1] 194
[0, 0, 0, 0, 0, 1, 1, 1, 1, 1, 1, 1] 254
[0, 0, 0, 0, 0, 1, 1, 1, 1, 1, 1, 1] 405
[0, 0, 0, 0, 0, 1, 1, 1, 1, 1, 1, 1] 769
[0, 0, 0, 0, 0, 0, 1, 1, 1, 1, 1, 1] 144
[0, 0, 0, 0, 0, 0, 1, 1, 1, 1, 1, 1] 182
[0, 0, 0, 0, 0, 0, 1, 1, 1, 1, 1, 1] 423
[0, 0, 0, 0, 0, 0, 1, 1, 1, 1, 1, 1] 506
[0, 0, 0, 0, 0, 0, 1, 1, 1, 1, 1, 1] 620
[0, 0, 0, 0, 0, 0, 1, 1, 1, 1, 1, 1] 949
[0, 0, 0, 0, 0, 0, 0, 1, 1, 1, 1, 1] 2
[0, 0, 0, 0, 0, 0, 0, 1, 1, 1, 1, 1] 174
[0, 0, 0, 0, 0, 0, 0, 1, 1, 1, 1, 1] 323
[0, 0, 0, 0, 0, 0, 0, 1, 1, 1, 1, 1] 419
[0, 0, 0, 0, 0, 0, 0, 1, 1, 1, 1, 1] 487
[0, 0, 0, 0, 0, 0, 0, 1, 1, 1, 1, 1] 520
[0, 0, 0, 0, 0, 0, 0, 1, 1, 1, 1, 1] 614
[0, 0, 0, 0, 0, 0, 0, 1, 1, 1, 1, 1] 623
[0, 0, 0, 0, 0, 0, 0, 1, 1, 1, 1, 1] 641
[0, 0, 0, 0, 0, 0, 0, 1, 1, 1, 1, 1] 707
[0, 0, 0, 0, 0, 0, 0, 1, 1, 1, 1, 1] 825
[0, 0, 0, 0, 0, 0, 0, 0, 1, 1, 1, 1] 443
[0, 0, 0, 0, 0, 0, 0, 0, 1, 1, 1, 1] 652
[0, 0, 0, 0, 0, 0, 0, 0, 1, 1, 1, 1] 674
[0, 0, 0, 0, 0, 0, 0, 0, 1, 1, 1, 1] 676
[0, 0, 0, 0, 0, 0, 0, 0, 0, 1, 1, 1] 28
[0, 0, 0, 0, 0, 0, 0, 0, 0, 1, 1, 1] 102
[0, 0, 0, 0, 0, 0, 0, 0, 0, 1, 1, 1] 347
[0, 0, 0, 0, 0, 0, 0, 0, 0, 1, 1, 1] 428
[0, 0, 0, 0, 0, 0, 0, 0, 0, 1, 1, 1] 517
[0, 0, 0, 0, 0, 0, 0, 0, 0, 1, 1, 1] 519
[0, 0, 0, 0, 0, 0, 0, 0, 0, 1, 1, 1] 703
[0, 0, 0, 0, 0, 0, 0, 0, 0, 1, 1, 1] 903
[0, 0, 0, 0, 0, 0, 0, 0, 0, 0, 1, 1] 88
[0, 0, 0, 0, 0, 0, 0, 0, 0, 0, 1, 1] 189
[0, 0, 0, 0, 0, 0, 0, 0, 0, 0, 1, 1] 199
[0, 0, 0, 0, 0, 0, 0, 0, 0, 0, 1, 1] 239
[0, 0, 0, 0, 0, 0, 0, 0, 0, 0, 1, 1] 456
[0, 0, 0, 0, 0, 0, 0, 0, 0, 0, 1, 1] 960
[0, 0, 0, 0, 0, 0, 0, 0, 0, 0, 0, 1] 285
[0, 0, 0, 0, 0, 0, 0, 0, 0, 0, 0, 1] 377
[0, 0, 0, 0, 0, 0, 0, 0, 0, 0, 0, 1] 443
[0, 0, 0, 0, 0, 0, 0, 0, 0, 0, 0, 1] 509
[0, 0, 0, 0, 0, 0, 0, 0, 0, 0, 0, 1] 597
[0, 0, 0, 0, 0, 0, 0, 0, 0, 0, 0, 1] 705
[0, 0, 0, 0, 0, 0, 0, 0, 0, 0, 0, 1] 807
[0, 0, 0, 0, 0, 0, 0, 0, 0, 0, 0, 1] 810
[0, 0, 0, 0, 0, 0, 0, 0, 0, 0, 0, 1] 839
[0, 0, 0, 0, 0, 0, 0, 0, 0, 0, 0, 1] 978
