VARIABLES 100
NB_OBJ 12
ITEMS
[1, 1, 1, 1, 1, 1, 1, 1, 1, 1, 1, 1] 34
[1, 1, 1, 1, 1, 1, 1, 1, 1, 1, 1, 1] 176
[1, 1, 1, 1, 1, 1, 1, 1, 1, 1, 1, 1] 367
[1, 1, 1, 1, 1, 1, 1, 1, 1, 1, 1, 1] 414
[1, 1, 1, 1, 1, 1, 1, 1, 1, 1, 1, 1] 611
[1, 1, 1, 1, 1, 1, 1, 1, 1, 1, 1, 1] 624
[1, 1, 1, 1, 1, 1, 1, 1, 1, 1, 1, 1] 677
[1, 1, 1, 1, 1, 1, 1, 1, 1, 1, 1, 1] 713
[1, 1, 1, 1, 1, 1, 1, 1, 1, 1, 1, 1] 799
[1, 1, 1, 1, 1, 1, 1, 1, 1, 1, 1, 1] 932
[1, 1, 1, 1, 1, 1, 1, 1, 1, 1, 1, 1] 932
[1, 1, 1, 1, 1, 1, 1, 1, 1, 1, 1, 1] 973
[0, 1, 1, 1, 1, 1, 1, 1, 1, 1, 1, 1] 44
[0, 1, 1, 1, 1, 1, 1, 1, 1, 1, 1, 1] 135
[0, 1, 1, 1, 1, 1, 1, 1, 1, 1, 1, 1] 290
[0, 1, 1, 1, 1, 1, 1, 1, 1, 1, 1, 1] 527
[0, 1, 1, 1, 1, 1, 1, 1, 1, 1, 1, 1] 531
[0, 1, 1, 1, 1, 1, 1, 1, 1, 1, 1, 1] 627
[0, 1, 1, 1, 1, 1, 1, 1, 1, 1, 1, 1] 969
[0, 0, 1, 1, 1, 1, 1, 1, 1, 1, 1, 1] 15
[0, 0, 1, 1, 1, 1, 1, 1, 1, 1, 1, 1] 82
[0, 0, 1, 1, 1, 1, 1, 1, 1, 1, 1, 1] 135
[0, 0, 1, 1, 1, 1, 1, 1, 1, 1, 1, 1] 292
[0, 0, 1, 1, 1, 1, 1, 1, 1, 1, 1, 1] 486
[0, 0, 1, 1, 1, 1, 1, 1, 1, 1, 1, 1] 504
[0, 0, 1, 1, 1, 1, 1, 1, 1, 1, 1, 1] 504
[0, 0, 1, 1, 1, 1, 1, 1, 1, 1, 1, 1] 605
[0, 0, 1, 1, 1, 1, 1, 1, 1, 1, 1, 1] 686
[0, 0, 1, 1, 1, 1, 1, 1, 1, 1, 1, 1] 874
[0, 0, 0, 1, 1, 1, 1, 1, 1, 1, 1, 1] 227
[0, 0, 0, 1, 1, 1, 1, 1, 1, 1, 1, 1] 269
[0, 0, 0, 1, 1, 1, 1, 1, 1, 1, 1, 1] 419
[0, 0, 0, 1, 1, 1, 1, 1, 1, 1, 1, 1] 626
[0, 0, 0, 1, 1, 1, 1, 1, 1, 1, 1, 1] 799
[0, 0, 0, 1, 1, 1, 1, 1, 1, 1, 1, 1] 821
[0, 0, 0, 1, 1, 1, 1, 1, 1, 1, 1, 1] 850
[0, 0, 0, 1, 1, 1, 1, 1, 1, 1, 1, 1] 861
[0, 0, 0, 1, 1, 1, 1, 1, 1, 1, 1, 1] 870
[0, 0, 0, 0, 1, 1, 1, 1, 1, 1, 1, 1] 216
[0, 0, 0, 0, 1, 1, 1, 1, 1, 1, 1, 1] 306
[0, 0, 0, 0, 1, 1, 1, 1, 1, 1, 1, 1] 386
[0, 0, 0, 0, 1, 1, 1, 1, 1, 1, 1, 1] 628
[0, 0, 0, 0, 1, 1, 1, 1, 1, 1, 1, 1] 811
[0, 0, 0, 0, 0, 1, 1, 1, 1, 1, 1, 1] 9
[0, 0, 0, 0, 0, 1, 1, 1, 1, 1, 1, 1] 37
[0, 0, 0, 0, 0, 1, 1, 1, 1, 1, 1, 1] 492
[0, 0, 0, 0, 0, 1, 1, 1, 1, 1, 1, 1] 549
[0, 0, 0, 0, 0, 1, 1, 1, 1, 1, 1, 1] 786
[0, 0, 0, 0, 0, 1, 1, 1, 1, 1, 1, 1] 855
[0, 0, 0, 0, 0, 0, 1, 1, 1, 1, 1, 1] 111
[0, 0, 0, 0, 0, 0, 1, 1, 1, 1, 1, 1] 177
[0, 0, 0, 0, 0, 0, 1, 1, 1, 1, 1, 1] 236
[0, 0, 0, 0, 0, 0, 1, 1, 1, 1, 1, 1] 264
[0, 0, 0, 0, 0, 0, 1, 1, 1, 1, 1, 1] 368
[0, 0, 0, 0, 0, 0, 1, 1, 1, 1, 1, 1] 579
[0, 0, 0, 0, 0, 0, 1, 1, 1, 1, 1, 1] 581
[0, 0, 0, 0, 0, 0, 1, 1, 1, 1, 1, 1] 688
[0, 0, 0, 0, 0, 0, 1, 1, 1, 1, 1, 1] 691
[0, 0, 0, 0, 0, 0, 1, 1, 1, 1, 1, 1] 770
[0, 0, 0, 0, 0, 0, 1, 1, 1, 1, 1, 1] 859
[0, 0, 0, 0, 0, 0, 0, 1, 1, 1, 1, 1] 340
[0, 0, 0, 0, 0, 0, 0, 1, 1, 1, 1, 1] 380
[0, 0, 0, 0, 0, 0, 0, 1, 1, 1, 1, 1] 404
[0, 0, 0, 0, 0, 0, 0, 1, 1, 1, 1, 1] 536
[0, 0, 0, 0, 0, 0, 0, 1, 1, 1, 1, 1] 565
[0, 0, 0, 0, 0, 0, 0, 1, 1, 1, 1, 1] 570
[0, 0, 0, 0, 0, 0, 0, 1, 1, 1, 1, 1] 633
[0, 0, 0, 0, 0, 0, 0, 1, 1, 1, 1, 1] 699
[0, 0, 0, 0, 0, 0, 0, 1, 1, 1, 1, 1] 776
[0, 0, 0, 0, 0, 0, 0, 1, 1, 1, 1, 1] 795
[0, 0, 0, 0, 0, 0, 0, 1, 1, 1, 1, 1] 936
[0, 0, 0, 0, 0, 0, 0, 0, 1, 1, 1, 1] 1
[0, 0, 0, 0, 0, 0, 0, 0, 1, 1, 1, 1] 13
[0, 0, 0, 0, 0, 0, 0, 0, 1, 1, 1, 1] 231
[0, 0, 0, 0, 0, 0, 0, 0, 1, 1, 1, 1] 776
[0, 0, 0, 0, 0, 0, 0, 0, 0, 1, 1, 1] 203
[0, 0, 0, 0, 0, 0, 0, 0, 0, 1, 1, 1] 399
[0, 0, 0, 0, 0, 0, 0, 0, 0, 1, 1, 1] 501
[0, 0, 0, 0, 0, 0, 0, 0, 0, 1, 1, 1] 567
[0, 0, 0, 0, 0, 0, 0, 0, 0, 1, 1, 1] 735
[0, 0, 0, 0, 0, 0, 0, 0, 0, 1, 1, 1] 913
[0, 0, 0, 0, 0, 0, 0, 0, 0, 1, 1, 1] 994
[0, 0, 0, 0, 0, 0, 0, 0, 0, 0, 1, 1] 105
[0, 0, 0, 0, 0, 0, 0, 0, 0, 0, 1, 1] 243
[0, 0, 0, 0, 0, 0, 0, 0, 0, 0, 1, 1] 313
[0, 0, 0, 0, 0, 0, 0, 0, 0, 0, 1, 1] 547
[0, 0, 0, 0, 0, 0, 0, 0, 0, 0, 1, 1] 604
[0, 0, 0, 0, 0, 0, 0, 0, 0, 0, 1, 1] 614
[0, 0, 0, 0, 0, 0, 0, 0, 0, 0, 1, 1] 708
[0, 0, 0, 0, 0, 0, 0, 0, 0, 0, 1, 1] 749
[0, 0, 0, 0, 0, 0, 0, 0, 0, 0, 1, 1] 842
[0, 0, 0, 0, 0, 0, 0, 0, 0, 0, 1, 1] 974
[0, 0, 0, 0, 0, 0, 0, 0, 0, 0, 0, 1] 37
[0, 0, 0, 0, 0, 0, 0, 0, 0, 0, 0, 1] 363
[0, 0, 0, 0, 0, 0, 0, 0, 0, 0, 0, 1] 502
[0, 0, 0, 0, 0, 0, 0, 0, 0, 0, 0, 1] 514
[0, 0, 0, 0, 0, 0, 0, 0, 0, 0, 0, 1] 558
[0, 0, 0, 0, 0, 0, 0, 0, 0, 0, 0, 1] 833
[0, 0, 0, 0, 0, 0, 0, 0, 0, 0, 0, 1] 941
[0, 0, 0, 0, 0, 0, 0, 0, 0, 0, 0, 1] 993
