VARIABLES 100
NB_OBJ 12
ITEMS
[1, 1, 1, 1, 1, 1, 1, 1, 1, 1, 1, 1] 225
[1, 1, 1, 1, 1, 1, 1, 1, 1, 1, 1, 1] 241
[1, 1, 1, 1, 1, 1, 1, 1, 1, 1, 1, 1] 342
[1, 1, 1, 1, 1, 1, 1, 1, 1, 1, 1, 1] 508
[1, 1, 1, 1, 1, 1, 1, 1, 1, 1, 1, 1] 706
[1, 1, 1, 1, 1, 1, 1, 1, 1, 1, 1, 1] 764
[0, 1, 1, 1, 1, 1, 1, 1, 1, 1, 1, 1] 56
[0, 1, 1, 1, 1, 1, 1, 1, 1, 1, 1, 1] 330
[0, 1, 1, 1, 1, 1, 1, 1, 1, 1, 1, 1] 441
[0, 1, 1, 1, 1, 1, 1, 1, 1, 1, 1, 1] 554
[0, 1, 1, 1, 1, 1, 1, 1, 1, 1, 1, 1] 661
[0, 1, 1, 1, 1, 1, 1, 1, 1, 1, 1, 1] 836
[0, 1, 1, 1, 1, 1, 1, 1, 1, 1, 1, 1] 916
[0, 0, 1, 1, 1, 1, 1, 1, 1, 1, 1, 1] 13
[0, 0, 1, 1, 1, 1, 1, 1, 1, 1, 1, 1] 350
[0, 0, 1, 1, 1, 1, 1, 1, 1, 1, 1, 1] 533
[0, 0, 1, 1, 1, 1, 1, 1, 1, 1, 1, 1] 591
[0, 0, 1, 1, 1, 1, 1, 1, 1, 1, 1, 1] 870
[0, 0, 1, 1, 1, 1, 1, 1, 1, 1, 1, 1] 976
[0, 0, 1, 1, 1, 1, 1, 1, 1, 1, 1, 1] 995
[0, 0, 0, 1, 1, 1, 1, 1, 1, 1, 1, 1] 16
[0, 0, 0, 1, 1, 1, 1, 1, 1, 1, 1, 1] 282
[0, 0, 0, 1, 1, 1, 1, 1, 1, 1, 1, 1] 442
[0, 0, 0, 1, 1, 1, 1, 1, 1, 1, 1, 1] 514
[0, 0, 0, 1, 1, 1, 1, 1, 1, 1, 1, 1] 550
[0, 0, 0, 1, 1, 1, 1, 1, 1, 1, 1, 1] 816
[0, 0, 0, 0, 1, 1, 1, 1, 1, 1, 1, 1] 170
[0, 0, 0, 0, 1, 1, 1, 1, 1, 1, 1, 1] 359
[0, 0, 0, 0, 1, 1, 1, 1, 1, 1, 1, 1] 372
[0, 0, 0, 0, 1, 1, 1, 1, 1, 1, 1, 1] 556
[0, 0, 0, 0, 1, 1, 1, 1, 1, 1, 1, 1] 599
[0, 0, 0, 0, 1, 1, 1, 1, 1, 1, 1, 1] 890
[0, 0, 0, 0, 1, 1, 1, 1, 1, 1, 1, 1] 895
[0, 0, 0, 0, 0, 1, 1, 1, 1, 1, 1, 1] 170
[0, 0, 0, 0, 0, 1, 1, 1, 1, 1, 1, 1] 202
[0, 0, 0, 0, 0, 1, 1, 1, 1, 1, 1, 1] 211
[0, 0, 0, 0, 0, 1, 1, 1, 1, 1, 1, 1] 213
[0, 0, 0, 0, 0, 1, 1, 1, 1, 1, 1, 1] 397
[0, 0, 0, 0, 0, 1, 1, 1, 1, 1, 1, 1] 440
[0, 0, 0, 0, 0, 1, 1, 1, 1, 1, 1, 1] 501
[0, 0, 0, 0, 0, 1, 1, 1, 1, 1, 1, 1] 643
[0, 0, 0, 0, 0, 1, 1, 1, 1, 1, 1, 1] 705
[0, 0, 0, 0, 0, 1, 1, 1, 1, 1, 1, 1] 905
[0, 0, 0, 0, 0, 1, 1, 1, 1, 1, 1, 1] 945
[0, 0, 0, 0, 0, 0, 1, 1, 1, 1, 1, 1] 245
[0, 0, 0, 0, 0, 0, 1, 1, 1, 1, 1, 1] 273
[0, 0, 0, 0, 0, 0, 1, 1, 1, 1, 1, 1] 282
[0, 0, 0, 0, 0, 0, 1, 1, 1, 1, 1, 1] 305
[0, 0, 0, 0, 0, 0, 1, 1, 1, 1, 1, 1] 334
[0, 0, 0, 0, 0, 0, 1, 1, 1, 1, 1, 1] 526
[0, 0, 0, 0, 0, 0, 1, 1, 1, 1, 1, 1] 534
[0, 0, 0, 0, 0, 0, 1, 1, 1, 1, 1, 1] 576
[0, 0, 0, 0, 0, 0, 1, 1, 1, 1, 1, 1] 584
[0, 0, 0, 0, 0, 0, 1, 1, 1, 1, 1, 1] 788
[0, 0, 0, 0, 0, 0, 1, 1, 1, 1, 1, 1] 991
[0, 0, 0, 0, 0, 0, 0, 1, 1, 1, 1, 1] 31
[0, 0, 0, 0, 0, 0, 0, 1, 1, 1, 1, 1] 103
[0, 0, 0, 0, 0, 0, 0, 1, 1, 1, 1, 1] 118
[0, 0, 0, 0, 0, 0, 0, 1, 1, 1, 1, 1] 583
[0, 0, 0, 0, 0, 0, 0, 1, 1, 1, 1, 1] 654
[0, 0, 0, 0, 0, 0, 0, 1, 1, 1, 1, 1] 701
[0, 0, 0, 0, 0, 0, 0, 1, 1, 1, 1, 1] 715
[0, 0, 0, 0, 0, 0, 0, 1, 1, 1, 1, 1] 828
[0, 0, 0, 0, 0, 0, 0, 1, 1, 1, 1, 1] 834
[0, 0, 0, 0, 0, 0, 0, 1, 1, 1, 1, 1] 901
[0, 0, 0, 0, 0, 0, 0, 1, 1, 1, 1, 1] 951
[0, 0, 0, 0, 0, 0, 0, 1, 1, 1, 1, 1] 966
[0, 0, 0, 0, 0, 0, 0, 0, 1, 1, 1, 1] 35
[0, 0, 0, 0, 0, 0, 0, 0, 1, 1, 1, 1] 47
[0, 0, 0, 0, 0, 0, 0, 0, 1, 1, 1, 1] 131
[0, 0, 0, 0, 0, 0, 0, 0, 1, 1, 1, 1] 168
[0, 0, 0, 0, 0, 0, 0, 0, 1, 1, 1, 1] 279
[0, 0, 0, 0, 0, 0, 0, 0, 1, 1, 1, 1] 538
[0, 0, 0, 0, 0, 0, 0, 0, 1, 1, 1, 1] 548
[0, 0, 0, 0, 0, 0, 0, 0, 1, 1, 1, 1] 559
[0, 0, 0, 0, 0, 0, 0, 0, 1, 1, 1, 1] 582
[0, 0, 0, 0, 0, 0, 0, 0, 1, 1, 1, 1] 827
[0, 0, 0, 0, 0, 0, 0, 0, 1, 1, 1, 1] 829
[0, 0, 0, 0, 0, 0, 0, 0, 0, 1, 1, 1] 232
[0, 0, 0, 0, 0, 0, 0, 0, 0, 1, 1, 1] 537
[0, 0, 0, 0, 0, 0, 0, 0, 0, 1, 1, 1] 646
[0, 0, 0, 0, 0, 0, 0, 0, 0, 1, 1, 1] 837
[0, 0, 0, 0, 0, 0, 0, 0, 0, 0, 1, 1] 200
[0, 0, 0, 0, 0, 0, 0, 0, 0, 0, 1, 1] 284
[0, 0, 0, 0, 0, 0, 0, 0, 0, 0, 1, 1] 355
[0, 0, 0, 0, 0, 0, 0, 0, 0, 0, 1, 1] 466
[0, 0, 0, 0, 0, 0, 0, 0, 0, 0, 1, 1] 637
[0, 0, 0, 0, 0, 0, 0, 0, 0, 0, 1, 1] 713
[0, 0, 0, 0, 0, 0, 0, 0, 0, 0, 1, 1] 865
[0, 0, 0, 0, 0, 0, 0, 0, 0, 0, 1, 1] 896
[0, 0, 0, 0, 0, 0, 0, 0, 0, 0, 1, 1] 946
[0, 0, 0, 0, 0, 0, 0, 0, 0, 0, 0, 1] 15
[0, 0, 0, 0, 0, 0, 0, 0, 0, 0, 0, 1] 49
[0, 0, 0, 0, 0, 0, 0, 0, 0, 0, 0, 1] 220
[0, 0, 0, 0, 0, 0, 0, 0, 0, 0, 0, 1] 276
[0, 0, 0, 0, 0, 0, 0, 0, 0, 0, 0, 1] 479
[0, 0, 0, 0, 0, 0, 0, 0, 0, 0, 0, 1] 479
[0, 0, 0, 0, 0, 0, 0, 0, 0, 0, 0, 1] 580
[0, 0, 0, 0, 0, 0, 0, 0, 0, 0, 0, 1] 917
[0, 0, 0, 0, 0, 0, 0, 0, 0, 0, 0, 1] 936
