VARIABLES 100
NB_OBJ 12
ITEMS
[1, 1, 1, 1, 1, 1, 1, 1, 1, 1, 1, 1] 42
[1, 1, 1, 1, 1, 1, 1, 1, 1, 1, 1, 1] 520
[1, 1, 1, 1, 1, 1, 1, 1, 1, 1, 1, 1] 563
[1, 1, 1, 1, 1, 1, 1, 1, 1, 1, 1, 1] 735
[1, 1, 1, 1, 1, 1, 1, 1, 1, 1, 1, 1] 843
[0, 1, 1, 1, 1, 1, 1, 1, 1, 1, 1, 1] 77
[0, 1, 1, 1, 1, 1, 1, 1, 1, 1, 1, 1] 144
[0, 1, 1, 1, 1, 1, 1, 1, 1, 1, 1, 1] 472
[0, 1, 1, 1, 1, 1, 1, 1, 1, 1, 1, 1] 721
[0, 1, 1, 1, 1, 1, 1, 1, 1, 1, 1, 1] 760
[0, 1, 1, 1, 1, 1, 1, 1, 1, 1, 1, 1] 968
[0, 0, 1, 1, 1, 1, 1, 1, 1, 1, 1, 1] 200
[0, 0, 1, 1, 1, 1, 1, 1, 1, 1, 1, 1] 330
[0, 0, 1, 1, 1, 1, 1, 1, 1, 1, 1, 1] 664
[0, 0, 1, 1, 1, 1, 1, 1, 1, 1, 1, 1] 810
[0, 0, 1, 1, 1, 1, 1, 1, 1, 1, 1, 1] 887
[0, 0, 1, 1, 1, 1, 1, 1, 1, 1, 1, 1] 966
[0, 0, 1, 1, 1, 1, 1, 1, 1, 1, 1, 1] 976
[0, 0, 0, 1, 1, 1, 1, 1, 1, 1, 1, 1] 4
[0, 0, 0, 1, 1, 1, 1, 1, 1, 1, 1, 1] 210
[0, 0, 0, 1, 1, 1, 1, 1, 1, 1, 1, 1] 293
[0, 0, 0, 1, 1, 1, 1, 1, 1, 1, 1, 1] 968
[0, 0, 0, 0, 1, 1, 1, 1, 1, 1, 1, 1] 92
[0, 0, 0, 0, 1, 1, 1, 1, 1, 1, 1, 1] 156
[0, 0, 0, 0, 1, 1, 1, 1, 1, 1, 1, 1] 166
[0, 0, 0, 0, 1, 1, 1, 1, 1, 1, 1, 1] 286
[0, 0, 0, 0, 1, 1, 1, 1, 1, 1, 1, 1] 291
[0, 0, 0, 0, 1, 1, 1, 1, 1, 1, 1, 1] 497
[0, 0, 0, 0, 1, 1, 1, 1, 1, 1, 1, 1] 671
[0, 0, 0, 0, 1, 1, 1, 1, 1, 1, 1, 1] 732
[0, 0, 0, 0, 1, 1, 1, 1, 1, 1, 1, 1] 754
[0, 0, 0, 0, 1, 1, 1, 1, 1, 1, 1, 1] 790
[0, 0, 0, 0, 1, 1, 1, 1, 1, 1, 1, 1] 857
[0, 0, 0, 0, 1, 1, 1, 1, 1, 1, 1, 1] 996
[0, 0, 0, 0, 0, 1, 1, 1, 1, 1, 1, 1] 70
[0, 0, 0, 0, 0, 1, 1, 1, 1, 1, 1, 1] 124
[0, 0, 0, 0, 0, 1, 1, 1, 1, 1, 1, 1] 511
[0, 0, 0, 0, 0, 1, 1, 1, 1, 1, 1, 1] 541
[0, 0, 0, 0, 0, 1, 1, 1, 1, 1, 1, 1] 614
[0, 0, 0, 0, 0, 1, 1, 1, 1, 1, 1, 1] 707
[0, 0, 0, 0, 0, 1, 1, 1, 1, 1, 1, 1] 785
[0, 0, 0, 0, 0, 1, 1, 1, 1, 1, 1, 1] 980
[0, 0, 0, 0, 0, 0, 1, 1, 1, 1, 1, 1] 104
[0, 0, 0, 0, 0, 0, 1, 1, 1, 1, 1, 1] 216
[0, 0, 0, 0, 0, 0, 1, 1, 1, 1, 1, 1] 271
[0, 0, 0, 0, 0, 0, 1, 1, 1, 1, 1, 1] 357
[0, 0, 0, 0, 0, 0, 1, 1, 1, 1, 1, 1] 374
[0, 0, 0, 0, 0, 0, 1, 1, 1, 1, 1, 1] 509
[0, 0, 0, 0, 0, 0, 1, 1, 1, 1, 1, 1] 706
[0, 0, 0, 0, 0, 0, 1, 1, 1, 1, 1, 1] 757
[0, 0, 0, 0, 0, 0, 1, 1, 1, 1, 1, 1] 816
[0, 0, 0, 0, 0, 0, 1, 1, 1, 1, 1, 1] 817
[0, 0, 0, 0, 0, 0, 1, 1, 1, 1, 1, 1] 966
[0, 0, 0, 0, 0, 0, 0, 1, 1, 1, 1, 1] 147
[0, 0, 0, 0, 0, 0, 0, 1, 1, 1, 1, 1] 173
[0, 0, 0, 0, 0, 0, 0, 1, 1, 1, 1, 1] 267
[0, 0, 0, 0, 0, 0, 0, 1, 1, 1, 1, 1] 273
[0, 0, 0, 0, 0, 0, 0, 1, 1, 1, 1, 1] 349
[0, 0, 0, 0, 0, 0, 0, 1, 1, 1, 1, 1] 466
[0, 0, 0, 0, 0, 0, 0, 1, 1, 1, 1, 1] 588
[0, 0, 0, 0, 0, 0, 0, 1, 1, 1, 1, 1] 699
[0, 0, 0, 0, 0, 0, 0, 1, 1, 1, 1, 1] 959
[0, 0, 0, 0, 0, 0, 0, 1, 1, 1, 1, 1] 964
[0, 0, 0, 0, 0, 0, 0, 1, 1, 1, 1, 1] 966
[0, 0, 0, 0, 0, 0, 0, 0, 1, 1, 1, 1] 201
[0, 0, 0, 0, 0, 0, 0, 0, 1, 1, 1, 1] 304
[0, 0, 0, 0, 0, 0, 0, 0, 1, 1, 1, 1] 487
[0, 0, 0, 0, 0, 0, 0, 0, 1, 1, 1, 1] 545
[0, 0, 0, 0, 0, 0, 0, 0, 1, 1, 1, 1] 607
[0, 0, 0, 0, 0, 0, 0, 0, 1, 1, 1, 1] 855
[0, 0, 0, 0, 0, 0, 0, 0, 1, 1, 1, 1] 978
[0, 0, 0, 0, 0, 0, 0, 0, 1, 1, 1, 1] 992
[0, 0, 0, 0, 0, 0, 0, 0, 1, 1, 1, 1] 996
[0, 0, 0, 0, 0, 0, 0, 0, 0, 1, 1, 1] 9
[0, 0, 0, 0, 0, 0, 0, 0, 0, 1, 1, 1] 80
[0, 0, 0, 0, 0, 0, 0, 0, 0, 1, 1, 1] 331
[0, 0, 0, 0, 0, 0, 0, 0, 0, 1, 1, 1] 409
[0, 0, 0, 0, 0, 0, 0, 0, 0, 1, 1, 1] 529
[0, 0, 0, 0, 0, 0, 0, 0, 0, 1, 1, 1] 546
[0, 0, 0, 0, 0, 0, 0, 0, 0, 1, 1, 1] 659
[0, 0, 0, 0, 0, 0, 0, 0, 0, 1, 1, 1] 690
[0, 0, 0, 0, 0, 0, 0, 0, 0, 1, 1, 1] 794
[0, 0, 0, 0, 0, 0, 0, 0, 0, 1, 1, 1] 872
[0, 0, 0, 0, 0, 0, 0, 0, 0, 1, 1, 1] 934
[0, 0, 0, 0, 0, 0, 0, 0, 0, 0, 1, 1] 162
[0, 0, 0, 0, 0, 0, 0, 0, 0, 0, 1, 1] 236
[0, 0, 0, 0, 0, 0, 0, 0, 0, 0, 1, 1] 250
[0, 0, 0, 0, 0, 0, 0, 0, 0, 0, 1, 1] 280
[0, 0, 0, 0, 0, 0, 0, 0, 0, 0, 1, 1] 288
[0, 0, 0, 0, 0, 0, 0, 0, 0, 0, 1, 1] 344
[0, 0, 0, 0, 0, 0, 0, 0, 0, 0, 1, 1] 562
[0, 0, 0, 0, 0, 0, 0, 0, 0, 0, 1, 1] 699
[0, 0, 0, 0, 0, 0, 0, 0, 0, 0, 1, 1] 870
[0, 0, 0, 0, 0, 0, 0, 0, 0, 0, 0, 1] 127
[0, 0, 0, 0, 0, 0, 0, 0, 0, 0, 0, 1] 275
[0, 0, 0, 0, 0, 0, 0, 0, 0, 0, 0, 1] 500
[0, 0, 0, 0, 0, 0, 0, 0, 0, 0, 0, 1] 562
[0, 0, 0, 0, 0, 0, 0, 0, 0, 0, 0, 1] 723
[0, 0, 0, 0, 0, 0, 0, 0, 0, 0, 0, 1] 796
[0, 0, 0, 0, 0, 0, 0, 0, 0, 0, 0, 1] 860
