VARIABLES 100
NB_OBJ 12
ITEMS
[1, 1, 1, 1, 1, 1, 1, 1, 1, 1, 1, 1] 163
[1, 1, 1, 1, 1, 1, 1, 1, 1, 1, 1, 1] 199
[1, 1, 1, 1, 1, 1, 1, 1, 1, 1, 1, 1] 217
[1, 1, 1, 1, 1, 1, 1, 1, 1, 1, 1, 1] 237
[1, 1, 1, 1, 1, 1, 1, 1, 1, 1, 1, 1] 250
[1, 1, 1, 1, 1, 1, 1, 1, 1, 1, 1, 1] 421
[1, 1, 1, 1, 1, 1, 1, 1, 1, 1, 1, 1] 523
[1, 1, 1, 1, 1, 1, 1, 1, 1, 1, 1, 1] 842
[0, 1, 1, 1, 1, 1, 1, 1, 1, 1, 1, 1] 153
[0, 1, 1, 1, 1, 1, 1, 1, 1, 1, 1, 1] 173
[0, 1, 1, 1, 1, 1, 1, 1, 1, 1, 1, 1] 191
[0, 1, 1, 1, 1, 1, 1, 1, 1, 1, 1, 1] 333
[0, 1, 1, 1, 1, 1, 1, 1, 1, 1, 1, 1] 339
[0, 1, 1, 1, 1, 1, 1, 1, 1, 1, 1, 1] 345
[0, 1, 1, 1, 1, 1, 1, 1, 1, 1, 1, 1] 738
[0, 0, 1, 1, 1, 1, 1, 1, 1, 1, 1, 1] 283
[0, 0, 1, 1, 1, 1, 1, 1, 1, 1, 1, 1] 459
[0, 0, 1, 1, 1, 1, 1, 1, 1, 1, 1, 1] 680
[0, 0, 0, 1, 1, 1, 1, 1, 1, 1, 1, 1] 202
[0, 0, 0, 1, 1, 1, 1, 1, 1, 1, 1, 1] 229
[0, 0, 0, 1, 1, 1, 1, 1, 1, 1, 1, 1] 541
[0, 0, 0, 1, 1, 1, 1, 1, 1, 1, 1, 1] 571
[0, 0, 0, 1, 1, 1, 1, 1, 1, 1, 1, 1] 575
[0, 0, 0, 1, 1, 1, 1, 1, 1, 1, 1, 1] 597
[0, 0, 0, 1, 1, 1, 1, 1, 1, 1, 1, 1] 861
[0, 0, 0, 1, 1, 1, 1, 1, 1, 1, 1, 1] 965
[0, 0, 0, 1, 1, 1, 1, 1, 1, 1, 1, 1] 980
[0, 0, 0, 1, 1, 1, 1, 1, 1, 1, 1, 1] 994
[0, 0, 0, 0, 1, 1, 1, 1, 1, 1, 1, 1] 105
[0, 0, 0, 0, 1, 1, 1, 1, 1, 1, 1, 1] 122
[0, 0, 0, 0, 1, 1, 1, 1, 1, 1, 1, 1] 141
[0, 0, 0, 0, 1, 1, 1, 1, 1, 1, 1, 1] 300
[0, 0, 0, 0, 1, 1, 1, 1, 1, 1, 1, 1] 467
[0, 0, 0, 0, 1, 1, 1, 1, 1, 1, 1, 1] 613
[0, 0, 0, 0, 1, 1, 1, 1, 1, 1, 1, 1] 615
[0, 0, 0, 0, 1, 1, 1, 1, 1, 1, 1, 1] 807
[0, 0, 0, 0, 1, 1, 1, 1, 1, 1, 1, 1] 863
[0, 0, 0, 0, 0, 1, 1, 1, 1, 1, 1, 1] 108
[0, 0, 0, 0, 0, 1, 1, 1, 1, 1, 1, 1] 252
[0, 0, 0, 0, 0, 1, 1, 1, 1, 1, 1, 1] 303
[0, 0, 0, 0, 0, 1, 1, 1, 1, 1, 1, 1] 304
[0, 0, 0, 0, 0, 1, 1, 1, 1, 1, 1, 1] 304
[0, 0, 0, 0, 0, 1, 1, 1, 1, 1, 1, 1] 446
[0, 0, 0, 0, 0, 1, 1, 1, 1, 1, 1, 1] 541
[0, 0, 0, 0, 0, 1, 1, 1, 1, 1, 1, 1] 694
[0, 0, 0, 0, 0, 1, 1, 1, 1, 1, 1, 1] 762
[0, 0, 0, 0, 0, 1, 1, 1, 1, 1, 1, 1] 910
[0, 0, 0, 0, 0, 0, 1, 1, 1, 1, 1, 1] 93
[0, 0, 0, 0, 0, 0, 1, 1, 1, 1, 1, 1] 146
[0, 0, 0, 0, 0, 0, 1, 1, 1, 1, 1, 1] 355
[0, 0, 0, 0, 0, 0, 1, 1, 1, 1, 1, 1] 419
[0, 0, 0, 0, 0, 0, 1, 1, 1, 1, 1, 1] 812
[0, 0, 0, 0, 0, 0, 1, 1, 1, 1, 1, 1] 822
[0, 0, 0, 0, 0, 0, 0, 1, 1, 1, 1, 1] 94
[0, 0, 0, 0, 0, 0, 0, 1, 1, 1, 1, 1] 233
[0, 0, 0, 0, 0, 0, 0, 1, 1, 1, 1, 1] 343
[0, 0, 0, 0, 0, 0, 0, 1, 1, 1, 1, 1] 437
[0, 0, 0, 0, 0, 0, 0, 1, 1, 1, 1, 1] 574
[0, 0, 0, 0, 0, 0, 0, 1, 1, 1, 1, 1] 727
[0, 0, 0, 0, 0, 0, 0, 1, 1, 1, 1, 1] 734
[0, 0, 0, 0, 0, 0, 0, 1, 1, 1, 1, 1] 786
[0, 0, 0, 0, 0, 0, 0, 1, 1, 1, 1, 1] 931
[0, 0, 0, 0, 0, 0, 0, 1, 1, 1, 1, 1] 977
[0, 0, 0, 0, 0, 0, 0, 0, 1, 1, 1, 1] 157
[0, 0, 0, 0, 0, 0, 0, 0, 1, 1, 1, 1] 239
[0, 0, 0, 0, 0, 0, 0, 0, 1, 1, 1, 1] 282
[0, 0, 0, 0, 0, 0, 0, 0, 1, 1, 1, 1] 320
[0, 0, 0, 0, 0, 0, 0, 0, 1, 1, 1, 1] 369
[0, 0, 0, 0, 0, 0, 0, 0, 1, 1, 1, 1] 403
[0, 0, 0, 0, 0, 0, 0, 0, 1, 1, 1, 1] 468
[0, 0, 0, 0, 0, 0, 0, 0, 1, 1, 1, 1] 889
[0, 0, 0, 0, 0, 0, 0, 0, 1, 1, 1, 1] 918
[0, 0, 0, 0, 0, 0, 0, 0, 0, 1, 1, 1] 96
[0, 0, 0, 0, 0, 0, 0, 0, 0, 1, 1, 1] 149
[0, 0, 0, 0, 0, 0, 0, 0, 0, 1, 1, 1] 193
[0, 0, 0, 0, 0, 0, 0, 0, 0, 1, 1, 1] 215
[0, 0, 0, 0, 0, 0, 0, 0, 0, 1, 1, 1] 304
[0, 0, 0, 0, 0, 0, 0, 0, 0, 1, 1, 1] 480
[0, 0, 0, 0, 0, 0, 0, 0, 0, 1, 1, 1] 481
[0, 0, 0, 0, 0, 0, 0, 0, 0, 1, 1, 1] 501
[0, 0, 0, 0, 0, 0, 0, 0, 0, 1, 1, 1] 552
[0, 0, 0, 0, 0, 0, 0, 0, 0, 1, 1, 1] 617
[0, 0, 0, 0, 0, 0, 0, 0, 0, 1, 1, 1] 692
[0, 0, 0, 0, 0, 0, 0, 0, 0, 1, 1, 1] 696
[0, 0, 0, 0, 0, 0, 0, 0, 0, 1, 1, 1] 769
[0, 0, 0, 0, 0, 0, 0, 0, 0, 1, 1, 1] 845
[0, 0, 0, 0, 0, 0, 0, 0, 0, 1, 1, 1] 951
[0, 0, 0, 0, 0, 0, 0, 0, 0, 0, 1, 1] 7
[0, 0, 0, 0, 0, 0, 0, 0, 0, 0, 1, 1] 37
[0, 0, 0, 0, 0, 0, 0, 0, 0, 0, 1, 1] 266
[0, 0, 0, 0, 0, 0, 0, 0, 0, 0, 1, 1] 364
[0, 0, 0, 0, 0, 0, 0, 0, 0, 0, 1, 1] 569
[0, 0, 0, 0, 0, 0, 0, 0, 0, 0, 1, 1] 748
[0, 0, 0, 0, 0, 0, 0, 0, 0, 0, 1, 1] 830
[0, 0, 0, 0, 0, 0, 0, 0, 0, 0, 0, 1] 159
[0, 0, 0, 0, 0, 0, 0, 0, 0, 0, 0, 1] 185
[0, 0, 0, 0, 0, 0, 0, 0, 0, 0, 0, 1] 274
[0, 0, 0, 0, 0, 0, 0, 0, 0, 0, 0, 1] 828
[0, 0, 0, 0, 0, 0, 0, 0, 0, 0, 0, 1] 842
[0, 0, 0, 0, 0, 0, 0, 0, 0, 0, 0, 1] 936
