VARIABLES 100
NB_OBJ 12
ITEMS
[1, 1, 1, 1, 1, 1, 1, 1, 1, 1, 1, 1] 158
[1, 1, 1, 1, 1, 1, 1, 1, 1, 1, 1, 1] 185
[1, 1, 1, 1, 1, 1, 1, 1, 1, 1, 1, 1] 342
[1, 1, 1, 1, 1, 1, 1, 1, 1, 1, 1, 1] 384
[1, 1, 1, 1, 1, 1, 1, 1, 1, 1, 1, 1] 470
[1, 1, 1, 1, 1, 1, 1, 1, 1, 1, 1, 1] 489
[1, 1, 1, 1, 1, 1, 1, 1, 1, 1, 1, 1] 714
[1, 1, 1, 1, 1, 1, 1, 1, 1, 1, 1, 1] 821
[0, 1, 1, 1, 1, 1, 1, 1, 1, 1, 1, 1] 183
[0, 1, 1, 1, 1, 1, 1, 1, 1, 1, 1, 1] 225
[0, 1, 1, 1, 1, 1, 1, 1, 1, 1, 1, 1] 407
[0, 1, 1, 1, 1, 1, 1, 1, 1, 1, 1, 1] 428
[0, 1, 1, 1, 1, 1, 1, 1, 1, 1, 1, 1] 445
[0, 1, 1, 1, 1, 1, 1, 1, 1, 1, 1, 1] 487
[0, 1, 1, 1, 1, 1, 1, 1, 1, 1, 1, 1] 496
[0, 1, 1, 1, 1, 1, 1, 1, 1, 1, 1, 1] 547
[0, 1, 1, 1, 1, 1, 1, 1, 1, 1, 1, 1] 548
[0, 1, 1, 1, 1, 1, 1, 1, 1, 1, 1, 1] 570
[0, 1, 1, 1, 1, 1, 1, 1, 1, 1, 1, 1] 754
[0, 1, 1, 1, 1, 1, 1, 1, 1, 1, 1, 1] 819
[0, 1, 1, 1, 1, 1, 1, 1, 1, 1, 1, 1] 837
[0, 1, 1, 1, 1, 1, 1, 1, 1, 1, 1, 1] 854
[0, 1, 1, 1, 1, 1, 1, 1, 1, 1, 1, 1] 896
[0, 1, 1, 1, 1, 1, 1, 1, 1, 1, 1, 1] 919
[0, 1, 1, 1, 1, 1, 1, 1, 1, 1, 1, 1] 935
[0, 1, 1, 1, 1, 1, 1, 1, 1, 1, 1, 1] 968
[0, 1, 1, 1, 1, 1, 1, 1, 1, 1, 1, 1] 982
[0, 0, 1, 1, 1, 1, 1, 1, 1, 1, 1, 1] 82
[0, 0, 1, 1, 1, 1, 1, 1, 1, 1, 1, 1] 154
[0, 0, 1, 1, 1, 1, 1, 1, 1, 1, 1, 1] 314
[0, 0, 1, 1, 1, 1, 1, 1, 1, 1, 1, 1] 349
[0, 0, 1, 1, 1, 1, 1, 1, 1, 1, 1, 1] 466
[0, 0, 1, 1, 1, 1, 1, 1, 1, 1, 1, 1] 619
[0, 0, 1, 1, 1, 1, 1, 1, 1, 1, 1, 1] 806
[0, 0, 0, 1, 1, 1, 1, 1, 1, 1, 1, 1] 2
[0, 0, 0, 1, 1, 1, 1, 1, 1, 1, 1, 1] 319
[0, 0, 0, 1, 1, 1, 1, 1, 1, 1, 1, 1] 357
[0, 0, 0, 1, 1, 1, 1, 1, 1, 1, 1, 1] 441
[0, 0, 0, 1, 1, 1, 1, 1, 1, 1, 1, 1] 490
[0, 0, 0, 1, 1, 1, 1, 1, 1, 1, 1, 1] 539
[0, 0, 0, 1, 1, 1, 1, 1, 1, 1, 1, 1] 613
[0, 0, 0, 1, 1, 1, 1, 1, 1, 1, 1, 1] 670
[0, 0, 0, 1, 1, 1, 1, 1, 1, 1, 1, 1] 673
[0, 0, 0, 1, 1, 1, 1, 1, 1, 1, 1, 1] 695
[0, 0, 0, 1, 1, 1, 1, 1, 1, 1, 1, 1] 696
[0, 0, 0, 1, 1, 1, 1, 1, 1, 1, 1, 1] 879
[0, 0, 0, 0, 1, 1, 1, 1, 1, 1, 1, 1] 7
[0, 0, 0, 0, 1, 1, 1, 1, 1, 1, 1, 1] 28
[0, 0, 0, 0, 1, 1, 1, 1, 1, 1, 1, 1] 43
[0, 0, 0, 0, 1, 1, 1, 1, 1, 1, 1, 1] 81
[0, 0, 0, 0, 1, 1, 1, 1, 1, 1, 1, 1] 138
[0, 0, 0, 0, 1, 1, 1, 1, 1, 1, 1, 1] 307
[0, 0, 0, 0, 1, 1, 1, 1, 1, 1, 1, 1] 321
[0, 0, 0, 0, 1, 1, 1, 1, 1, 1, 1, 1] 408
[0, 0, 0, 0, 1, 1, 1, 1, 1, 1, 1, 1] 467
[0, 0, 0, 0, 1, 1, 1, 1, 1, 1, 1, 1] 527
[0, 0, 0, 0, 1, 1, 1, 1, 1, 1, 1, 1] 533
[0, 0, 0, 0, 1, 1, 1, 1, 1, 1, 1, 1] 936
[0, 0, 0, 0, 0, 1, 1, 1, 1, 1, 1, 1] 301
[0, 0, 0, 0, 0, 1, 1, 1, 1, 1, 1, 1] 392
[0, 0, 0, 0, 0, 1, 1, 1, 1, 1, 1, 1] 417
[0, 0, 0, 0, 0, 1, 1, 1, 1, 1, 1, 1] 482
[0, 0, 0, 0, 0, 1, 1, 1, 1, 1, 1, 1] 561
[0, 0, 0, 0, 0, 1, 1, 1, 1, 1, 1, 1] 602
[0, 0, 0, 0, 0, 1, 1, 1, 1, 1, 1, 1] 893
[0, 0, 0, 0, 0, 1, 1, 1, 1, 1, 1, 1] 941
[0, 0, 0, 0, 0, 0, 1, 1, 1, 1, 1, 1] 696
[0, 0, 0, 0, 0, 0, 1, 1, 1, 1, 1, 1] 869
[0, 0, 0, 0, 0, 0, 1, 1, 1, 1, 1, 1] 926
[0, 0, 0, 0, 0, 0, 0, 1, 1, 1, 1, 1] 132
[0, 0, 0, 0, 0, 0, 0, 1, 1, 1, 1, 1] 189
[0, 0, 0, 0, 0, 0, 0, 1, 1, 1, 1, 1] 633
[0, 0, 0, 0, 0, 0, 0, 1, 1, 1, 1, 1] 652
[0, 0, 0, 0, 0, 0, 0, 1, 1, 1, 1, 1] 842
[0, 0, 0, 0, 0, 0, 0, 1, 1, 1, 1, 1] 845
[0, 0, 0, 0, 0, 0, 0, 1, 1, 1, 1, 1] 856
[0, 0, 0, 0, 0, 0, 0, 1, 1, 1, 1, 1] 897
[0, 0, 0, 0, 0, 0, 0, 1, 1, 1, 1, 1] 909
[0, 0, 0, 0, 0, 0, 0, 0, 1, 1, 1, 1] 17
[0, 0, 0, 0, 0, 0, 0, 0, 1, 1, 1, 1] 298
[0, 0, 0, 0, 0, 0, 0, 0, 1, 1, 1, 1] 327
[0, 0, 0, 0, 0, 0, 0, 0, 1, 1, 1, 1] 996
[0, 0, 0, 0, 0, 0, 0, 0, 0, 1, 1, 1] 332
[0, 0, 0, 0, 0, 0, 0, 0, 0, 1, 1, 1] 400
[0, 0, 0, 0, 0, 0, 0, 0, 0, 1, 1, 1] 795
[0, 0, 0, 0, 0, 0, 0, 0, 0, 1, 1, 1] 901
[0, 0, 0, 0, 0, 0, 0, 0, 0, 1, 1, 1] 958
[0, 0, 0, 0, 0, 0, 0, 0, 0, 0, 1, 1] 97
[0, 0, 0, 0, 0, 0, 0, 0, 0, 0, 1, 1] 161
[0, 0, 0, 0, 0, 0, 0, 0, 0, 0, 1, 1] 336
[0, 0, 0, 0, 0, 0, 0, 0, 0, 0, 1, 1] 624
[0, 0, 0, 0, 0, 0, 0, 0, 0, 0, 1, 1] 860
[0, 0, 0, 0, 0, 0, 0, 0, 0, 0, 1, 1] 997
[0, 0, 0, 0, 0, 0, 0, 0, 0, 0, 0, 1] 272
[0, 0, 0, 0, 0, 0, 0, 0, 0, 0, 0, 1] 274
[0, 0, 0, 0, 0, 0, 0, 0, 0, 0, 0, 1] 387
[0, 0, 0, 0, 0, 0, 0, 0, 0, 0, 0, 1] 512
[0, 0, 0, 0, 0, 0, 0, 0, 0, 0, 0, 1] 574
[0, 0, 0, 0, 0, 0, 0, 0, 0, 0, 0, 1] 805
[0, 0, 0, 0, 0, 0, 0, 0, 0, 0, 0, 1] 831
