VARIABLES 80
NB_OBJ 4
ITEMS
[1, 1, 1, 1] 37
[1, 1, 1, 1] 59
[1, 1, 1, 1] 78
[1, 1, 1, 1] 85
[1, 1, 1, 1] 104
[1, 1, 1, 1] 215
[1, 1, 1, 1] 231
[1, 1, 1, 1] 274
[1, 1, 1, 1] 344
[1, 1, 1, 1] 385
[1, 1, 1, 1] 568
[1, 1, 1, 1] 656
[1, 1, 1, 1] 792
[1, 1, 1, 1] 797
[1, 1, 1, 1] 922
[1, 1, 1, 1] 923
[1, 1, 1, 1] 973
[0, 1, 1, 1] 22
[0, 1, 1, 1] 66
[0, 1, 1, 1] 68
[0, 1, 1, 1] 103
[0, 1, 1, 1] 118
[0, 1, 1, 1] 168
[0, 1, 1, 1] 294
[0, 1, 1, 1] 338
[0, 1, 1, 1] 395
[0, 1, 1, 1] 421
[0, 1, 1, 1] 478
[0, 1, 1, 1] 532
[0, 1, 1, 1] 582
[0, 1, 1, 1] 608
[0, 1, 1, 1] 645
[0, 1, 1, 1] 681
[0, 1, 1, 1] 959
[0, 1, 1, 1] 964
[0, 1, 1, 1] 998
[0, 0, 1, 1] 95
[0, 0, 1, 1] 119
[0, 0, 1, 1] 187
[0, 0, 1, 1] 270
[0, 0, 1, 1] 280
[0, 0, 1, 1] 282
[0, 0, 1, 1] 350
[0, 0, 1, 1] 381
[0, 0, 1, 1] 404
[0, 0, 1, 1] 499
[0, 0, 1, 1] 611
[0, 0, 1, 1] 614
[0, 0, 1, 1] 768
[0, 0, 1, 1] 773
[0, 0, 1, 1] 920
[0, 0, 0, 1] 14
[0, 0, 0, 1] 128
[0, 0, 0, 1] 144
[0, 0, 0, 1] 168
[0, 0, 0, 1] 207
[0, 0, 0, 1] 217
[0, 0, 0, 1] 294
[0, 0, 0, 1] 307
[0, 0, 0, 1] 375
[0, 0, 0, 1] 392
[0, 0, 0, 1] 410
[0, 0, 0, 1] 435
[0, 0, 0, 1] 457
[0, 0, 0, 1] 461
[0, 0, 0, 1] 469
[0, 0, 0, 1] 520
[0, 0, 0, 1] 529
[0, 0, 0, 1] 620
[0, 0, 0, 1] 690
[0, 0, 0, 1] 710
[0, 0, 0, 1] 725
[0, 0, 0, 1] 731
[0, 0, 0, 1] 753
[0, 0, 0, 1] 793
[0, 0, 0, 1] 829
[0, 0, 0, 1] 874
[0, 0, 0, 1] 967
[0, 0, 0, 1] 970
[0, 0, 0, 1] 992
