VARIABLES 80
NB_OBJ 4
ITEMS
[1, 1, 1, 1] 21
[1, 1, 1, 1] 67
[1, 1, 1, 1] 84
[1, 1, 1, 1] 148
[1, 1, 1, 1] 301
[1, 1, 1, 1] 394
[1, 1, 1, 1] 592
[1, 1, 1, 1] 647
[1, 1, 1, 1] 651
[1, 1, 1, 1] 734
[1, 1, 1, 1] 746
[1, 1, 1, 1] 905
[1, 1, 1, 1] 921
[0, 1, 1, 1] 94
[0, 1, 1, 1] 282
[0, 1, 1, 1] 289
[0, 1, 1, 1] 561
[0, 1, 1, 1] 591
[0, 1, 1, 1] 614
[0, 1, 1, 1] 630
[0, 1, 1, 1] 637
[0, 1, 1, 1] 672
[0, 1, 1, 1] 769
[0, 1, 1, 1] 787
[0, 1, 1, 1] 790
[0, 1, 1, 1] 899
[0, 1, 1, 1] 950
[0, 1, 1, 1] 957
[0, 1, 1, 1] 977
[0, 0, 1, 1] 50
[0, 0, 1, 1] 65
[0, 0, 1, 1] 73
[0, 0, 1, 1] 93
[0, 0, 1, 1] 165
[0, 0, 1, 1] 197
[0, 0, 1, 1] 368
[0, 0, 1, 1] 375
[0, 0, 1, 1] 377
[0, 0, 1, 1] 439
[0, 0, 1, 1] 439
[0, 0, 1, 1] 467
[0, 0, 1, 1] 470
[0, 0, 1, 1] 537
[0, 0, 1, 1] 546
[0, 0, 1, 1] 596
[0, 0, 1, 1] 634
[0, 0, 1, 1] 751
[0, 0, 1, 1] 781
[0, 0, 1, 1] 795
[0, 0, 1, 1] 796
[0, 0, 1, 1] 802
[0, 0, 1, 1] 848
[0, 0, 1, 1] 853
[0, 0, 1, 1] 870
[0, 0, 1, 1] 881
[0, 0, 0, 1] 55
[0, 0, 0, 1] 115
[0, 0, 0, 1] 293
[0, 0, 0, 1] 301
[0, 0, 0, 1] 319
[0, 0, 0, 1] 336
[0, 0, 0, 1] 353
[0, 0, 0, 1] 413
[0, 0, 0, 1] 458
[0, 0, 0, 1] 482
[0, 0, 0, 1] 503
[0, 0, 0, 1] 505
[0, 0, 0, 1] 555
[0, 0, 0, 1] 561
[0, 0, 0, 1] 564
[0, 0, 0, 1] 584
[0, 0, 0, 1] 586
[0, 0, 0, 1] 658
[0, 0, 0, 1] 709
[0, 0, 0, 1] 709
[0, 0, 0, 1] 711
[0, 0, 0, 1] 854
[0, 0, 0, 1] 918
[0, 0, 0, 1] 939
[0, 0, 0, 1] 958
