VARIABLES 80
NB_OBJ 4
ITEMS
[1, 1, 1, 1] 9
[1, 1, 1, 1] 46
[1, 1, 1, 1] 67
[1, 1, 1, 1] 86
[1, 1, 1, 1] 98
[1, 1, 1, 1] 256
[1, 1, 1, 1] 265
[1, 1, 1, 1] 294
[1, 1, 1, 1] 335
[1, 1, 1, 1] 392
[1, 1, 1, 1] 445
[1, 1, 1, 1] 608
[1, 1, 1, 1] 684
[1, 1, 1, 1] 714
[1, 1, 1, 1] 715
[1, 1, 1, 1] 735
[1, 1, 1, 1] 781
[1, 1, 1, 1] 783
[1, 1, 1, 1] 785
[1, 1, 1, 1] 785
[1, 1, 1, 1] 813
[1, 1, 1, 1] 891
[1, 1, 1, 1] 944
[0, 1, 1, 1] 3
[0, 1, 1, 1] 13
[0, 1, 1, 1] 71
[0, 1, 1, 1] 83
[0, 1, 1, 1] 85
[0, 1, 1, 1] 120
[0, 1, 1, 1] 128
[0, 1, 1, 1] 135
[0, 1, 1, 1] 338
[0, 1, 1, 1] 350
[0, 1, 1, 1] 387
[0, 1, 1, 1] 446
[0, 1, 1, 1] 466
[0, 1, 1, 1] 500
[0, 1, 1, 1] 596
[0, 1, 1, 1] 659
[0, 1, 1, 1] 687
[0, 1, 1, 1] 709
[0, 1, 1, 1] 720
[0, 1, 1, 1] 734
[0, 1, 1, 1] 855
[0, 1, 1, 1] 865
[0, 1, 1, 1] 914
[0, 0, 1, 1] 5
[0, 0, 1, 1] 124
[0, 0, 1, 1] 281
[0, 0, 1, 1] 325
[0, 0, 1, 1] 333
[0, 0, 1, 1] 334
[0, 0, 1, 1] 450
[0, 0, 1, 1] 500
[0, 0, 1, 1] 513
[0, 0, 1, 1] 570
[0, 0, 1, 1] 605
[0, 0, 1, 1] 606
[0, 0, 1, 1] 687
[0, 0, 1, 1] 730
[0, 0, 1, 1] 759
[0, 0, 1, 1] 769
[0, 0, 1, 1] 819
[0, 0, 1, 1] 862
[0, 0, 1, 1] 884
[0, 0, 0, 1] 1
[0, 0, 0, 1] 49
[0, 0, 0, 1] 75
[0, 0, 0, 1] 169
[0, 0, 0, 1] 196
[0, 0, 0, 1] 208
[0, 0, 0, 1] 247
[0, 0, 0, 1] 318
[0, 0, 0, 1] 489
[0, 0, 0, 1] 732
[0, 0, 0, 1] 782
[0, 0, 0, 1] 783
[0, 0, 0, 1] 878
[0, 0, 0, 1] 972
[0, 0, 0, 1] 990
