VARIABLES 80
NB_OBJ 4
ITEMS
[1, 1, 1, 1] 72
[1, 1, 1, 1] 202
[1, 1, 1, 1] 212
[1, 1, 1, 1] 260
[1, 1, 1, 1] 274
[1, 1, 1, 1] 309
[1, 1, 1, 1] 325
[1, 1, 1, 1] 410
[1, 1, 1, 1] 473
[1, 1, 1, 1] 501
[1, 1, 1, 1] 522
[1, 1, 1, 1] 571
[1, 1, 1, 1] 574
[1, 1, 1, 1] 585
[1, 1, 1, 1] 642
[1, 1, 1, 1] 679
[1, 1, 1, 1] 696
[1, 1, 1, 1] 804
[1, 1, 1, 1] 819
[1, 1, 1, 1] 836
[1, 1, 1, 1] 873
[1, 1, 1, 1] 879
[1, 1, 1, 1] 953
[1, 1, 1, 1] 968
[1, 1, 1, 1] 973
[0, 1, 1, 1] 14
[0, 1, 1, 1] 146
[0, 1, 1, 1] 149
[0, 1, 1, 1] 157
[0, 1, 1, 1] 194
[0, 1, 1, 1] 305
[0, 1, 1, 1] 349
[0, 1, 1, 1] 428
[0, 1, 1, 1] 456
[0, 1, 1, 1] 475
[0, 1, 1, 1] 575
[0, 1, 1, 1] 576
[0, 1, 1, 1] 719
[0, 1, 1, 1] 731
[0, 1, 1, 1] 740
[0, 1, 1, 1] 768
[0, 1, 1, 1] 770
[0, 1, 1, 1] 777
[0, 1, 1, 1] 836
[0, 1, 1, 1] 844
[0, 1, 1, 1] 849
[0, 1, 1, 1] 853
[0, 1, 1, 1] 862
[0, 1, 1, 1] 936
[0, 1, 1, 1] 969
[0, 1, 1, 1] 985
[0, 1, 1, 1] 992
[0, 0, 1, 1] 48
[0, 0, 1, 1] 72
[0, 0, 1, 1] 100
[0, 0, 1, 1] 111
[0, 0, 1, 1] 215
[0, 0, 1, 1] 462
[0, 0, 1, 1] 571
[0, 0, 1, 1] 582
[0, 0, 1, 1] 650
[0, 0, 1, 1] 678
[0, 0, 1, 1] 752
[0, 0, 1, 1] 804
[0, 0, 1, 1] 842
[0, 0, 1, 1] 864
[0, 0, 1, 1] 909
[0, 0, 0, 1] 170
[0, 0, 0, 1] 231
[0, 0, 0, 1] 301
[0, 0, 0, 1] 377
[0, 0, 0, 1] 383
[0, 0, 0, 1] 662
[0, 0, 0, 1] 710
[0, 0, 0, 1] 729
[0, 0, 0, 1] 762
[0, 0, 0, 1] 776
[0, 0, 0, 1] 834
[0, 0, 0, 1] 850
[0, 0, 0, 1] 925
