VARIABLES 80
NB_OBJ 4
ITEMS
[1, 1, 1, 1] 29
[1, 1, 1, 1] 48
[1, 1, 1, 1] 131
[1, 1, 1, 1] 135
[1, 1, 1, 1] 189
[1, 1, 1, 1] 245
[1, 1, 1, 1] 356
[1, 1, 1, 1] 383
[1, 1, 1, 1] 458
[1, 1, 1, 1] 502
[1, 1, 1, 1] 524
[1, 1, 1, 1] 573
[1, 1, 1, 1] 630
[1, 1, 1, 1] 783
[1, 1, 1, 1] 952
[0, 1, 1, 1] 8
[0, 1, 1, 1] 16
[0, 1, 1, 1] 52
[0, 1, 1, 1] 71
[0, 1, 1, 1] 83
[0, 1, 1, 1] 152
[0, 1, 1, 1] 258
[0, 1, 1, 1] 272
[0, 1, 1, 1] 298
[0, 1, 1, 1] 356
[0, 1, 1, 1] 381
[0, 1, 1, 1] 403
[0, 1, 1, 1] 452
[0, 1, 1, 1] 493
[0, 1, 1, 1] 575
[0, 1, 1, 1] 679
[0, 1, 1, 1] 709
[0, 1, 1, 1] 747
[0, 1, 1, 1] 760
[0, 1, 1, 1] 805
[0, 1, 1, 1] 851
[0, 1, 1, 1] 927
[0, 0, 1, 1] 50
[0, 0, 1, 1] 107
[0, 0, 1, 1] 234
[0, 0, 1, 1] 250
[0, 0, 1, 1] 257
[0, 0, 1, 1] 326
[0, 0, 1, 1] 326
[0, 0, 1, 1] 399
[0, 0, 1, 1] 417
[0, 0, 1, 1] 432
[0, 0, 1, 1] 444
[0, 0, 1, 1] 458
[0, 0, 1, 1] 512
[0, 0, 1, 1] 638
[0, 0, 1, 1] 653
[0, 0, 1, 1] 672
[0, 0, 1, 1] 744
[0, 0, 1, 1] 799
[0, 0, 1, 1] 810
[0, 0, 1, 1] 832
[0, 0, 1, 1] 836
[0, 0, 1, 1] 843
[0, 0, 1, 1] 875
[0, 0, 1, 1] 898
[0, 0, 1, 1] 938
[0, 0, 0, 1] 13
[0, 0, 0, 1] 233
[0, 0, 0, 1] 273
[0, 0, 0, 1] 280
[0, 0, 0, 1] 319
[0, 0, 0, 1] 338
[0, 0, 0, 1] 385
[0, 0, 0, 1] 435
[0, 0, 0, 1] 496
[0, 0, 0, 1] 532
[0, 0, 0, 1] 556
[0, 0, 0, 1] 567
[0, 0, 0, 1] 605
[0, 0, 0, 1] 624
[0, 0, 0, 1] 716
[0, 0, 0, 1] 811
[0, 0, 0, 1] 885
[0, 0, 0, 1] 951
