VARIABLES 80
NB_OBJ 4
ITEMS
[1, 1, 1, 1] 3
[1, 1, 1, 1] 100
[1, 1, 1, 1] 110
[1, 1, 1, 1] 136
[1, 1, 1, 1] 149
[1, 1, 1, 1] 181
[1, 1, 1, 1] 233
[1, 1, 1, 1] 238
[1, 1, 1, 1] 247
[1, 1, 1, 1] 247
[1, 1, 1, 1] 286
[1, 1, 1, 1] 298
[1, 1, 1, 1] 323
[1, 1, 1, 1] 369
[1, 1, 1, 1] 385
[1, 1, 1, 1] 524
[1, 1, 1, 1] 681
[1, 1, 1, 1] 690
[1, 1, 1, 1] 741
[1, 1, 1, 1] 832
[1, 1, 1, 1] 911
[1, 1, 1, 1] 993
[0, 1, 1, 1] 4
[0, 1, 1, 1] 56
[0, 1, 1, 1] 133
[0, 1, 1, 1] 365
[0, 1, 1, 1] 375
[0, 1, 1, 1] 437
[0, 1, 1, 1] 508
[0, 1, 1, 1] 533
[0, 1, 1, 1] 541
[0, 1, 1, 1] 573
[0, 1, 1, 1] 624
[0, 1, 1, 1] 657
[0, 1, 1, 1] 686
[0, 1, 1, 1] 812
[0, 1, 1, 1] 815
[0, 1, 1, 1] 850
[0, 1, 1, 1] 947
[0, 1, 1, 1] 967
[0, 0, 1, 1] 5
[0, 0, 1, 1] 33
[0, 0, 1, 1] 88
[0, 0, 1, 1] 121
[0, 0, 1, 1] 133
[0, 0, 1, 1] 196
[0, 0, 1, 1] 254
[0, 0, 1, 1] 283
[0, 0, 1, 1] 291
[0, 0, 1, 1] 465
[0, 0, 1, 1] 486
[0, 0, 1, 1] 508
[0, 0, 1, 1] 580
[0, 0, 1, 1] 624
[0, 0, 1, 1] 641
[0, 0, 1, 1] 669
[0, 0, 1, 1] 719
[0, 0, 1, 1] 821
[0, 0, 1, 1] 828
[0, 0, 1, 1] 841
[0, 0, 1, 1] 897
[0, 0, 1, 1] 956
[0, 0, 1, 1] 986
[0, 0, 0, 1] 59
[0, 0, 0, 1] 75
[0, 0, 0, 1] 95
[0, 0, 0, 1] 129
[0, 0, 0, 1] 226
[0, 0, 0, 1] 277
[0, 0, 0, 1] 310
[0, 0, 0, 1] 325
[0, 0, 0, 1] 418
[0, 0, 0, 1] 491
[0, 0, 0, 1] 531
[0, 0, 0, 1] 632
[0, 0, 0, 1] 642
[0, 0, 0, 1] 724
[0, 0, 0, 1] 760
[0, 0, 0, 1] 823
[0, 0, 0, 1] 994
