VARIABLES 80
NB_OBJ 4
ITEMS
[1, 1, 1, 1] 16
[1, 1, 1, 1] 21
[1, 1, 1, 1] 96
[1, 1, 1, 1] 119
[1, 1, 1, 1] 232
[1, 1, 1, 1] 242
[1, 1, 1, 1] 255
[1, 1, 1, 1] 265
[1, 1, 1, 1] 323
[1, 1, 1, 1] 357
[1, 1, 1, 1] 386
[1, 1, 1, 1] 437
[1, 1, 1, 1] 491
[1, 1, 1, 1] 494
[1, 1, 1, 1] 752
[1, 1, 1, 1] 754
[1, 1, 1, 1] 817
[1, 1, 1, 1] 900
[1, 1, 1, 1] 911
[1, 1, 1, 1] 959
[0, 1, 1, 1] 9
[0, 1, 1, 1] 184
[0, 1, 1, 1] 220
[0, 1, 1, 1] 241
[0, 1, 1, 1] 284
[0, 1, 1, 1] 299
[0, 1, 1, 1] 313
[0, 1, 1, 1] 324
[0, 1, 1, 1] 339
[0, 1, 1, 1] 341
[0, 1, 1, 1] 388
[0, 1, 1, 1] 411
[0, 1, 1, 1] 503
[0, 1, 1, 1] 560
[0, 1, 1, 1] 589
[0, 1, 1, 1] 646
[0, 1, 1, 1] 651
[0, 1, 1, 1] 674
[0, 1, 1, 1] 738
[0, 1, 1, 1] 798
[0, 1, 1, 1] 868
[0, 1, 1, 1] 952
[0, 1, 1, 1] 997
[0, 0, 1, 1] 17
[0, 0, 1, 1] 40
[0, 0, 1, 1] 86
[0, 0, 1, 1] 98
[0, 0, 1, 1] 205
[0, 0, 1, 1] 221
[0, 0, 1, 1] 227
[0, 0, 1, 1] 246
[0, 0, 1, 1] 282
[0, 0, 1, 1] 305
[0, 0, 1, 1] 309
[0, 0, 1, 1] 397
[0, 0, 1, 1] 426
[0, 0, 1, 1] 441
[0, 0, 1, 1] 442
[0, 0, 1, 1] 605
[0, 0, 1, 1] 620
[0, 0, 1, 1] 896
[0, 0, 1, 1] 998
[0, 0, 0, 1] 40
[0, 0, 0, 1] 244
[0, 0, 0, 1] 276
[0, 0, 0, 1] 292
[0, 0, 0, 1] 306
[0, 0, 0, 1] 434
[0, 0, 0, 1] 547
[0, 0, 0, 1] 617
[0, 0, 0, 1] 699
[0, 0, 0, 1] 729
[0, 0, 0, 1] 764
[0, 0, 0, 1] 776
[0, 0, 0, 1] 810
[0, 0, 0, 1] 811
[0, 0, 0, 1] 926
[0, 0, 0, 1] 926
[0, 0, 0, 1] 941
[0, 0, 0, 1] 997
