VARIABLES 80
NB_OBJ 4
ITEMS
[1, 1, 1, 1] 20
[1, 1, 1, 1] 64
[1, 1, 1, 1] 110
[1, 1, 1, 1] 217
[1, 1, 1, 1] 268
[1, 1, 1, 1] 313
[1, 1, 1, 1] 415
[1, 1, 1, 1] 481
[1, 1, 1, 1] 587
[1, 1, 1, 1] 603
[1, 1, 1, 1] 635
[1, 1, 1, 1] 642
[1, 1, 1, 1] 648
[1, 1, 1, 1] 765
[1, 1, 1, 1] 871
[1, 1, 1, 1] 890
[1, 1, 1, 1] 914
[1, 1, 1, 1] 922
[1, 1, 1, 1] 930
[0, 1, 1, 1] 69
[0, 1, 1, 1] 134
[0, 1, 1, 1] 144
[0, 1, 1, 1] 220
[0, 1, 1, 1] 255
[0, 1, 1, 1] 303
[0, 1, 1, 1] 323
[0, 1, 1, 1] 423
[0, 1, 1, 1] 432
[0, 1, 1, 1] 481
[0, 1, 1, 1] 494
[0, 1, 1, 1] 507
[0, 1, 1, 1] 552
[0, 1, 1, 1] 553
[0, 1, 1, 1] 633
[0, 1, 1, 1] 638
[0, 1, 1, 1] 661
[0, 1, 1, 1] 675
[0, 1, 1, 1] 679
[0, 1, 1, 1] 680
[0, 1, 1, 1] 753
[0, 1, 1, 1] 780
[0, 1, 1, 1] 820
[0, 1, 1, 1] 823
[0, 0, 1, 1] 8
[0, 0, 1, 1] 32
[0, 0, 1, 1] 69
[0, 0, 1, 1] 197
[0, 0, 1, 1] 220
[0, 0, 1, 1] 221
[0, 0, 1, 1] 239
[0, 0, 1, 1] 279
[0, 0, 1, 1] 286
[0, 0, 1, 1] 328
[0, 0, 1, 1] 353
[0, 0, 1, 1] 399
[0, 0, 1, 1] 442
[0, 0, 1, 1] 448
[0, 0, 1, 1] 511
[0, 0, 1, 1] 558
[0, 0, 1, 1] 574
[0, 0, 1, 1] 598
[0, 0, 1, 1] 712
[0, 0, 1, 1] 724
[0, 0, 1, 1] 989
[0, 0, 0, 1] 58
[0, 0, 0, 1] 94
[0, 0, 0, 1] 98
[0, 0, 0, 1] 138
[0, 0, 0, 1] 163
[0, 0, 0, 1] 169
[0, 0, 0, 1] 362
[0, 0, 0, 1] 403
[0, 0, 0, 1] 463
[0, 0, 0, 1] 472
[0, 0, 0, 1] 540
[0, 0, 0, 1] 610
[0, 0, 0, 1] 747
[0, 0, 0, 1] 747
[0, 0, 0, 1] 763
[0, 0, 0, 1] 968
