VARIABLES 80
NB_OBJ 4
ITEMS
[1, 1, 1, 1] 88
[1, 1, 1, 1] 146
[1, 1, 1, 1] 154
[1, 1, 1, 1] 192
[1, 1, 1, 1] 206
[1, 1, 1, 1] 252
[1, 1, 1, 1] 261
[1, 1, 1, 1] 350
[1, 1, 1, 1] 457
[1, 1, 1, 1] 458
[1, 1, 1, 1] 469
[1, 1, 1, 1] 493
[1, 1, 1, 1] 527
[1, 1, 1, 1] 529
[1, 1, 1, 1] 593
[1, 1, 1, 1] 605
[1, 1, 1, 1] 608
[1, 1, 1, 1] 646
[1, 1, 1, 1] 683
[1, 1, 1, 1] 721
[1, 1, 1, 1] 725
[1, 1, 1, 1] 833
[1, 1, 1, 1] 926
[1, 1, 1, 1] 935
[1, 1, 1, 1] 997
[0, 1, 1, 1] 121
[0, 1, 1, 1] 192
[0, 1, 1, 1] 360
[0, 1, 1, 1] 378
[0, 1, 1, 1] 393
[0, 1, 1, 1] 437
[0, 1, 1, 1] 457
[0, 1, 1, 1] 617
[0, 1, 1, 1] 700
[0, 1, 1, 1] 787
[0, 1, 1, 1] 803
[0, 1, 1, 1] 914
[0, 0, 1, 1] 20
[0, 0, 1, 1] 23
[0, 0, 1, 1] 23
[0, 0, 1, 1] 154
[0, 0, 1, 1] 217
[0, 0, 1, 1] 237
[0, 0, 1, 1] 241
[0, 0, 1, 1] 285
[0, 0, 1, 1] 299
[0, 0, 1, 1] 336
[0, 0, 1, 1] 392
[0, 0, 1, 1] 499
[0, 0, 1, 1] 530
[0, 0, 1, 1] 535
[0, 0, 1, 1] 549
[0, 0, 1, 1] 565
[0, 0, 1, 1] 652
[0, 0, 1, 1] 688
[0, 0, 1, 1] 768
[0, 0, 1, 1] 802
[0, 0, 1, 1] 932
[0, 0, 1, 1] 991
[0, 0, 0, 1] 58
[0, 0, 0, 1] 60
[0, 0, 0, 1] 86
[0, 0, 0, 1] 101
[0, 0, 0, 1] 187
[0, 0, 0, 1] 222
[0, 0, 0, 1] 314
[0, 0, 0, 1] 354
[0, 0, 0, 1] 364
[0, 0, 0, 1] 448
[0, 0, 0, 1] 470
[0, 0, 0, 1] 540
[0, 0, 0, 1] 554
[0, 0, 0, 1] 704
[0, 0, 0, 1] 740
[0, 0, 0, 1] 747
[0, 0, 0, 1] 751
[0, 0, 0, 1] 757
[0, 0, 0, 1] 924
[0, 0, 0, 1] 932
[0, 0, 0, 1] 955
