VARIABLES 80
NB_OBJ 4
ITEMS
[1, 1, 1, 1] 101
[1, 1, 1, 1] 176
[1, 1, 1, 1] 252
[1, 1, 1, 1] 267
[1, 1, 1, 1] 327
[1, 1, 1, 1] 351
[1, 1, 1, 1] 365
[1, 1, 1, 1] 383
[1, 1, 1, 1] 520
[1, 1, 1, 1] 521
[1, 1, 1, 1] 592
[1, 1, 1, 1] 724
[1, 1, 1, 1] 788
[1, 1, 1, 1] 861
[1, 1, 1, 1] 916
[1, 1, 1, 1] 968
[1, 1, 1, 1] 979
[0, 1, 1, 1] 64
[0, 1, 1, 1] 149
[0, 1, 1, 1] 165
[0, 1, 1, 1] 243
[0, 1, 1, 1] 260
[0, 1, 1, 1] 282
[0, 1, 1, 1] 349
[0, 1, 1, 1] 354
[0, 1, 1, 1] 489
[0, 1, 1, 1] 582
[0, 1, 1, 1] 587
[0, 1, 1, 1] 588
[0, 1, 1, 1] 600
[0, 1, 1, 1] 756
[0, 1, 1, 1] 770
[0, 1, 1, 1] 812
[0, 1, 1, 1] 853
[0, 1, 1, 1] 892
[0, 1, 1, 1] 930
[0, 1, 1, 1] 939
[0, 0, 1, 1] 39
[0, 0, 1, 1] 71
[0, 0, 1, 1] 117
[0, 0, 1, 1] 233
[0, 0, 1, 1] 264
[0, 0, 1, 1] 321
[0, 0, 1, 1] 402
[0, 0, 1, 1] 469
[0, 0, 1, 1] 499
[0, 0, 1, 1] 589
[0, 0, 1, 1] 593
[0, 0, 1, 1] 693
[0, 0, 1, 1] 699
[0, 0, 1, 1] 781
[0, 0, 1, 1] 838
[0, 0, 1, 1] 922
[0, 0, 1, 1] 944
[0, 0, 1, 1] 950
[0, 0, 1, 1] 955
[0, 0, 1, 1] 975
[0, 0, 0, 1] 1
[0, 0, 0, 1] 9
[0, 0, 0, 1] 14
[0, 0, 0, 1] 23
[0, 0, 0, 1] 121
[0, 0, 0, 1] 146
[0, 0, 0, 1] 159
[0, 0, 0, 1] 226
[0, 0, 0, 1] 287
[0, 0, 0, 1] 288
[0, 0, 0, 1] 593
[0, 0, 0, 1] 663
[0, 0, 0, 1] 683
[0, 0, 0, 1] 690
[0, 0, 0, 1] 722
[0, 0, 0, 1] 747
[0, 0, 0, 1] 846
[0, 0, 0, 1] 870
[0, 0, 0, 1] 886
[0, 0, 0, 1] 905
[0, 0, 0, 1] 934
[0, 0, 0, 1] 968
[0, 0, 0, 1] 972
