VARIABLES 80
NB_OBJ 4
ITEMS
[1, 1, 1, 1] 30
[1, 1, 1, 1] 194
[1, 1, 1, 1] 243
[1, 1, 1, 1] 250
[1, 1, 1, 1] 330
[1, 1, 1, 1] 364
[1, 1, 1, 1] 369
[1, 1, 1, 1] 402
[1, 1, 1, 1] 425
[1, 1, 1, 1] 453
[1, 1, 1, 1] 505
[1, 1, 1, 1] 530
[1, 1, 1, 1] 623
[1, 1, 1, 1] 696
[1, 1, 1, 1] 814
[1, 1, 1, 1] 817
[1, 1, 1, 1] 882
[1, 1, 1, 1] 997
[0, 1, 1, 1] 106
[0, 1, 1, 1] 243
[0, 1, 1, 1] 330
[0, 1, 1, 1] 365
[0, 1, 1, 1] 377
[0, 1, 1, 1] 425
[0, 1, 1, 1] 452
[0, 1, 1, 1] 471
[0, 1, 1, 1] 562
[0, 1, 1, 1] 582
[0, 1, 1, 1] 705
[0, 1, 1, 1] 724
[0, 1, 1, 1] 857
[0, 1, 1, 1] 866
[0, 1, 1, 1] 965
[0, 0, 1, 1] 45
[0, 0, 1, 1] 105
[0, 0, 1, 1] 109
[0, 0, 1, 1] 115
[0, 0, 1, 1] 129
[0, 0, 1, 1] 129
[0, 0, 1, 1] 185
[0, 0, 1, 1] 255
[0, 0, 1, 1] 484
[0, 0, 1, 1] 504
[0, 0, 1, 1] 523
[0, 0, 1, 1] 527
[0, 0, 1, 1] 573
[0, 0, 1, 1] 627
[0, 0, 1, 1] 652
[0, 0, 1, 1] 701
[0, 0, 1, 1] 720
[0, 0, 1, 1] 764
[0, 0, 1, 1] 784
[0, 0, 1, 1] 796
[0, 0, 1, 1] 930
[0, 0, 1, 1] 938
[0, 0, 1, 1] 961
[0, 0, 1, 1] 967
[0, 0, 0, 1] 4
[0, 0, 0, 1] 63
[0, 0, 0, 1] 166
[0, 0, 0, 1] 192
[0, 0, 0, 1] 270
[0, 0, 0, 1] 344
[0, 0, 0, 1] 345
[0, 0, 0, 1] 353
[0, 0, 0, 1] 406
[0, 0, 0, 1] 438
[0, 0, 0, 1] 545
[0, 0, 0, 1] 598
[0, 0, 0, 1] 624
[0, 0, 0, 1] 647
[0, 0, 0, 1] 702
[0, 0, 0, 1] 738
[0, 0, 0, 1] 755
[0, 0, 0, 1] 799
[0, 0, 0, 1] 898
[0, 0, 0, 1] 913
[0, 0, 0, 1] 948
[0, 0, 0, 1] 957
[0, 0, 0, 1] 970
