VARIABLES 80
NB_OBJ 4
ITEMS
[1, 1, 1, 1] 66
[1, 1, 1, 1] 116
[1, 1, 1, 1] 190
[1, 1, 1, 1] 201
[1, 1, 1, 1] 217
[1, 1, 1, 1] 262
[1, 1, 1, 1] 276
[1, 1, 1, 1] 292
[1, 1, 1, 1] 356
[1, 1, 1, 1] 396
[1, 1, 1, 1] 429
[1, 1, 1, 1] 467
[1, 1, 1, 1] 499
[1, 1, 1, 1] 523
[1, 1, 1, 1] 562
[1, 1, 1, 1] 574
[1, 1, 1, 1] 764
[1, 1, 1, 1] 859
[1, 1, 1, 1] 899
[1, 1, 1, 1] 901
[1, 1, 1, 1] 990
[1, 1, 1, 1] 998
[0, 1, 1, 1] 41
[0, 1, 1, 1] 72
[0, 1, 1, 1] 98
[0, 1, 1, 1] 235
[0, 1, 1, 1] 251
[0, 1, 1, 1] 318
[0, 1, 1, 1] 389
[0, 1, 1, 1] 428
[0, 1, 1, 1] 434
[0, 1, 1, 1] 462
[0, 1, 1, 1] 481
[0, 1, 1, 1] 487
[0, 1, 1, 1] 550
[0, 1, 1, 1] 674
[0, 1, 1, 1] 683
[0, 1, 1, 1] 757
[0, 1, 1, 1] 772
[0, 1, 1, 1] 807
[0, 1, 1, 1] 851
[0, 1, 1, 1] 885
[0, 1, 1, 1] 901
[0, 1, 1, 1] 934
[0, 1, 1, 1] 959
[0, 0, 1, 1] 4
[0, 0, 1, 1] 6
[0, 0, 1, 1] 8
[0, 0, 1, 1] 68
[0, 0, 1, 1] 96
[0, 0, 1, 1] 128
[0, 0, 1, 1] 131
[0, 0, 1, 1] 229
[0, 0, 1, 1] 255
[0, 0, 1, 1] 286
[0, 0, 1, 1] 299
[0, 0, 1, 1] 324
[0, 0, 1, 1] 459
[0, 0, 1, 1] 613
[0, 0, 1, 1] 619
[0, 0, 1, 1] 648
[0, 0, 1, 1] 685
[0, 0, 1, 1] 695
[0, 0, 1, 1] 763
[0, 0, 1, 1] 790
[0, 0, 1, 1] 813
[0, 0, 1, 1] 979
[0, 0, 0, 1] 87
[0, 0, 0, 1] 169
[0, 0, 0, 1] 184
[0, 0, 0, 1] 312
[0, 0, 0, 1] 326
[0, 0, 0, 1] 392
[0, 0, 0, 1] 477
[0, 0, 0, 1] 544
[0, 0, 0, 1] 616
[0, 0, 0, 1] 746
[0, 0, 0, 1] 750
[0, 0, 0, 1] 805
[0, 0, 0, 1] 828
