VARIABLES 80
NB_OBJ 4
ITEMS
[1, 1, 1, 1] 4
[1, 1, 1, 1] 43
[1, 1, 1, 1] 104
[1, 1, 1, 1] 114
[1, 1, 1, 1] 117
[1, 1, 1, 1] 244
[1, 1, 1, 1] 337
[1, 1, 1, 1] 361
[1, 1, 1, 1] 423
[1, 1, 1, 1] 560
[1, 1, 1, 1] 566
[1, 1, 1, 1] 568
[1, 1, 1, 1] 707
[1, 1, 1, 1] 711
[1, 1, 1, 1] 714
[1, 1, 1, 1] 856
[1, 1, 1, 1] 867
[1, 1, 1, 1] 897
[0, 1, 1, 1] 75
[0, 1, 1, 1] 89
[0, 1, 1, 1] 95
[0, 1, 1, 1] 97
[0, 1, 1, 1] 144
[0, 1, 1, 1] 147
[0, 1, 1, 1] 161
[0, 1, 1, 1] 309
[0, 1, 1, 1] 340
[0, 1, 1, 1] 389
[0, 1, 1, 1] 390
[0, 1, 1, 1] 454
[0, 1, 1, 1] 476
[0, 1, 1, 1] 536
[0, 1, 1, 1] 602
[0, 1, 1, 1] 687
[0, 1, 1, 1] 782
[0, 1, 1, 1] 882
[0, 1, 1, 1] 901
[0, 1, 1, 1] 911
[0, 1, 1, 1] 941
[0, 1, 1, 1] 953
[0, 1, 1, 1] 964
[0, 0, 1, 1] 7
[0, 0, 1, 1] 81
[0, 0, 1, 1] 99
[0, 0, 1, 1] 236
[0, 0, 1, 1] 239
[0, 0, 1, 1] 307
[0, 0, 1, 1] 368
[0, 0, 1, 1] 386
[0, 0, 1, 1] 389
[0, 0, 1, 1] 423
[0, 0, 1, 1] 433
[0, 0, 1, 1] 473
[0, 0, 1, 1] 524
[0, 0, 1, 1] 635
[0, 0, 1, 1] 660
[0, 0, 1, 1] 700
[0, 0, 1, 1] 751
[0, 0, 1, 1] 763
[0, 0, 1, 1] 799
[0, 0, 1, 1] 825
[0, 0, 1, 1] 890
[0, 0, 1, 1] 901
[0, 0, 0, 1] 2
[0, 0, 0, 1] 25
[0, 0, 0, 1] 61
[0, 0, 0, 1] 87
[0, 0, 0, 1] 108
[0, 0, 0, 1] 223
[0, 0, 0, 1] 340
[0, 0, 0, 1] 563
[0, 0, 0, 1] 604
[0, 0, 0, 1] 672
[0, 0, 0, 1] 847
[0, 0, 0, 1] 870
[0, 0, 0, 1] 883
[0, 0, 0, 1] 895
[0, 0, 0, 1] 923
[0, 0, 0, 1] 944
[0, 0, 0, 1] 975
