VARIABLES 80
NB_OBJ 4
ITEMS
[1, 1, 1, 1] 4
[1, 1, 1, 1] 64
[1, 1, 1, 1] 90
[1, 1, 1, 1] 105
[1, 1, 1, 1] 133
[1, 1, 1, 1] 146
[1, 1, 1, 1] 177
[1, 1, 1, 1] 371
[1, 1, 1, 1] 470
[1, 1, 1, 1] 551
[1, 1, 1, 1] 565
[1, 1, 1, 1] 616
[1, 1, 1, 1] 625
[1, 1, 1, 1] 638
[1, 1, 1, 1] 677
[1, 1, 1, 1] 771
[1, 1, 1, 1] 822
[1, 1, 1, 1] 840
[1, 1, 1, 1] 885
[1, 1, 1, 1] 990
[0, 1, 1, 1] 81
[0, 1, 1, 1] 182
[0, 1, 1, 1] 197
[0, 1, 1, 1] 213
[0, 1, 1, 1] 331
[0, 1, 1, 1] 368
[0, 1, 1, 1] 438
[0, 1, 1, 1] 466
[0, 1, 1, 1] 500
[0, 1, 1, 1] 566
[0, 1, 1, 1] 708
[0, 1, 1, 1] 733
[0, 1, 1, 1] 809
[0, 1, 1, 1] 935
[0, 1, 1, 1] 936
[0, 0, 1, 1] 10
[0, 0, 1, 1] 124
[0, 0, 1, 1] 125
[0, 0, 1, 1] 126
[0, 0, 1, 1] 141
[0, 0, 1, 1] 260
[0, 0, 1, 1] 267
[0, 0, 1, 1] 310
[0, 0, 1, 1] 408
[0, 0, 1, 1] 430
[0, 0, 1, 1] 537
[0, 0, 1, 1] 559
[0, 0, 1, 1] 573
[0, 0, 1, 1] 605
[0, 0, 1, 1] 663
[0, 0, 1, 1] 689
[0, 0, 1, 1] 694
[0, 0, 1, 1] 765
[0, 0, 1, 1] 774
[0, 0, 1, 1] 828
[0, 0, 1, 1] 829
[0, 0, 1, 1] 835
[0, 0, 1, 1] 869
[0, 0, 1, 1] 871
[0, 0, 1, 1] 927
[0, 0, 0, 1] 34
[0, 0, 0, 1] 67
[0, 0, 0, 1] 177
[0, 0, 0, 1] 266
[0, 0, 0, 1] 272
[0, 0, 0, 1] 348
[0, 0, 0, 1] 387
[0, 0, 0, 1] 391
[0, 0, 0, 1] 400
[0, 0, 0, 1] 405
[0, 0, 0, 1] 486
[0, 0, 0, 1] 521
[0, 0, 0, 1] 592
[0, 0, 0, 1] 633
[0, 0, 0, 1] 634
[0, 0, 0, 1] 661
[0, 0, 0, 1] 728
[0, 0, 0, 1] 747
[0, 0, 0, 1] 839
[0, 0, 0, 1] 887
