VARIABLES 80
NB_OBJ 4
ITEMS
[1, 1, 1, 1] 25
[1, 1, 1, 1] 49
[1, 1, 1, 1] 91
[1, 1, 1, 1] 168
[1, 1, 1, 1] 245
[1, 1, 1, 1] 255
[1, 1, 1, 1] 298
[1, 1, 1, 1] 312
[1, 1, 1, 1] 341
[1, 1, 1, 1] 345
[1, 1, 1, 1] 362
[1, 1, 1, 1] 459
[1, 1, 1, 1] 475
[1, 1, 1, 1] 512
[1, 1, 1, 1] 658
[1, 1, 1, 1] 685
[1, 1, 1, 1] 727
[1, 1, 1, 1] 775
[1, 1, 1, 1] 797
[1, 1, 1, 1] 932
[1, 1, 1, 1] 938
[1, 1, 1, 1] 1000
[0, 1, 1, 1] 89
[0, 1, 1, 1] 107
[0, 1, 1, 1] 128
[0, 1, 1, 1] 140
[0, 1, 1, 1] 153
[0, 1, 1, 1] 310
[0, 1, 1, 1] 341
[0, 1, 1, 1] 367
[0, 1, 1, 1] 508
[0, 1, 1, 1] 519
[0, 1, 1, 1] 538
[0, 1, 1, 1] 547
[0, 1, 1, 1] 549
[0, 1, 1, 1] 738
[0, 1, 1, 1] 876
[0, 1, 1, 1] 887
[0, 1, 1, 1] 921
[0, 1, 1, 1] 991
[0, 0, 1, 1] 13
[0, 0, 1, 1] 94
[0, 0, 1, 1] 197
[0, 0, 1, 1] 233
[0, 0, 1, 1] 352
[0, 0, 1, 1] 364
[0, 0, 1, 1] 370
[0, 0, 1, 1] 372
[0, 0, 1, 1] 486
[0, 0, 1, 1] 576
[0, 0, 1, 1] 608
[0, 0, 1, 1] 610
[0, 0, 1, 1] 616
[0, 0, 1, 1] 672
[0, 0, 1, 1] 694
[0, 0, 1, 1] 806
[0, 0, 1, 1] 848
[0, 0, 1, 1] 940
[0, 0, 0, 1] 6
[0, 0, 0, 1] 45
[0, 0, 0, 1] 60
[0, 0, 0, 1] 116
[0, 0, 0, 1] 123
[0, 0, 0, 1] 125
[0, 0, 0, 1] 171
[0, 0, 0, 1] 213
[0, 0, 0, 1] 245
[0, 0, 0, 1] 261
[0, 0, 0, 1] 319
[0, 0, 0, 1] 389
[0, 0, 0, 1] 439
[0, 0, 0, 1] 450
[0, 0, 0, 1] 488
[0, 0, 0, 1] 489
[0, 0, 0, 1] 584
[0, 0, 0, 1] 601
[0, 0, 0, 1] 709
[0, 0, 0, 1] 751
[0, 0, 0, 1] 804
[0, 0, 0, 1] 929
