VARIABLES 80
NB_OBJ 4
ITEMS
[1, 1, 1, 1] 5
[1, 1, 1, 1] 32
[1, 1, 1, 1] 194
[1, 1, 1, 1] 347
[1, 1, 1, 1] 369
[1, 1, 1, 1] 370
[1, 1, 1, 1] 483
[1, 1, 1, 1] 554
[1, 1, 1, 1] 714
[1, 1, 1, 1] 743
[1, 1, 1, 1] 753
[1, 1, 1, 1] 931
[1, 1, 1, 1] 948
[1, 1, 1, 1] 959
[1, 1, 1, 1] 962
[1, 1, 1, 1] 962
[1, 1, 1, 1] 980
[1, 1, 1, 1] 984
[1, 1, 1, 1] 991
[0, 1, 1, 1] 31
[0, 1, 1, 1] 49
[0, 1, 1, 1] 102
[0, 1, 1, 1] 204
[0, 1, 1, 1] 226
[0, 1, 1, 1] 252
[0, 1, 1, 1] 320
[0, 1, 1, 1] 342
[0, 1, 1, 1] 361
[0, 1, 1, 1] 409
[0, 1, 1, 1] 445
[0, 1, 1, 1] 513
[0, 1, 1, 1] 558
[0, 1, 1, 1] 566
[0, 1, 1, 1] 599
[0, 1, 1, 1] 723
[0, 1, 1, 1] 729
[0, 1, 1, 1] 739
[0, 1, 1, 1] 860
[0, 0, 1, 1] 7
[0, 0, 1, 1] 38
[0, 0, 1, 1] 54
[0, 0, 1, 1] 143
[0, 0, 1, 1] 249
[0, 0, 1, 1] 279
[0, 0, 1, 1] 370
[0, 0, 1, 1] 551
[0, 0, 1, 1] 551
[0, 0, 1, 1] 664
[0, 0, 1, 1] 678
[0, 0, 1, 1] 680
[0, 0, 1, 1] 692
[0, 0, 1, 1] 775
[0, 0, 1, 1] 823
[0, 0, 1, 1] 854
[0, 0, 1, 1] 891
[0, 0, 1, 1] 906
[0, 0, 1, 1] 928
[0, 0, 1, 1] 957
[0, 0, 0, 1] 26
[0, 0, 0, 1] 37
[0, 0, 0, 1] 39
[0, 0, 0, 1] 85
[0, 0, 0, 1] 136
[0, 0, 0, 1] 223
[0, 0, 0, 1] 245
[0, 0, 0, 1] 411
[0, 0, 0, 1] 442
[0, 0, 0, 1] 452
[0, 0, 0, 1] 496
[0, 0, 0, 1] 521
[0, 0, 0, 1] 553
[0, 0, 0, 1] 555
[0, 0, 0, 1] 584
[0, 0, 0, 1] 598
[0, 0, 0, 1] 722
[0, 0, 0, 1] 755
[0, 0, 0, 1] 867
[0, 0, 0, 1] 879
[0, 0, 0, 1] 889
[0, 0, 0, 1] 958
