VARIABLES 80
NB_OBJ 4
ITEMS
[1, 1, 1, 1] 99
[1, 1, 1, 1] 171
[1, 1, 1, 1] 189
[1, 1, 1, 1] 238
[1, 1, 1, 1] 282
[1, 1, 1, 1] 293
[1, 1, 1, 1] 310
[1, 1, 1, 1] 332
[1, 1, 1, 1] 359
[1, 1, 1, 1] 374
[1, 1, 1, 1] 420
[1, 1, 1, 1] 421
[1, 1, 1, 1] 479
[1, 1, 1, 1] 486
[1, 1, 1, 1] 645
[1, 1, 1, 1] 655
[1, 1, 1, 1] 693
[1, 1, 1, 1] 719
[1, 1, 1, 1] 721
[1, 1, 1, 1] 749
[1, 1, 1, 1] 994
[0, 1, 1, 1] 7
[0, 1, 1, 1] 15
[0, 1, 1, 1] 169
[0, 1, 1, 1] 199
[0, 1, 1, 1] 276
[0, 1, 1, 1] 330
[0, 1, 1, 1] 375
[0, 1, 1, 1] 396
[0, 1, 1, 1] 442
[0, 1, 1, 1] 516
[0, 1, 1, 1] 536
[0, 1, 1, 1] 582
[0, 1, 1, 1] 590
[0, 1, 1, 1] 611
[0, 1, 1, 1] 613
[0, 1, 1, 1] 784
[0, 1, 1, 1] 828
[0, 1, 1, 1] 944
[0, 1, 1, 1] 996
[0, 0, 1, 1] 25
[0, 0, 1, 1] 84
[0, 0, 1, 1] 165
[0, 0, 1, 1] 201
[0, 0, 1, 1] 262
[0, 0, 1, 1] 398
[0, 0, 1, 1] 436
[0, 0, 1, 1] 438
[0, 0, 1, 1] 452
[0, 0, 1, 1] 463
[0, 0, 1, 1] 477
[0, 0, 1, 1] 516
[0, 0, 1, 1] 531
[0, 0, 1, 1] 552
[0, 0, 1, 1] 577
[0, 0, 1, 1] 578
[0, 0, 1, 1] 722
[0, 0, 1, 1] 758
[0, 0, 1, 1] 808
[0, 0, 1, 1] 809
[0, 0, 1, 1] 837
[0, 0, 1, 1] 873
[0, 0, 1, 1] 993
[0, 0, 0, 1] 1
[0, 0, 0, 1] 20
[0, 0, 0, 1] 58
[0, 0, 0, 1] 172
[0, 0, 0, 1] 218
[0, 0, 0, 1] 273
[0, 0, 0, 1] 282
[0, 0, 0, 1] 294
[0, 0, 0, 1] 315
[0, 0, 0, 1] 364
[0, 0, 0, 1] 410
[0, 0, 0, 1] 505
[0, 0, 0, 1] 529
[0, 0, 0, 1] 633
[0, 0, 0, 1] 661
[0, 0, 0, 1] 765
[0, 0, 0, 1] 826
