VARIABLES 80
NB_OBJ 4
ITEMS
[1, 1, 1, 1] 3
[1, 1, 1, 1] 27
[1, 1, 1, 1] 101
[1, 1, 1, 1] 121
[1, 1, 1, 1] 135
[1, 1, 1, 1] 230
[1, 1, 1, 1] 300
[1, 1, 1, 1] 355
[1, 1, 1, 1] 524
[1, 1, 1, 1] 555
[1, 1, 1, 1] 570
[1, 1, 1, 1] 571
[1, 1, 1, 1] 684
[1, 1, 1, 1] 734
[1, 1, 1, 1] 923
[1, 1, 1, 1] 964
[0, 1, 1, 1] 41
[0, 1, 1, 1] 49
[0, 1, 1, 1] 126
[0, 1, 1, 1] 212
[0, 1, 1, 1] 261
[0, 1, 1, 1] 274
[0, 1, 1, 1] 311
[0, 1, 1, 1] 312
[0, 1, 1, 1] 315
[0, 1, 1, 1] 322
[0, 1, 1, 1] 353
[0, 1, 1, 1] 374
[0, 1, 1, 1] 378
[0, 1, 1, 1] 397
[0, 1, 1, 1] 461
[0, 1, 1, 1] 507
[0, 1, 1, 1] 513
[0, 1, 1, 1] 594
[0, 1, 1, 1] 610
[0, 1, 1, 1] 632
[0, 1, 1, 1] 723
[0, 1, 1, 1] 800
[0, 1, 1, 1] 893
[0, 1, 1, 1] 898
[0, 1, 1, 1] 923
[0, 1, 1, 1] 933
[0, 0, 1, 1] 158
[0, 0, 1, 1] 206
[0, 0, 1, 1] 212
[0, 0, 1, 1] 268
[0, 0, 1, 1] 275
[0, 0, 1, 1] 352
[0, 0, 1, 1] 508
[0, 0, 1, 1] 511
[0, 0, 1, 1] 575
[0, 0, 1, 1] 763
[0, 0, 1, 1] 774
[0, 0, 1, 1] 810
[0, 0, 1, 1] 821
[0, 0, 1, 1] 855
[0, 0, 1, 1] 860
[0, 0, 1, 1] 880
[0, 0, 1, 1] 914
[0, 0, 1, 1] 978
[0, 0, 0, 1] 15
[0, 0, 0, 1] 73
[0, 0, 0, 1] 82
[0, 0, 0, 1] 85
[0, 0, 0, 1] 189
[0, 0, 0, 1] 260
[0, 0, 0, 1] 268
[0, 0, 0, 1] 296
[0, 0, 0, 1] 300
[0, 0, 0, 1] 384
[0, 0, 0, 1] 534
[0, 0, 0, 1] 591
[0, 0, 0, 1] 694
[0, 0, 0, 1] 709
[0, 0, 0, 1] 734
[0, 0, 0, 1] 790
[0, 0, 0, 1] 804
[0, 0, 0, 1] 845
[0, 0, 0, 1] 883
[0, 0, 0, 1] 912
