VARIABLES 80
NB_OBJ 4
ITEMS
[1, 1, 1, 1] 86
[1, 1, 1, 1] 90
[1, 1, 1, 1] 237
[1, 1, 1, 1] 281
[1, 1, 1, 1] 343
[1, 1, 1, 1] 549
[1, 1, 1, 1] 558
[1, 1, 1, 1] 609
[1, 1, 1, 1] 647
[1, 1, 1, 1] 662
[1, 1, 1, 1] 714
[1, 1, 1, 1] 765
[1, 1, 1, 1] 788
[1, 1, 1, 1] 955
[1, 1, 1, 1] 969
[0, 1, 1, 1] 4
[0, 1, 1, 1] 13
[0, 1, 1, 1] 93
[0, 1, 1, 1] 166
[0, 1, 1, 1] 280
[0, 1, 1, 1] 299
[0, 1, 1, 1] 314
[0, 1, 1, 1] 342
[0, 1, 1, 1] 374
[0, 1, 1, 1] 402
[0, 1, 1, 1] 417
[0, 1, 1, 1] 478
[0, 1, 1, 1] 501
[0, 1, 1, 1] 511
[0, 1, 1, 1] 515
[0, 1, 1, 1] 559
[0, 1, 1, 1] 559
[0, 1, 1, 1] 684
[0, 1, 1, 1] 685
[0, 1, 1, 1] 687
[0, 1, 1, 1] 723
[0, 1, 1, 1] 725
[0, 1, 1, 1] 791
[0, 1, 1, 1] 829
[0, 1, 1, 1] 835
[0, 1, 1, 1] 950
[0, 1, 1, 1] 990
[0, 0, 1, 1] 32
[0, 0, 1, 1] 76
[0, 0, 1, 1] 99
[0, 0, 1, 1] 485
[0, 0, 1, 1] 654
[0, 0, 1, 1] 666
[0, 0, 1, 1] 694
[0, 0, 1, 1] 769
[0, 0, 1, 1] 788
[0, 0, 1, 1] 801
[0, 0, 1, 1] 811
[0, 0, 1, 1] 869
[0, 0, 1, 1] 872
[0, 0, 1, 1] 921
[0, 0, 1, 1] 940
[0, 0, 1, 1] 972
[0, 0, 0, 1] 57
[0, 0, 0, 1] 117
[0, 0, 0, 1] 171
[0, 0, 0, 1] 194
[0, 0, 0, 1] 298
[0, 0, 0, 1] 304
[0, 0, 0, 1] 358
[0, 0, 0, 1] 371
[0, 0, 0, 1] 376
[0, 0, 0, 1] 541
[0, 0, 0, 1] 658
[0, 0, 0, 1] 697
[0, 0, 0, 1] 765
[0, 0, 0, 1] 774
[0, 0, 0, 1] 809
[0, 0, 0, 1] 817
[0, 0, 0, 1] 896
[0, 0, 0, 1] 900
[0, 0, 0, 1] 937
[0, 0, 0, 1] 946
[0, 0, 0, 1] 984
[0, 0, 0, 1] 994
