VARIABLES 80
NB_OBJ 4
ITEMS
[1, 1, 1, 1] 100
[1, 1, 1, 1] 105
[1, 1, 1, 1] 205
[1, 1, 1, 1] 254
[1, 1, 1, 1] 340
[1, 1, 1, 1] 351
[1, 1, 1, 1] 518
[1, 1, 1, 1] 570
[1, 1, 1, 1] 694
[1, 1, 1, 1] 745
[1, 1, 1, 1] 745
[1, 1, 1, 1] 847
[1, 1, 1, 1] 948
[0, 1, 1, 1] 1
[0, 1, 1, 1] 53
[0, 1, 1, 1] 265
[0, 1, 1, 1] 302
[0, 1, 1, 1] 412
[0, 1, 1, 1] 505
[0, 1, 1, 1] 516
[0, 1, 1, 1] 540
[0, 1, 1, 1] 551
[0, 1, 1, 1] 583
[0, 1, 1, 1] 604
[0, 1, 1, 1] 633
[0, 1, 1, 1] 672
[0, 1, 1, 1] 760
[0, 1, 1, 1] 935
[0, 1, 1, 1] 987
[0, 1, 1, 1] 995
[0, 0, 1, 1] 38
[0, 0, 1, 1] 88
[0, 0, 1, 1] 92
[0, 0, 1, 1] 119
[0, 0, 1, 1] 147
[0, 0, 1, 1] 179
[0, 0, 1, 1] 327
[0, 0, 1, 1] 331
[0, 0, 1, 1] 361
[0, 0, 1, 1] 361
[0, 0, 1, 1] 460
[0, 0, 1, 1] 501
[0, 0, 1, 1] 534
[0, 0, 1, 1] 665
[0, 0, 1, 1] 670
[0, 0, 1, 1] 700
[0, 0, 1, 1] 700
[0, 0, 1, 1] 737
[0, 0, 1, 1] 776
[0, 0, 1, 1] 845
[0, 0, 1, 1] 883
[0, 0, 1, 1] 891
[0, 0, 1, 1] 927
[0, 0, 1, 1] 948
[0, 0, 0, 1] 7
[0, 0, 0, 1] 44
[0, 0, 0, 1] 53
[0, 0, 0, 1] 85
[0, 0, 0, 1] 97
[0, 0, 0, 1] 123
[0, 0, 0, 1] 391
[0, 0, 0, 1] 398
[0, 0, 0, 1] 417
[0, 0, 0, 1] 428
[0, 0, 0, 1] 438
[0, 0, 0, 1] 439
[0, 0, 0, 1] 480
[0, 0, 0, 1] 483
[0, 0, 0, 1] 495
[0, 0, 0, 1] 547
[0, 0, 0, 1] 585
[0, 0, 0, 1] 631
[0, 0, 0, 1] 723
[0, 0, 0, 1] 724
[0, 0, 0, 1] 823
[0, 0, 0, 1] 855
[0, 0, 0, 1] 857
[0, 0, 0, 1] 898
[0, 0, 0, 1] 929
[0, 0, 0, 1] 933
