VARIABLES 80
NB_OBJ 4
ITEMS
[1, 1, 1, 1] 63
[1, 1, 1, 1] 178
[1, 1, 1, 1] 274
[1, 1, 1, 1] 410
[1, 1, 1, 1] 428
[1, 1, 1, 1] 496
[1, 1, 1, 1] 547
[1, 1, 1, 1] 629
[1, 1, 1, 1] 643
[1, 1, 1, 1] 700
[1, 1, 1, 1] 733
[1, 1, 1, 1] 735
[1, 1, 1, 1] 840
[1, 1, 1, 1] 841
[0, 1, 1, 1] 50
[0, 1, 1, 1] 125
[0, 1, 1, 1] 209
[0, 1, 1, 1] 223
[0, 1, 1, 1] 243
[0, 1, 1, 1] 256
[0, 1, 1, 1] 270
[0, 1, 1, 1] 273
[0, 1, 1, 1] 401
[0, 1, 1, 1] 412
[0, 1, 1, 1] 420
[0, 1, 1, 1] 488
[0, 1, 1, 1] 612
[0, 1, 1, 1] 627
[0, 1, 1, 1] 717
[0, 1, 1, 1] 717
[0, 1, 1, 1] 798
[0, 1, 1, 1] 802
[0, 1, 1, 1] 811
[0, 1, 1, 1] 820
[0, 1, 1, 1] 840
[0, 1, 1, 1] 865
[0, 1, 1, 1] 886
[0, 1, 1, 1] 902
[0, 1, 1, 1] 919
[0, 1, 1, 1] 980
[0, 0, 1, 1] 40
[0, 0, 1, 1] 61
[0, 0, 1, 1] 185
[0, 0, 1, 1] 278
[0, 0, 1, 1] 310
[0, 0, 1, 1] 319
[0, 0, 1, 1] 330
[0, 0, 1, 1] 410
[0, 0, 1, 1] 640
[0, 0, 1, 1] 653
[0, 0, 1, 1] 724
[0, 0, 1, 1] 890
[0, 0, 1, 1] 897
[0, 0, 1, 1] 927
[0, 0, 1, 1] 965
[0, 0, 1, 1] 989
[0, 0, 0, 1] 20
[0, 0, 0, 1] 21
[0, 0, 0, 1] 40
[0, 0, 0, 1] 135
[0, 0, 0, 1] 144
[0, 0, 0, 1] 148
[0, 0, 0, 1] 186
[0, 0, 0, 1] 187
[0, 0, 0, 1] 192
[0, 0, 0, 1] 227
[0, 0, 0, 1] 236
[0, 0, 0, 1] 323
[0, 0, 0, 1] 328
[0, 0, 0, 1] 337
[0, 0, 0, 1] 377
[0, 0, 0, 1] 396
[0, 0, 0, 1] 533
[0, 0, 0, 1] 613
[0, 0, 0, 1] 653
[0, 0, 0, 1] 689
[0, 0, 0, 1] 793
[0, 0, 0, 1] 813
[0, 0, 0, 1] 831
[0, 0, 0, 1] 962
