VARIABLES 80
NB_OBJ 4
ITEMS
[1, 1, 1, 1] 33
[1, 1, 1, 1] 33
[1, 1, 1, 1] 56
[1, 1, 1, 1] 64
[1, 1, 1, 1] 115
[1, 1, 1, 1] 190
[1, 1, 1, 1] 246
[1, 1, 1, 1] 248
[1, 1, 1, 1] 260
[1, 1, 1, 1] 351
[1, 1, 1, 1] 395
[1, 1, 1, 1] 459
[1, 1, 1, 1] 527
[1, 1, 1, 1] 856
[1, 1, 1, 1] 863
[1, 1, 1, 1] 864
[1, 1, 1, 1] 873
[1, 1, 1, 1] 909
[1, 1, 1, 1] 941
[1, 1, 1, 1] 949
[0, 1, 1, 1] 9
[0, 1, 1, 1] 11
[0, 1, 1, 1] 60
[0, 1, 1, 1] 83
[0, 1, 1, 1] 113
[0, 1, 1, 1] 117
[0, 1, 1, 1] 228
[0, 1, 1, 1] 240
[0, 1, 1, 1] 270
[0, 1, 1, 1] 273
[0, 1, 1, 1] 405
[0, 1, 1, 1] 453
[0, 1, 1, 1] 490
[0, 1, 1, 1] 507
[0, 1, 1, 1] 632
[0, 1, 1, 1] 663
[0, 1, 1, 1] 685
[0, 1, 1, 1] 690
[0, 1, 1, 1] 726
[0, 1, 1, 1] 770
[0, 1, 1, 1] 799
[0, 1, 1, 1] 902
[0, 0, 1, 1] 60
[0, 0, 1, 1] 90
[0, 0, 1, 1] 106
[0, 0, 1, 1] 112
[0, 0, 1, 1] 112
[0, 0, 1, 1] 274
[0, 0, 1, 1] 421
[0, 0, 1, 1] 465
[0, 0, 1, 1] 510
[0, 0, 1, 1] 560
[0, 0, 1, 1] 560
[0, 0, 1, 1] 594
[0, 0, 1, 1] 670
[0, 0, 1, 1] 823
[0, 0, 1, 1] 829
[0, 0, 1, 1] 915
[0, 0, 1, 1] 984
[0, 0, 0, 1] 8
[0, 0, 0, 1] 41
[0, 0, 0, 1] 151
[0, 0, 0, 1] 293
[0, 0, 0, 1] 388
[0, 0, 0, 1] 392
[0, 0, 0, 1] 481
[0, 0, 0, 1] 514
[0, 0, 0, 1] 524
[0, 0, 0, 1] 597
[0, 0, 0, 1] 625
[0, 0, 0, 1] 769
[0, 0, 0, 1] 851
[0, 0, 0, 1] 905
[0, 0, 0, 1] 919
[0, 0, 0, 1] 940
[0, 0, 0, 1] 953
[0, 0, 0, 1] 954
[0, 0, 0, 1] 974
[0, 0, 0, 1] 977
[0, 0, 0, 1] 995
