VARIABLES 80
NB_OBJ 4
ITEMS
[1, 1, 1, 1] 14
[1, 1, 1, 1] 37
[1, 1, 1, 1] 60
[1, 1, 1, 1] 64
[1, 1, 1, 1] 200
[1, 1, 1, 1] 233
[1, 1, 1, 1] 266
[1, 1, 1, 1] 369
[1, 1, 1, 1] 398
[1, 1, 1, 1] 405
[1, 1, 1, 1] 427
[1, 1, 1, 1] 448
[1, 1, 1, 1] 629
[1, 1, 1, 1] 669
[1, 1, 1, 1] 672
[1, 1, 1, 1] 698
[1, 1, 1, 1] 732
[1, 1, 1, 1] 791
[1, 1, 1, 1] 808
[1, 1, 1, 1] 911
[1, 1, 1, 1] 1000
[0, 1, 1, 1] 13
[0, 1, 1, 1] 222
[0, 1, 1, 1] 222
[0, 1, 1, 1] 235
[0, 1, 1, 1] 333
[0, 1, 1, 1] 380
[0, 1, 1, 1] 754
[0, 1, 1, 1] 837
[0, 1, 1, 1] 845
[0, 1, 1, 1] 955
[0, 1, 1, 1] 970
[0, 0, 1, 1] 24
[0, 0, 1, 1] 33
[0, 0, 1, 1] 157
[0, 0, 1, 1] 258
[0, 0, 1, 1] 269
[0, 0, 1, 1] 285
[0, 0, 1, 1] 332
[0, 0, 1, 1] 426
[0, 0, 1, 1] 466
[0, 0, 1, 1] 559
[0, 0, 1, 1] 560
[0, 0, 1, 1] 564
[0, 0, 1, 1] 644
[0, 0, 1, 1] 669
[0, 0, 1, 1] 673
[0, 0, 1, 1] 681
[0, 0, 1, 1] 771
[0, 0, 1, 1] 827
[0, 0, 1, 1] 965
[0, 0, 1, 1] 996
[0, 0, 0, 1] 68
[0, 0, 0, 1] 111
[0, 0, 0, 1] 117
[0, 0, 0, 1] 154
[0, 0, 0, 1] 155
[0, 0, 0, 1] 187
[0, 0, 0, 1] 189
[0, 0, 0, 1] 201
[0, 0, 0, 1] 206
[0, 0, 0, 1] 301
[0, 0, 0, 1] 334
[0, 0, 0, 1] 360
[0, 0, 0, 1] 382
[0, 0, 0, 1] 389
[0, 0, 0, 1] 459
[0, 0, 0, 1] 460
[0, 0, 0, 1] 481
[0, 0, 0, 1] 488
[0, 0, 0, 1] 501
[0, 0, 0, 1] 508
[0, 0, 0, 1] 509
[0, 0, 0, 1] 642
[0, 0, 0, 1] 664
[0, 0, 0, 1] 769
[0, 0, 0, 1] 849
[0, 0, 0, 1] 918
[0, 0, 0, 1] 944
[0, 0, 0, 1] 971
