VARIABLES 80
NB_OBJ 4
ITEMS
[1, 1, 1, 1] 24
[1, 1, 1, 1] 27
[1, 1, 1, 1] 52
[1, 1, 1, 1] 131
[1, 1, 1, 1] 132
[1, 1, 1, 1] 202
[1, 1, 1, 1] 239
[1, 1, 1, 1] 257
[1, 1, 1, 1] 320
[1, 1, 1, 1] 425
[1, 1, 1, 1] 427
[1, 1, 1, 1] 476
[1, 1, 1, 1] 622
[1, 1, 1, 1] 629
[1, 1, 1, 1] 687
[1, 1, 1, 1] 712
[1, 1, 1, 1] 747
[1, 1, 1, 1] 753
[1, 1, 1, 1] 889
[0, 1, 1, 1] 18
[0, 1, 1, 1] 21
[0, 1, 1, 1] 95
[0, 1, 1, 1] 154
[0, 1, 1, 1] 241
[0, 1, 1, 1] 284
[0, 1, 1, 1] 323
[0, 1, 1, 1] 371
[0, 1, 1, 1] 378
[0, 1, 1, 1] 431
[0, 1, 1, 1] 445
[0, 1, 1, 1] 483
[0, 1, 1, 1] 533
[0, 1, 1, 1] 607
[0, 1, 1, 1] 646
[0, 1, 1, 1] 653
[0, 1, 1, 1] 689
[0, 1, 1, 1] 751
[0, 1, 1, 1] 818
[0, 1, 1, 1] 936
[0, 1, 1, 1] 941
[0, 0, 1, 1] 34
[0, 0, 1, 1] 110
[0, 0, 1, 1] 155
[0, 0, 1, 1] 202
[0, 0, 1, 1] 202
[0, 0, 1, 1] 301
[0, 0, 1, 1] 311
[0, 0, 1, 1] 349
[0, 0, 1, 1] 427
[0, 0, 1, 1] 464
[0, 0, 1, 1] 503
[0, 0, 1, 1] 522
[0, 0, 1, 1] 572
[0, 0, 1, 1] 584
[0, 0, 1, 1] 687
[0, 0, 1, 1] 697
[0, 0, 1, 1] 785
[0, 0, 1, 1] 981
[0, 0, 0, 1] 25
[0, 0, 0, 1] 158
[0, 0, 0, 1] 185
[0, 0, 0, 1] 223
[0, 0, 0, 1] 224
[0, 0, 0, 1] 227
[0, 0, 0, 1] 288
[0, 0, 0, 1] 318
[0, 0, 0, 1] 370
[0, 0, 0, 1] 432
[0, 0, 0, 1] 517
[0, 0, 0, 1] 557
[0, 0, 0, 1] 584
[0, 0, 0, 1] 619
[0, 0, 0, 1] 693
[0, 0, 0, 1] 717
[0, 0, 0, 1] 727
[0, 0, 0, 1] 798
[0, 0, 0, 1] 846
[0, 0, 0, 1] 846
[0, 0, 0, 1] 923
[0, 0, 0, 1] 983
