VARIABLES 80
NB_OBJ 4
ITEMS
[1, 1, 1, 1] 25
[1, 1, 1, 1] 116
[1, 1, 1, 1] 144
[1, 1, 1, 1] 295
[1, 1, 1, 1] 319
[1, 1, 1, 1] 541
[1, 1, 1, 1] 551
[1, 1, 1, 1] 638
[1, 1, 1, 1] 645
[1, 1, 1, 1] 647
[1, 1, 1, 1] 714
[1, 1, 1, 1] 772
[1, 1, 1, 1] 850
[1, 1, 1, 1] 851
[1, 1, 1, 1] 870
[1, 1, 1, 1] 874
[1, 1, 1, 1] 880
[1, 1, 1, 1] 919
[1, 1, 1, 1] 941
[1, 1, 1, 1] 952
[1, 1, 1, 1] 999
[0, 1, 1, 1] 66
[0, 1, 1, 1] 240
[0, 1, 1, 1] 496
[0, 1, 1, 1] 528
[0, 1, 1, 1] 560
[0, 1, 1, 1] 582
[0, 1, 1, 1] 729
[0, 1, 1, 1] 730
[0, 1, 1, 1] 737
[0, 1, 1, 1] 749
[0, 1, 1, 1] 800
[0, 1, 1, 1] 860
[0, 1, 1, 1] 937
[0, 1, 1, 1] 940
[0, 1, 1, 1] 973
[0, 1, 1, 1] 982
[0, 0, 1, 1] 48
[0, 0, 1, 1] 70
[0, 0, 1, 1] 86
[0, 0, 1, 1] 339
[0, 0, 1, 1] 341
[0, 0, 1, 1] 398
[0, 0, 1, 1] 450
[0, 0, 1, 1] 480
[0, 0, 1, 1] 523
[0, 0, 1, 1] 539
[0, 0, 1, 1] 598
[0, 0, 1, 1] 628
[0, 0, 1, 1] 720
[0, 0, 1, 1] 794
[0, 0, 1, 1] 817
[0, 0, 1, 1] 929
[0, 0, 1, 1] 975
[0, 0, 1, 1] 982
[0, 0, 0, 1] 93
[0, 0, 0, 1] 102
[0, 0, 0, 1] 121
[0, 0, 0, 1] 149
[0, 0, 0, 1] 161
[0, 0, 0, 1] 267
[0, 0, 0, 1] 277
[0, 0, 0, 1] 319
[0, 0, 0, 1] 345
[0, 0, 0, 1] 350
[0, 0, 0, 1] 359
[0, 0, 0, 1] 388
[0, 0, 0, 1] 394
[0, 0, 0, 1] 426
[0, 0, 0, 1] 500
[0, 0, 0, 1] 512
[0, 0, 0, 1] 538
[0, 0, 0, 1] 543
[0, 0, 0, 1] 577
[0, 0, 0, 1] 686
[0, 0, 0, 1] 727
[0, 0, 0, 1] 730
[0, 0, 0, 1] 755
[0, 0, 0, 1] 772
[0, 0, 0, 1] 911
