VARIABLES 80
NB_OBJ 4
ITEMS
[1, 1, 1, 1] 44
[1, 1, 1, 1] 77
[1, 1, 1, 1] 92
[1, 1, 1, 1] 127
[1, 1, 1, 1] 136
[1, 1, 1, 1] 316
[1, 1, 1, 1] 358
[1, 1, 1, 1] 362
[1, 1, 1, 1] 441
[1, 1, 1, 1] 469
[1, 1, 1, 1] 489
[1, 1, 1, 1] 499
[1, 1, 1, 1] 561
[1, 1, 1, 1] 755
[1, 1, 1, 1] 768
[1, 1, 1, 1] 775
[1, 1, 1, 1] 925
[1, 1, 1, 1] 956
[1, 1, 1, 1] 990
[0, 1, 1, 1] 16
[0, 1, 1, 1] 19
[0, 1, 1, 1] 20
[0, 1, 1, 1] 44
[0, 1, 1, 1] 198
[0, 1, 1, 1] 199
[0, 1, 1, 1] 257
[0, 1, 1, 1] 274
[0, 1, 1, 1] 279
[0, 1, 1, 1] 284
[0, 1, 1, 1] 337
[0, 1, 1, 1] 546
[0, 1, 1, 1] 617
[0, 1, 1, 1] 677
[0, 1, 1, 1] 822
[0, 1, 1, 1] 969
[0, 0, 1, 1] 125
[0, 0, 1, 1] 166
[0, 0, 1, 1] 271
[0, 0, 1, 1] 291
[0, 0, 1, 1] 326
[0, 0, 1, 1] 426
[0, 0, 1, 1] 452
[0, 0, 1, 1] 467
[0, 0, 1, 1] 480
[0, 0, 1, 1] 540
[0, 0, 1, 1] 560
[0, 0, 1, 1] 581
[0, 0, 1, 1] 603
[0, 0, 1, 1] 607
[0, 0, 1, 1] 645
[0, 0, 1, 1] 659
[0, 0, 1, 1] 705
[0, 0, 1, 1] 732
[0, 0, 1, 1] 743
[0, 0, 1, 1] 758
[0, 0, 1, 1] 887
[0, 0, 0, 1] 22
[0, 0, 0, 1] 43
[0, 0, 0, 1] 63
[0, 0, 0, 1] 65
[0, 0, 0, 1] 86
[0, 0, 0, 1] 95
[0, 0, 0, 1] 146
[0, 0, 0, 1] 197
[0, 0, 0, 1] 226
[0, 0, 0, 1] 297
[0, 0, 0, 1] 358
[0, 0, 0, 1] 381
[0, 0, 0, 1] 403
[0, 0, 0, 1] 431
[0, 0, 0, 1] 458
[0, 0, 0, 1] 459
[0, 0, 0, 1] 471
[0, 0, 0, 1] 539
[0, 0, 0, 1] 564
[0, 0, 0, 1] 568
[0, 0, 0, 1] 570
[0, 0, 0, 1] 628
[0, 0, 0, 1] 820
[0, 0, 0, 1] 995
