VARIABLES 80
NB_OBJ 4
ITEMS
[1, 1, 1, 1] 32
[1, 1, 1, 1] 167
[1, 1, 1, 1] 177
[1, 1, 1, 1] 302
[1, 1, 1, 1] 337
[1, 1, 1, 1] 370
[1, 1, 1, 1] 460
[1, 1, 1, 1] 612
[1, 1, 1, 1] 644
[1, 1, 1, 1] 666
[1, 1, 1, 1] 695
[1, 1, 1, 1] 704
[1, 1, 1, 1] 732
[1, 1, 1, 1] 766
[1, 1, 1, 1] 854
[1, 1, 1, 1] 950
[1, 1, 1, 1] 987
[1, 1, 1, 1] 996
[0, 1, 1, 1] 9
[0, 1, 1, 1] 55
[0, 1, 1, 1] 59
[0, 1, 1, 1] 75
[0, 1, 1, 1] 116
[0, 1, 1, 1] 117
[0, 1, 1, 1] 180
[0, 1, 1, 1] 193
[0, 1, 1, 1] 222
[0, 1, 1, 1] 225
[0, 1, 1, 1] 242
[0, 1, 1, 1] 281
[0, 1, 1, 1] 337
[0, 1, 1, 1] 358
[0, 1, 1, 1] 371
[0, 1, 1, 1] 383
[0, 1, 1, 1] 430
[0, 1, 1, 1] 471
[0, 1, 1, 1] 472
[0, 1, 1, 1] 525
[0, 1, 1, 1] 578
[0, 1, 1, 1] 589
[0, 1, 1, 1] 613
[0, 1, 1, 1] 640
[0, 1, 1, 1] 694
[0, 1, 1, 1] 715
[0, 1, 1, 1] 749
[0, 1, 1, 1] 802
[0, 1, 1, 1] 811
[0, 1, 1, 1] 885
[0, 1, 1, 1] 900
[0, 1, 1, 1] 977
[0, 0, 1, 1] 85
[0, 0, 1, 1] 108
[0, 0, 1, 1] 225
[0, 0, 1, 1] 282
[0, 0, 1, 1] 344
[0, 0, 1, 1] 367
[0, 0, 1, 1] 470
[0, 0, 1, 1] 534
[0, 0, 1, 1] 587
[0, 0, 1, 1] 589
[0, 0, 1, 1] 633
[0, 0, 1, 1] 718
[0, 0, 1, 1] 793
[0, 0, 1, 1] 812
[0, 0, 1, 1] 901
[0, 0, 1, 1] 998
[0, 0, 0, 1] 60
[0, 0, 0, 1] 129
[0, 0, 0, 1] 177
[0, 0, 0, 1] 259
[0, 0, 0, 1] 263
[0, 0, 0, 1] 332
[0, 0, 0, 1] 610
[0, 0, 0, 1] 679
[0, 0, 0, 1] 704
[0, 0, 0, 1] 728
[0, 0, 0, 1] 731
[0, 0, 0, 1] 757
[0, 0, 0, 1] 874
[0, 0, 0, 1] 924
