VARIABLES 80
NB_OBJ 4
ITEMS
[1, 1, 1, 1] 40
[1, 1, 1, 1] 68
[1, 1, 1, 1] 72
[1, 1, 1, 1] 180
[1, 1, 1, 1] 188
[1, 1, 1, 1] 213
[1, 1, 1, 1] 235
[1, 1, 1, 1] 246
[1, 1, 1, 1] 277
[1, 1, 1, 1] 397
[1, 1, 1, 1] 403
[1, 1, 1, 1] 472
[1, 1, 1, 1] 500
[1, 1, 1, 1] 507
[1, 1, 1, 1] 557
[1, 1, 1, 1] 608
[1, 1, 1, 1] 613
[1, 1, 1, 1] 638
[1, 1, 1, 1] 684
[1, 1, 1, 1] 723
[1, 1, 1, 1] 832
[1, 1, 1, 1] 836
[1, 1, 1, 1] 980
[0, 1, 1, 1] 25
[0, 1, 1, 1] 29
[0, 1, 1, 1] 88
[0, 1, 1, 1] 155
[0, 1, 1, 1] 189
[0, 1, 1, 1] 193
[0, 1, 1, 1] 285
[0, 1, 1, 1] 288
[0, 1, 1, 1] 293
[0, 1, 1, 1] 329
[0, 1, 1, 1] 333
[0, 1, 1, 1] 352
[0, 1, 1, 1] 492
[0, 1, 1, 1] 520
[0, 1, 1, 1] 681
[0, 1, 1, 1] 723
[0, 1, 1, 1] 783
[0, 1, 1, 1] 787
[0, 1, 1, 1] 796
[0, 1, 1, 1] 961
[0, 0, 1, 1] 101
[0, 0, 1, 1] 230
[0, 0, 1, 1] 318
[0, 0, 1, 1] 326
[0, 0, 1, 1] 327
[0, 0, 1, 1] 333
[0, 0, 1, 1] 375
[0, 0, 1, 1] 414
[0, 0, 1, 1] 443
[0, 0, 1, 1] 548
[0, 0, 1, 1] 658
[0, 0, 1, 1] 696
[0, 0, 1, 1] 776
[0, 0, 1, 1] 860
[0, 0, 0, 1] 40
[0, 0, 0, 1] 47
[0, 0, 0, 1] 127
[0, 0, 0, 1] 166
[0, 0, 0, 1] 203
[0, 0, 0, 1] 377
[0, 0, 0, 1] 380
[0, 0, 0, 1] 395
[0, 0, 0, 1] 468
[0, 0, 0, 1] 532
[0, 0, 0, 1] 551
[0, 0, 0, 1] 568
[0, 0, 0, 1] 601
[0, 0, 0, 1] 619
[0, 0, 0, 1] 622
[0, 0, 0, 1] 668
[0, 0, 0, 1] 722
[0, 0, 0, 1] 725
[0, 0, 0, 1] 740
[0, 0, 0, 1] 774
[0, 0, 0, 1] 842
[0, 0, 0, 1] 890
[0, 0, 0, 1] 956
