VARIABLES 80
NB_OBJ 4
ITEMS
[1, 1, 1, 1] 56
[1, 1, 1, 1] 193
[1, 1, 1, 1] 310
[1, 1, 1, 1] 439
[1, 1, 1, 1] 498
[1, 1, 1, 1] 547
[1, 1, 1, 1] 622
[1, 1, 1, 1] 669
[1, 1, 1, 1] 719
[1, 1, 1, 1] 732
[1, 1, 1, 1] 807
[1, 1, 1, 1] 813
[0, 1, 1, 1] 2
[0, 1, 1, 1] 53
[0, 1, 1, 1] 54
[0, 1, 1, 1] 69
[0, 1, 1, 1] 104
[0, 1, 1, 1] 114
[0, 1, 1, 1] 173
[0, 1, 1, 1] 223
[0, 1, 1, 1] 242
[0, 1, 1, 1] 351
[0, 1, 1, 1] 362
[0, 1, 1, 1] 461
[0, 1, 1, 1] 461
[0, 1, 1, 1] 492
[0, 1, 1, 1] 543
[0, 1, 1, 1] 587
[0, 1, 1, 1] 588
[0, 1, 1, 1] 602
[0, 1, 1, 1] 603
[0, 1, 1, 1] 637
[0, 1, 1, 1] 671
[0, 1, 1, 1] 732
[0, 1, 1, 1] 800
[0, 1, 1, 1] 804
[0, 1, 1, 1] 811
[0, 1, 1, 1] 889
[0, 1, 1, 1] 924
[0, 0, 1, 1] 91
[0, 0, 1, 1] 129
[0, 0, 1, 1] 158
[0, 0, 1, 1] 170
[0, 0, 1, 1] 186
[0, 0, 1, 1] 189
[0, 0, 1, 1] 219
[0, 0, 1, 1] 279
[0, 0, 1, 1] 348
[0, 0, 1, 1] 405
[0, 0, 1, 1] 433
[0, 0, 1, 1] 535
[0, 0, 1, 1] 551
[0, 0, 1, 1] 578
[0, 0, 1, 1] 618
[0, 0, 1, 1] 685
[0, 0, 1, 1] 687
[0, 0, 1, 1] 710
[0, 0, 1, 1] 744
[0, 0, 1, 1] 836
[0, 0, 1, 1] 859
[0, 0, 1, 1] 934
[0, 0, 0, 1] 12
[0, 0, 0, 1] 122
[0, 0, 0, 1] 150
[0, 0, 0, 1] 171
[0, 0, 0, 1] 216
[0, 0, 0, 1] 216
[0, 0, 0, 1] 295
[0, 0, 0, 1] 306
[0, 0, 0, 1] 315
[0, 0, 0, 1] 321
[0, 0, 0, 1] 386
[0, 0, 0, 1] 392
[0, 0, 0, 1] 518
[0, 0, 0, 1] 583
[0, 0, 0, 1] 607
[0, 0, 0, 1] 710
[0, 0, 0, 1] 801
[0, 0, 0, 1] 806
[0, 0, 0, 1] 926
