VARIABLES 80
NB_OBJ 4
ITEMS
[1, 1, 1, 1] 163
[1, 1, 1, 1] 205
[1, 1, 1, 1] 299
[1, 1, 1, 1] 324
[1, 1, 1, 1] 327
[1, 1, 1, 1] 388
[1, 1, 1, 1] 495
[1, 1, 1, 1] 531
[1, 1, 1, 1] 641
[1, 1, 1, 1] 641
[1, 1, 1, 1] 682
[1, 1, 1, 1] 709
[1, 1, 1, 1] 797
[1, 1, 1, 1] 797
[1, 1, 1, 1] 812
[1, 1, 1, 1] 825
[1, 1, 1, 1] 911
[1, 1, 1, 1] 962
[0, 1, 1, 1] 30
[0, 1, 1, 1] 119
[0, 1, 1, 1] 144
[0, 1, 1, 1] 145
[0, 1, 1, 1] 162
[0, 1, 1, 1] 169
[0, 1, 1, 1] 289
[0, 1, 1, 1] 302
[0, 1, 1, 1] 352
[0, 1, 1, 1] 358
[0, 1, 1, 1] 361
[0, 1, 1, 1] 379
[0, 1, 1, 1] 451
[0, 1, 1, 1] 461
[0, 1, 1, 1] 597
[0, 1, 1, 1] 627
[0, 1, 1, 1] 640
[0, 1, 1, 1] 645
[0, 1, 1, 1] 757
[0, 1, 1, 1] 772
[0, 1, 1, 1] 819
[0, 1, 1, 1] 829
[0, 1, 1, 1] 841
[0, 1, 1, 1] 850
[0, 1, 1, 1] 895
[0, 1, 1, 1] 909
[0, 0, 1, 1] 123
[0, 0, 1, 1] 146
[0, 0, 1, 1] 157
[0, 0, 1, 1] 190
[0, 0, 1, 1] 327
[0, 0, 1, 1] 328
[0, 0, 1, 1] 338
[0, 0, 1, 1] 407
[0, 0, 1, 1] 414
[0, 0, 1, 1] 450
[0, 0, 1, 1] 546
[0, 0, 1, 1] 577
[0, 0, 1, 1] 580
[0, 0, 1, 1] 679
[0, 0, 1, 1] 692
[0, 0, 1, 1] 702
[0, 0, 1, 1] 709
[0, 0, 1, 1] 752
[0, 0, 1, 1] 888
[0, 0, 1, 1] 972
[0, 0, 0, 1] 13
[0, 0, 0, 1] 37
[0, 0, 0, 1] 199
[0, 0, 0, 1] 208
[0, 0, 0, 1] 292
[0, 0, 0, 1] 311
[0, 0, 0, 1] 328
[0, 0, 0, 1] 341
[0, 0, 0, 1] 388
[0, 0, 0, 1] 447
[0, 0, 0, 1] 628
[0, 0, 0, 1] 645
[0, 0, 0, 1] 676
[0, 0, 0, 1] 838
[0, 0, 0, 1] 915
[0, 0, 0, 1] 998
