VARIABLES 50
NB_OBJ 4
ITEMS
[1, 1, 1, 1] 752
[1, 1, 1, 1] 759
[1, 1, 1, 1] 776
[1, 1, 1, 1] 781
[1, 1, 1, 1] 781
[1, 1, 1, 1] 861
[1, 1, 1, 1] 883
[1, 1, 1, 1] 899
[1, 1, 1, 1] 912
[1, 1, 1, 1] 952
[1, 1, 1, 1] 991
[1, 1, 1, 1] 999
[0, 1, 1, 1] 520
[0, 1, 1, 1] 534
[0, 1, 1, 1] 588
[0, 1, 1, 1] 595
[0, 1, 1, 1] 627
[0, 1, 1, 1] 639
[0, 1, 1, 1] 640
[0, 1, 1, 1] 681
[0, 0, 1, 1] 274
[0, 0, 1, 1] 301
[0, 0, 1, 1] 335
[0, 0, 1, 1] 337
[0, 0, 1, 1] 339
[0, 0, 1, 1] 341
[0, 0, 1, 1] 369
[0, 0, 1, 1] 386
[0, 0, 1, 1] 405
[0, 0, 1, 1] 415
[0, 0, 1, 1] 422
[0, 0, 1, 1] 442
[0, 0, 1, 1] 459
[0, 0, 1, 1] 487
[0, 0, 1, 1] 496
[0, 0, 1, 1] 496
[0, 0, 0, 1] 16
[0, 0, 0, 1] 22
[0, 0, 0, 1] 32
[0, 0, 0, 1] 37
[0, 0, 0, 1] 70
[0, 0, 0, 1] 83
[0, 0, 0, 1] 96
[0, 0, 0, 1] 127
[0, 0, 0, 1] 138
[0, 0, 0, 1] 195
[0, 0, 0, 1] 200
[0, 0, 0, 1] 218
[0, 0, 0, 1] 222
[0, 0, 0, 1] 226
