VARIABLES 50
NB_OBJ 4
ITEMS
[1, 1, 1, 1] 790
[1, 1, 1, 1] 796
[1, 1, 1, 1] 798
[1, 1, 1, 1] 808
[1, 1, 1, 1] 844
[1, 1, 1, 1] 851
[1, 1, 1, 1] 860
[1, 1, 1, 1] 870
[1, 1, 1, 1] 921
[1, 1, 1, 1] 933
[1, 1, 1, 1] 966
[1, 1, 1, 1] 970
[1, 1, 1, 1] 987
[0, 1, 1, 1] 508
[0, 1, 1, 1] 547
[0, 1, 1, 1] 555
[0, 1, 1, 1] 570
[0, 1, 1, 1] 600
[0, 1, 1, 1] 649
[0, 1, 1, 1] 657
[0, 1, 1, 1] 675
[0, 1, 1, 1] 694
[0, 1, 1, 1] 711
[0, 1, 1, 1] 744
[0, 0, 1, 1] 268
[0, 0, 1, 1] 284
[0, 0, 1, 1] 286
[0, 0, 1, 1] 288
[0, 0, 1, 1] 292
[0, 0, 1, 1] 310
[0, 0, 1, 1] 349
[0, 0, 1, 1] 368
[0, 0, 1, 1] 385
[0, 0, 1, 1] 463
[0, 0, 1, 1] 490
[0, 0, 1, 1] 491
[0, 0, 1, 1] 498
[0, 0, 0, 1] 47
[0, 0, 0, 1] 49
[0, 0, 0, 1] 51
[0, 0, 0, 1] 81
[0, 0, 0, 1] 97
[0, 0, 0, 1] 105
[0, 0, 0, 1] 109
[0, 0, 0, 1] 151
[0, 0, 0, 1] 188
[0, 0, 0, 1] 208
[0, 0, 0, 1] 212
[0, 0, 0, 1] 229
[0, 0, 0, 1] 233
