VARIABLES 50
NB_OBJ 4
ITEMS
[1, 1, 1, 1] 757
[1, 1, 1, 1] 764
[1, 1, 1, 1] 771
[1, 1, 1, 1] 777
[1, 1, 1, 1] 778
[1, 1, 1, 1] 815
[1, 1, 1, 1] 822
[1, 1, 1, 1] 850
[1, 1, 1, 1] 852
[1, 1, 1, 1] 864
[1, 1, 1, 1] 886
[1, 1, 1, 1] 904
[1, 1, 1, 1] 912
[1, 1, 1, 1] 936
[1, 1, 1, 1] 950
[1, 1, 1, 1] 974
[0, 1, 1, 1] 504
[0, 1, 1, 1] 507
[0, 1, 1, 1] 507
[0, 1, 1, 1] 508
[0, 1, 1, 1] 557
[0, 1, 1, 1] 562
[0, 1, 1, 1] 602
[0, 1, 1, 1] 635
[0, 1, 1, 1] 651
[0, 1, 1, 1] 661
[0, 1, 1, 1] 684
[0, 1, 1, 1] 720
[0, 1, 1, 1] 749
[0, 0, 1, 1] 276
[0, 0, 1, 1] 307
[0, 0, 1, 1] 324
[0, 0, 1, 1] 358
[0, 0, 1, 1] 371
[0, 0, 1, 1] 400
[0, 0, 1, 1] 438
[0, 0, 1, 1] 445
[0, 0, 1, 1] 458
[0, 0, 1, 1] 481
[0, 0, 0, 1] 42
[0, 0, 0, 1] 69
[0, 0, 0, 1] 82
[0, 0, 0, 1] 105
[0, 0, 0, 1] 105
[0, 0, 0, 1] 145
[0, 0, 0, 1] 150
[0, 0, 0, 1] 158
[0, 0, 0, 1] 192
[0, 0, 0, 1] 227
[0, 0, 0, 1] 241
