VARIABLES 50
NB_OBJ 4
ITEMS
[1, 1, 1, 1] 757
[1, 1, 1, 1] 767
[1, 1, 1, 1] 803
[1, 1, 1, 1] 821
[1, 1, 1, 1] 832
[1, 1, 1, 1] 845
[1, 1, 1, 1] 847
[1, 1, 1, 1] 854
[1, 1, 1, 1] 880
[1, 1, 1, 1] 919
[1, 1, 1, 1] 921
[1, 1, 1, 1] 934
[1, 1, 1, 1] 935
[1, 1, 1, 1] 960
[1, 1, 1, 1] 961
[1, 1, 1, 1] 969
[0, 1, 1, 1] 502
[0, 1, 1, 1] 543
[0, 1, 1, 1] 591
[0, 1, 1, 1] 633
[0, 1, 1, 1] 633
[0, 1, 1, 1] 703
[0, 1, 1, 1] 719
[0, 1, 1, 1] 721
[0, 1, 1, 1] 737
[0, 0, 1, 1] 250
[0, 0, 1, 1] 256
[0, 0, 1, 1] 273
[0, 0, 1, 1] 305
[0, 0, 1, 1] 334
[0, 0, 1, 1] 355
[0, 0, 1, 1] 361
[0, 0, 1, 1] 405
[0, 0, 1, 1] 412
[0, 0, 1, 1] 432
[0, 0, 1, 1] 475
[0, 0, 1, 1] 493
[0, 0, 0, 1] 5
[0, 0, 0, 1] 5
[0, 0, 0, 1] 58
[0, 0, 0, 1] 62
[0, 0, 0, 1] 78
[0, 0, 0, 1] 96
[0, 0, 0, 1] 104
[0, 0, 0, 1] 132
[0, 0, 0, 1] 133
[0, 0, 0, 1] 162
[0, 0, 0, 1] 176
[0, 0, 0, 1] 182
[0, 0, 0, 1] 241
