VARIABLES 50
NB_OBJ 4
ITEMS
[1, 1, 1, 1] 789
[1, 1, 1, 1] 796
[1, 1, 1, 1] 806
[1, 1, 1, 1] 852
[1, 1, 1, 1] 875
[1, 1, 1, 1] 904
[1, 1, 1, 1] 920
[1, 1, 1, 1] 930
[1, 1, 1, 1] 946
[1, 1, 1, 1] 955
[1, 1, 1, 1] 990
[1, 1, 1, 1] 992
[0, 1, 1, 1] 530
[0, 1, 1, 1] 537
[0, 1, 1, 1] 539
[0, 1, 1, 1] 560
[0, 1, 1, 1] 565
[0, 1, 1, 1] 580
[0, 1, 1, 1] 580
[0, 1, 1, 1] 623
[0, 1, 1, 1] 640
[0, 1, 1, 1] 648
[0, 1, 1, 1] 676
[0, 1, 1, 1] 682
[0, 1, 1, 1] 686
[0, 1, 1, 1] 738
[0, 0, 1, 1] 255
[0, 0, 1, 1] 273
[0, 0, 1, 1] 273
[0, 0, 1, 1] 294
[0, 0, 1, 1] 308
[0, 0, 1, 1] 316
[0, 0, 1, 1] 330
[0, 0, 1, 1] 400
[0, 0, 1, 1] 414
[0, 0, 1, 1] 469
[0, 0, 0, 1] 21
[0, 0, 0, 1] 26
[0, 0, 0, 1] 31
[0, 0, 0, 1] 46
[0, 0, 0, 1] 84
[0, 0, 0, 1] 92
[0, 0, 0, 1] 99
[0, 0, 0, 1] 105
[0, 0, 0, 1] 124
[0, 0, 0, 1] 144
[0, 0, 0, 1] 159
[0, 0, 0, 1] 210
[0, 0, 0, 1] 222
[0, 0, 0, 1] 250
