VARIABLES 50
NB_OBJ 4
ITEMS
[1, 1, 1, 1] 753
[1, 1, 1, 1] 774
[1, 1, 1, 1] 776
[1, 1, 1, 1] 866
[1, 1, 1, 1] 877
[1, 1, 1, 1] 886
[1, 1, 1, 1] 895
[1, 1, 1, 1] 906
[1, 1, 1, 1] 938
[1, 1, 1, 1] 939
[1, 1, 1, 1] 945
[1, 1, 1, 1] 947
[1, 1, 1, 1] 990
[0, 1, 1, 1] 514
[0, 1, 1, 1] 521
[0, 1, 1, 1] 567
[0, 1, 1, 1] 704
[0, 1, 1, 1] 712
[0, 1, 1, 1] 745
[0, 0, 1, 1] 282
[0, 0, 1, 1] 291
[0, 0, 1, 1] 303
[0, 0, 1, 1] 306
[0, 0, 1, 1] 312
[0, 0, 1, 1] 316
[0, 0, 1, 1] 319
[0, 0, 1, 1] 340
[0, 0, 1, 1] 401
[0, 0, 1, 1] 421
[0, 0, 1, 1] 484
[0, 0, 1, 1] 493
[0, 0, 1, 1] 497
[0, 0, 1, 1] 500
[0, 0, 0, 1] 55
[0, 0, 0, 1] 70
[0, 0, 0, 1] 80
[0, 0, 0, 1] 87
[0, 0, 0, 1] 91
[0, 0, 0, 1] 91
[0, 0, 0, 1] 105
[0, 0, 0, 1] 121
[0, 0, 0, 1] 122
[0, 0, 0, 1] 132
[0, 0, 0, 1] 169
[0, 0, 0, 1] 188
[0, 0, 0, 1] 205
[0, 0, 0, 1] 207
[0, 0, 0, 1] 218
[0, 0, 0, 1] 237
[0, 0, 0, 1] 247
