VARIABLES 50
NB_OBJ 4
ITEMS
[1, 1, 1, 1] 777
[1, 1, 1, 1] 780
[1, 1, 1, 1] 808
[1, 1, 1, 1] 811
[1, 1, 1, 1] 823
[1, 1, 1, 1] 829
[1, 1, 1, 1] 871
[1, 1, 1, 1] 903
[1, 1, 1, 1] 907
[1, 1, 1, 1] 932
[1, 1, 1, 1] 939
[1, 1, 1, 1] 941
[1, 1, 1, 1] 942
[0, 1, 1, 1] 503
[0, 1, 1, 1] 515
[0, 1, 1, 1] 558
[0, 1, 1, 1] 576
[0, 1, 1, 1] 578
[0, 1, 1, 1] 593
[0, 1, 1, 1] 608
[0, 1, 1, 1] 624
[0, 1, 1, 1] 629
[0, 1, 1, 1] 636
[0, 1, 1, 1] 648
[0, 1, 1, 1] 658
[0, 0, 1, 1] 312
[0, 0, 1, 1] 324
[0, 0, 1, 1] 330
[0, 0, 1, 1] 338
[0, 0, 1, 1] 340
[0, 0, 1, 1] 343
[0, 0, 1, 1] 372
[0, 0, 1, 1] 384
[0, 0, 1, 1] 429
[0, 0, 1, 1] 434
[0, 0, 1, 1] 487
[0, 0, 1, 1] 490
[0, 0, 0, 1] 8
[0, 0, 0, 1] 15
[0, 0, 0, 1] 18
[0, 0, 0, 1] 95
[0, 0, 0, 1] 119
[0, 0, 0, 1] 137
[0, 0, 0, 1] 168
[0, 0, 0, 1] 199
[0, 0, 0, 1] 222
[0, 0, 0, 1] 222
[0, 0, 0, 1] 232
[0, 0, 0, 1] 233
[0, 0, 0, 1] 249
