VARIABLES 50
NB_OBJ 4
ITEMS
[1, 1, 1, 1] 775
[1, 1, 1, 1] 778
[1, 1, 1, 1] 783
[1, 1, 1, 1] 797
[1, 1, 1, 1] 803
[1, 1, 1, 1] 854
[1, 1, 1, 1] 860
[1, 1, 1, 1] 862
[1, 1, 1, 1] 888
[1, 1, 1, 1] 930
[1, 1, 1, 1] 956
[1, 1, 1, 1] 967
[1, 1, 1, 1] 989
[0, 1, 1, 1] 500
[0, 1, 1, 1] 501
[0, 1, 1, 1] 570
[0, 1, 1, 1] 572
[0, 1, 1, 1] 603
[0, 1, 1, 1] 604
[0, 1, 1, 1] 626
[0, 1, 1, 1] 635
[0, 1, 1, 1] 682
[0, 1, 1, 1] 739
[0, 1, 1, 1] 740
[0, 0, 1, 1] 257
[0, 0, 1, 1] 268
[0, 0, 1, 1] 292
[0, 0, 1, 1] 335
[0, 0, 1, 1] 345
[0, 0, 1, 1] 377
[0, 0, 1, 1] 380
[0, 0, 1, 1] 404
[0, 0, 1, 1] 416
[0, 0, 1, 1] 433
[0, 0, 1, 1] 473
[0, 0, 0, 1] 3
[0, 0, 0, 1] 42
[0, 0, 0, 1] 63
[0, 0, 0, 1] 67
[0, 0, 0, 1] 99
[0, 0, 0, 1] 104
[0, 0, 0, 1] 109
[0, 0, 0, 1] 113
[0, 0, 0, 1] 119
[0, 0, 0, 1] 168
[0, 0, 0, 1] 169
[0, 0, 0, 1] 196
[0, 0, 0, 1] 202
[0, 0, 0, 1] 211
[0, 0, 0, 1] 219
