VARIABLES 50
NB_OBJ 4
ITEMS
[1, 1, 1, 1] 772
[1, 1, 1, 1] 790
[1, 1, 1, 1] 797
[1, 1, 1, 1] 801
[1, 1, 1, 1] 811
[1, 1, 1, 1] 866
[1, 1, 1, 1] 877
[1, 1, 1, 1] 879
[1, 1, 1, 1] 894
[1, 1, 1, 1] 941
[1, 1, 1, 1] 956
[1, 1, 1, 1] 969
[1, 1, 1, 1] 987
[1, 1, 1, 1] 994
[0, 1, 1, 1] 520
[0, 1, 1, 1] 573
[0, 1, 1, 1] 638
[0, 1, 1, 1] 650
[0, 1, 1, 1] 673
[0, 1, 1, 1] 697
[0, 1, 1, 1] 709
[0, 1, 1, 1] 713
[0, 1, 1, 1] 718
[0, 1, 1, 1] 728
[0, 0, 1, 1] 285
[0, 0, 1, 1] 296
[0, 0, 1, 1] 298
[0, 0, 1, 1] 304
[0, 0, 1, 1] 319
[0, 0, 1, 1] 339
[0, 0, 1, 1] 363
[0, 0, 1, 1] 371
[0, 0, 1, 1] 384
[0, 0, 1, 1] 385
[0, 0, 1, 1] 404
[0, 0, 0, 1] 4
[0, 0, 0, 1] 15
[0, 0, 0, 1] 25
[0, 0, 0, 1] 51
[0, 0, 0, 1] 124
[0, 0, 0, 1] 131
[0, 0, 0, 1] 137
[0, 0, 0, 1] 138
[0, 0, 0, 1] 172
[0, 0, 0, 1] 176
[0, 0, 0, 1] 210
[0, 0, 0, 1] 223
[0, 0, 0, 1] 229
[0, 0, 0, 1] 232
[0, 0, 0, 1] 243
