VARIABLES 50
NB_OBJ 4
ITEMS
[1, 1, 1, 1] 759
[1, 1, 1, 1] 774
[1, 1, 1, 1] 792
[1, 1, 1, 1] 809
[1, 1, 1, 1] 842
[1, 1, 1, 1] 851
[1, 1, 1, 1] 879
[1, 1, 1, 1] 924
[1, 1, 1, 1] 929
[1, 1, 1, 1] 945
[1, 1, 1, 1] 993
[1, 1, 1, 1] 999
[0, 1, 1, 1] 500
[0, 1, 1, 1] 515
[0, 1, 1, 1] 515
[0, 1, 1, 1] 547
[0, 1, 1, 1] 568
[0, 1, 1, 1] 644
[0, 1, 1, 1] 660
[0, 1, 1, 1] 730
[0, 1, 1, 1] 739
[0, 0, 1, 1] 257
[0, 0, 1, 1] 259
[0, 0, 1, 1] 318
[0, 0, 1, 1] 337
[0, 0, 1, 1] 382
[0, 0, 1, 1] 395
[0, 0, 1, 1] 406
[0, 0, 1, 1] 408
[0, 0, 1, 1] 422
[0, 0, 1, 1] 438
[0, 0, 1, 1] 447
[0, 0, 1, 1] 463
[0, 0, 1, 1] 469
[0, 0, 1, 1] 484
[0, 0, 1, 1] 492
[0, 0, 0, 1] 1
[0, 0, 0, 1] 14
[0, 0, 0, 1] 51
[0, 0, 0, 1] 78
[0, 0, 0, 1] 103
[0, 0, 0, 1] 107
[0, 0, 0, 1] 108
[0, 0, 0, 1] 127
[0, 0, 0, 1] 131
[0, 0, 0, 1] 154
[0, 0, 0, 1] 167
[0, 0, 0, 1] 203
[0, 0, 0, 1] 210
[0, 0, 0, 1] 245
