VARIABLES 50
NB_OBJ 4
ITEMS
[1, 1, 1, 1] 755
[1, 1, 1, 1] 758
[1, 1, 1, 1] 829
[1, 1, 1, 1] 876
[1, 1, 1, 1] 885
[1, 1, 1, 1] 892
[1, 1, 1, 1] 910
[1, 1, 1, 1] 910
[1, 1, 1, 1] 921
[0, 1, 1, 1] 502
[0, 1, 1, 1] 507
[0, 1, 1, 1] 531
[0, 1, 1, 1] 537
[0, 1, 1, 1] 605
[0, 1, 1, 1] 605
[0, 1, 1, 1] 650
[0, 1, 1, 1] 677
[0, 1, 1, 1] 685
[0, 1, 1, 1] 711
[0, 1, 1, 1] 718
[0, 1, 1, 1] 740
[0, 1, 1, 1] 742
[0, 1, 1, 1] 750
[0, 0, 1, 1] 250
[0, 0, 1, 1] 253
[0, 0, 1, 1] 254
[0, 0, 1, 1] 259
[0, 0, 1, 1] 307
[0, 0, 1, 1] 312
[0, 0, 1, 1] 316
[0, 0, 1, 1] 327
[0, 0, 1, 1] 331
[0, 0, 1, 1] 356
[0, 0, 1, 1] 363
[0, 0, 1, 1] 384
[0, 0, 1, 1] 441
[0, 0, 0, 1] 21
[0, 0, 0, 1] 30
[0, 0, 0, 1] 33
[0, 0, 0, 1] 78
[0, 0, 0, 1] 86
[0, 0, 0, 1] 90
[0, 0, 0, 1] 109
[0, 0, 0, 1] 117
[0, 0, 0, 1] 120
[0, 0, 0, 1] 141
[0, 0, 0, 1] 181
[0, 0, 0, 1] 189
[0, 0, 0, 1] 237
[0, 0, 0, 1] 238
