VARIABLES 50
NB_OBJ 4
ITEMS
[1, 1, 1, 1] 821
[1, 1, 1, 1] 837
[1, 1, 1, 1] 851
[1, 1, 1, 1] 854
[1, 1, 1, 1] 864
[1, 1, 1, 1] 894
[1, 1, 1, 1] 932
[1, 1, 1, 1] 956
[1, 1, 1, 1] 998
[0, 1, 1, 1] 512
[0, 1, 1, 1] 517
[0, 1, 1, 1] 562
[0, 1, 1, 1] 575
[0, 1, 1, 1] 608
[0, 1, 1, 1] 618
[0, 1, 1, 1] 620
[0, 1, 1, 1] 639
[0, 1, 1, 1] 646
[0, 1, 1, 1] 660
[0, 1, 1, 1] 704
[0, 1, 1, 1] 704
[0, 1, 1, 1] 705
[0, 1, 1, 1] 733
[0, 1, 1, 1] 734
[0, 1, 1, 1] 737
[0, 0, 1, 1] 252
[0, 0, 1, 1] 254
[0, 0, 1, 1] 290
[0, 0, 1, 1] 352
[0, 0, 1, 1] 425
[0, 0, 1, 1] 461
[0, 0, 1, 1] 479
[0, 0, 0, 1] 3
[0, 0, 0, 1] 4
[0, 0, 0, 1] 7
[0, 0, 0, 1] 17
[0, 0, 0, 1] 21
[0, 0, 0, 1] 30
[0, 0, 0, 1] 33
[0, 0, 0, 1] 87
[0, 0, 0, 1] 95
[0, 0, 0, 1] 116
[0, 0, 0, 1] 127
[0, 0, 0, 1] 138
[0, 0, 0, 1] 143
[0, 0, 0, 1] 155
[0, 0, 0, 1] 182
[0, 0, 0, 1] 229
[0, 0, 0, 1] 231
[0, 0, 0, 1] 235
