VARIABLES 50
NB_OBJ 4
ITEMS
[1, 1, 1, 1] 766
[1, 1, 1, 1] 821
[1, 1, 1, 1] 845
[1, 1, 1, 1] 894
[1, 1, 1, 1] 938
[1, 1, 1, 1] 957
[1, 1, 1, 1] 958
[1, 1, 1, 1] 991
[1, 1, 1, 1] 998
[0, 1, 1, 1] 532
[0, 1, 1, 1] 541
[0, 1, 1, 1] 542
[0, 1, 1, 1] 544
[0, 1, 1, 1] 565
[0, 1, 1, 1] 612
[0, 1, 1, 1] 632
[0, 1, 1, 1] 649
[0, 1, 1, 1] 673
[0, 1, 1, 1] 681
[0, 1, 1, 1] 685
[0, 1, 1, 1] 688
[0, 1, 1, 1] 700
[0, 0, 1, 1] 250
[0, 0, 1, 1] 284
[0, 0, 1, 1] 292
[0, 0, 1, 1] 358
[0, 0, 1, 1] 370
[0, 0, 1, 1] 392
[0, 0, 1, 1] 393
[0, 0, 1, 1] 411
[0, 0, 1, 1] 412
[0, 0, 1, 1] 434
[0, 0, 1, 1] 442
[0, 0, 1, 1] 446
[0, 0, 1, 1] 477
[0, 0, 1, 1] 482
[0, 0, 1, 1] 492
[0, 0, 1, 1] 500
[0, 0, 0, 1] 4
[0, 0, 0, 1] 7
[0, 0, 0, 1] 18
[0, 0, 0, 1] 50
[0, 0, 0, 1] 60
[0, 0, 0, 1] 65
[0, 0, 0, 1] 72
[0, 0, 0, 1] 91
[0, 0, 0, 1] 153
[0, 0, 0, 1] 203
[0, 0, 0, 1] 209
[0, 0, 0, 1] 221
