VARIABLES 50
NB_OBJ 4
ITEMS
[1, 1, 1, 1] 761
[1, 1, 1, 1] 762
[1, 1, 1, 1] 774
[1, 1, 1, 1] 774
[1, 1, 1, 1] 818
[1, 1, 1, 1] 869
[1, 1, 1, 1] 905
[1, 1, 1, 1] 908
[1, 1, 1, 1] 924
[0, 1, 1, 1] 510
[0, 1, 1, 1] 524
[0, 1, 1, 1] 526
[0, 1, 1, 1] 532
[0, 1, 1, 1] 547
[0, 1, 1, 1] 557
[0, 1, 1, 1] 594
[0, 1, 1, 1] 621
[0, 1, 1, 1] 639
[0, 1, 1, 1] 639
[0, 1, 1, 1] 667
[0, 1, 1, 1] 681
[0, 1, 1, 1] 683
[0, 1, 1, 1] 687
[0, 1, 1, 1] 698
[0, 1, 1, 1] 701
[0, 1, 1, 1] 725
[0, 1, 1, 1] 726
[0, 1, 1, 1] 738
[0, 1, 1, 1] 744
[0, 1, 1, 1] 745
[0, 0, 1, 1] 271
[0, 0, 1, 1] 273
[0, 0, 1, 1] 349
[0, 0, 1, 1] 377
[0, 0, 1, 1] 440
[0, 0, 1, 1] 442
[0, 0, 1, 1] 451
[0, 0, 1, 1] 459
[0, 0, 0, 1] 19
[0, 0, 0, 1] 90
[0, 0, 0, 1] 123
[0, 0, 0, 1] 129
[0, 0, 0, 1] 147
[0, 0, 0, 1] 171
[0, 0, 0, 1] 178
[0, 0, 0, 1] 181
[0, 0, 0, 1] 188
[0, 0, 0, 1] 208
[0, 0, 0, 1] 219
[0, 0, 0, 1] 247
