VARIABLES 50
NB_OBJ 4
ITEMS
[1, 1, 1, 1] 771
[1, 1, 1, 1] 788
[1, 1, 1, 1] 809
[1, 1, 1, 1] 833
[1, 1, 1, 1] 863
[1, 1, 1, 1] 864
[1, 1, 1, 1] 878
[1, 1, 1, 1] 925
[1, 1, 1, 1] 940
[1, 1, 1, 1] 954
[1, 1, 1, 1] 969
[1, 1, 1, 1] 969
[1, 1, 1, 1] 974
[1, 1, 1, 1] 975
[1, 1, 1, 1] 988
[1, 1, 1, 1] 989
[0, 1, 1, 1] 505
[0, 1, 1, 1] 512
[0, 1, 1, 1] 571
[0, 1, 1, 1] 573
[0, 1, 1, 1] 605
[0, 1, 1, 1] 691
[0, 1, 1, 1] 697
[0, 1, 1, 1] 713
[0, 1, 1, 1] 736
[0, 0, 1, 1] 252
[0, 0, 1, 1] 269
[0, 0, 1, 1] 355
[0, 0, 1, 1] 362
[0, 0, 1, 1] 374
[0, 0, 1, 1] 376
[0, 0, 1, 1] 396
[0, 0, 1, 1] 402
[0, 0, 1, 1] 404
[0, 0, 1, 1] 441
[0, 0, 1, 1] 453
[0, 0, 1, 1] 455
[0, 0, 1, 1] 475
[0, 0, 1, 1] 481
[0, 0, 0, 1] 35
[0, 0, 0, 1] 45
[0, 0, 0, 1] 77
[0, 0, 0, 1] 84
[0, 0, 0, 1] 121
[0, 0, 0, 1] 121
[0, 0, 0, 1] 141
[0, 0, 0, 1] 157
[0, 0, 0, 1] 172
[0, 0, 0, 1] 179
[0, 0, 0, 1] 245
