VARIABLES 50
NB_OBJ 4
ITEMS
[1, 1, 1, 1] 776
[1, 1, 1, 1] 780
[1, 1, 1, 1] 781
[1, 1, 1, 1] 810
[1, 1, 1, 1] 822
[1, 1, 1, 1] 840
[1, 1, 1, 1] 842
[1, 1, 1, 1] 843
[1, 1, 1, 1] 864
[1, 1, 1, 1] 886
[1, 1, 1, 1] 887
[1, 1, 1, 1] 948
[1, 1, 1, 1] 950
[1, 1, 1, 1] 965
[0, 1, 1, 1] 591
[0, 1, 1, 1] 644
[0, 1, 1, 1] 648
[0, 1, 1, 1] 686
[0, 1, 1, 1] 724
[0, 0, 1, 1] 276
[0, 0, 1, 1] 283
[0, 0, 1, 1] 288
[0, 0, 1, 1] 291
[0, 0, 1, 1] 302
[0, 0, 1, 1] 340
[0, 0, 1, 1] 342
[0, 0, 1, 1] 353
[0, 0, 1, 1] 362
[0, 0, 1, 1] 367
[0, 0, 1, 1] 379
[0, 0, 1, 1] 407
[0, 0, 1, 1] 427
[0, 0, 1, 1] 433
[0, 0, 1, 1] 446
[0, 0, 1, 1] 456
[0, 0, 1, 1] 481
[0, 0, 1, 1] 487
[0, 0, 0, 1] 22
[0, 0, 0, 1] 72
[0, 0, 0, 1] 77
[0, 0, 0, 1] 96
[0, 0, 0, 1] 113
[0, 0, 0, 1] 131
[0, 0, 0, 1] 139
[0, 0, 0, 1] 152
[0, 0, 0, 1] 161
[0, 0, 0, 1] 185
[0, 0, 0, 1] 223
[0, 0, 0, 1] 227
[0, 0, 0, 1] 243
