VARIABLES 50
NB_OBJ 4
ITEMS
[1, 1, 1, 1] 757
[1, 1, 1, 1] 768
[1, 1, 1, 1] 806
[1, 1, 1, 1] 825
[1, 1, 1, 1] 828
[1, 1, 1, 1] 835
[1, 1, 1, 1] 864
[1, 1, 1, 1] 873
[1, 1, 1, 1] 874
[1, 1, 1, 1] 887
[1, 1, 1, 1] 895
[1, 1, 1, 1] 899
[1, 1, 1, 1] 952
[1, 1, 1, 1] 954
[1, 1, 1, 1] 956
[1, 1, 1, 1] 987
[0, 1, 1, 1] 501
[0, 1, 1, 1] 504
[0, 1, 1, 1] 526
[0, 1, 1, 1] 529
[0, 1, 1, 1] 551
[0, 1, 1, 1] 643
[0, 1, 1, 1] 655
[0, 1, 1, 1] 675
[0, 1, 1, 1] 700
[0, 1, 1, 1] 709
[0, 1, 1, 1] 724
[0, 0, 1, 1] 281
[0, 0, 1, 1] 289
[0, 0, 1, 1] 295
[0, 0, 1, 1] 330
[0, 0, 1, 1] 352
[0, 0, 1, 1] 378
[0, 0, 1, 1] 380
[0, 0, 1, 1] 385
[0, 0, 1, 1] 385
[0, 0, 1, 1] 389
[0, 0, 1, 1] 409
[0, 0, 1, 1] 439
[0, 0, 1, 1] 457
[0, 0, 1, 1] 484
[0, 0, 1, 1] 499
[0, 0, 0, 1] 19
[0, 0, 0, 1] 28
[0, 0, 0, 1] 46
[0, 0, 0, 1] 122
[0, 0, 0, 1] 136
[0, 0, 0, 1] 207
[0, 0, 0, 1] 218
[0, 0, 0, 1] 242
