VARIABLES 50
NB_OBJ 4
ITEMS
[1, 1, 1, 1] 764
[1, 1, 1, 1] 802
[1, 1, 1, 1] 840
[1, 1, 1, 1] 846
[1, 1, 1, 1] 848
[1, 1, 1, 1] 888
[1, 1, 1, 1] 894
[1, 1, 1, 1] 915
[1, 1, 1, 1] 963
[1, 1, 1, 1] 968
[1, 1, 1, 1] 974
[1, 1, 1, 1] 978
[1, 1, 1, 1] 987
[1, 1, 1, 1] 995
[0, 1, 1, 1] 502
[0, 1, 1, 1] 511
[0, 1, 1, 1] 521
[0, 1, 1, 1] 528
[0, 1, 1, 1] 548
[0, 1, 1, 1] 566
[0, 1, 1, 1] 579
[0, 1, 1, 1] 619
[0, 1, 1, 1] 623
[0, 1, 1, 1] 639
[0, 1, 1, 1] 646
[0, 1, 1, 1] 651
[0, 1, 1, 1] 705
[0, 1, 1, 1] 706
[0, 1, 1, 1] 710
[0, 1, 1, 1] 716
[0, 0, 1, 1] 260
[0, 0, 1, 1] 278
[0, 0, 1, 1] 294
[0, 0, 1, 1] 338
[0, 0, 1, 1] 480
[0, 0, 1, 1] 487
[0, 0, 0, 1] 12
[0, 0, 0, 1] 19
[0, 0, 0, 1] 30
[0, 0, 0, 1] 41
[0, 0, 0, 1] 65
[0, 0, 0, 1] 94
[0, 0, 0, 1] 107
[0, 0, 0, 1] 158
[0, 0, 0, 1] 173
[0, 0, 0, 1] 204
[0, 0, 0, 1] 208
[0, 0, 0, 1] 224
[0, 0, 0, 1] 225
[0, 0, 0, 1] 240
