VARIABLES 50
NB_OBJ 4
ITEMS
[1, 1, 1, 1] 800
[1, 1, 1, 1] 808
[1, 1, 1, 1] 811
[1, 1, 1, 1] 822
[1, 1, 1, 1] 868
[1, 1, 1, 1] 869
[1, 1, 1, 1] 887
[1, 1, 1, 1] 895
[1, 1, 1, 1] 917
[1, 1, 1, 1] 917
[1, 1, 1, 1] 919
[1, 1, 1, 1] 931
[1, 1, 1, 1] 960
[1, 1, 1, 1] 974
[1, 1, 1, 1] 979
[1, 1, 1, 1] 999
[0, 1, 1, 1] 512
[0, 1, 1, 1] 516
[0, 1, 1, 1] 517
[0, 1, 1, 1] 541
[0, 1, 1, 1] 544
[0, 1, 1, 1] 601
[0, 1, 1, 1] 615
[0, 1, 1, 1] 623
[0, 1, 1, 1] 626
[0, 1, 1, 1] 669
[0, 1, 1, 1] 684
[0, 1, 1, 1] 693
[0, 1, 1, 1] 696
[0, 1, 1, 1] 738
[0, 1, 1, 1] 746
[0, 0, 1, 1] 269
[0, 0, 1, 1] 274
[0, 0, 1, 1] 322
[0, 0, 1, 1] 327
[0, 0, 1, 1] 333
[0, 0, 1, 1] 343
[0, 0, 1, 1] 370
[0, 0, 1, 1] 427
[0, 0, 1, 1] 471
[0, 0, 0, 1] 13
[0, 0, 0, 1] 15
[0, 0, 0, 1] 23
[0, 0, 0, 1] 42
[0, 0, 0, 1] 72
[0, 0, 0, 1] 117
[0, 0, 0, 1] 144
[0, 0, 0, 1] 149
[0, 0, 0, 1] 200
[0, 0, 0, 1] 231
