VARIABLES 50
NB_OBJ 4
ITEMS
[1, 1, 1, 1] 765
[1, 1, 1, 1] 771
[1, 1, 1, 1] 802
[1, 1, 1, 1] 806
[1, 1, 1, 1] 817
[1, 1, 1, 1] 818
[1, 1, 1, 1] 838
[1, 1, 1, 1] 858
[1, 1, 1, 1] 862
[0, 1, 1, 1] 544
[0, 1, 1, 1] 557
[0, 1, 1, 1] 565
[0, 1, 1, 1] 569
[0, 1, 1, 1] 597
[0, 1, 1, 1] 612
[0, 1, 1, 1] 624
[0, 1, 1, 1] 630
[0, 1, 1, 1] 649
[0, 1, 1, 1] 692
[0, 1, 1, 1] 719
[0, 1, 1, 1] 741
[0, 0, 1, 1] 334
[0, 0, 1, 1] 334
[0, 0, 1, 1] 352
[0, 0, 1, 1] 400
[0, 0, 1, 1] 401
[0, 0, 1, 1] 411
[0, 0, 1, 1] 423
[0, 0, 1, 1] 446
[0, 0, 1, 1] 446
[0, 0, 1, 1] 482
[0, 0, 0, 1] 6
[0, 0, 0, 1] 6
[0, 0, 0, 1] 8
[0, 0, 0, 1] 15
[0, 0, 0, 1] 20
[0, 0, 0, 1] 34
[0, 0, 0, 1] 81
[0, 0, 0, 1] 130
[0, 0, 0, 1] 136
[0, 0, 0, 1] 136
[0, 0, 0, 1] 140
[0, 0, 0, 1] 141
[0, 0, 0, 1] 185
[0, 0, 0, 1] 190
[0, 0, 0, 1] 200
[0, 0, 0, 1] 201
[0, 0, 0, 1] 204
[0, 0, 0, 1] 240
[0, 0, 0, 1] 246
