VARIABLES 50
NB_OBJ 4
ITEMS
[1, 1, 1, 1] 756
[1, 1, 1, 1] 762
[1, 1, 1, 1] 764
[1, 1, 1, 1] 805
[1, 1, 1, 1] 819
[1, 1, 1, 1] 849
[1, 1, 1, 1] 850
[1, 1, 1, 1] 864
[1, 1, 1, 1] 872
[1, 1, 1, 1] 922
[1, 1, 1, 1] 946
[1, 1, 1, 1] 964
[1, 1, 1, 1] 978
[0, 1, 1, 1] 509
[0, 1, 1, 1] 542
[0, 1, 1, 1] 563
[0, 1, 1, 1] 604
[0, 1, 1, 1] 623
[0, 1, 1, 1] 624
[0, 1, 1, 1] 633
[0, 1, 1, 1] 682
[0, 1, 1, 1] 728
[0, 1, 1, 1] 730
[0, 1, 1, 1] 743
[0, 0, 1, 1] 250
[0, 0, 1, 1] 268
[0, 0, 1, 1] 285
[0, 0, 1, 1] 301
[0, 0, 1, 1] 313
[0, 0, 1, 1] 334
[0, 0, 1, 1] 347
[0, 0, 1, 1] 408
[0, 0, 1, 1] 436
[0, 0, 1, 1] 439
[0, 0, 1, 1] 451
[0, 0, 1, 1] 497
[0, 0, 0, 1] 29
[0, 0, 0, 1] 36
[0, 0, 0, 1] 90
[0, 0, 0, 1] 110
[0, 0, 0, 1] 136
[0, 0, 0, 1] 161
[0, 0, 0, 1] 167
[0, 0, 0, 1] 169
[0, 0, 0, 1] 172
[0, 0, 0, 1] 176
[0, 0, 0, 1] 206
[0, 0, 0, 1] 214
[0, 0, 0, 1] 235
[0, 0, 0, 1] 240
