VARIABLES 50
NB_OBJ 4
ITEMS
[1, 1, 1, 1] 796
[1, 1, 1, 1] 807
[1, 1, 1, 1] 816
[1, 1, 1, 1] 821
[1, 1, 1, 1] 854
[1, 1, 1, 1] 886
[1, 1, 1, 1] 894
[1, 1, 1, 1] 896
[1, 1, 1, 1] 913
[1, 1, 1, 1] 920
[1, 1, 1, 1] 940
[1, 1, 1, 1] 951
[1, 1, 1, 1] 954
[1, 1, 1, 1] 957
[1, 1, 1, 1] 980
[0, 1, 1, 1] 500
[0, 1, 1, 1] 510
[0, 1, 1, 1] 533
[0, 1, 1, 1] 543
[0, 1, 1, 1] 589
[0, 1, 1, 1] 603
[0, 1, 1, 1] 699
[0, 1, 1, 1] 723
[0, 1, 1, 1] 723
[0, 0, 1, 1] 283
[0, 0, 1, 1] 285
[0, 0, 1, 1] 289
[0, 0, 1, 1] 310
[0, 0, 1, 1] 312
[0, 0, 1, 1] 354
[0, 0, 1, 1] 376
[0, 0, 1, 1] 442
[0, 0, 1, 1] 475
[0, 0, 1, 1] 500
[0, 0, 0, 1] 23
[0, 0, 0, 1] 27
[0, 0, 0, 1] 38
[0, 0, 0, 1] 69
[0, 0, 0, 1] 109
[0, 0, 0, 1] 154
[0, 0, 0, 1] 176
[0, 0, 0, 1] 182
[0, 0, 0, 1] 187
[0, 0, 0, 1] 205
[0, 0, 0, 1] 209
[0, 0, 0, 1] 223
[0, 0, 0, 1] 233
[0, 0, 0, 1] 236
[0, 0, 0, 1] 246
[0, 0, 0, 1] 250
