VARIABLES 50
NB_OBJ 4
ITEMS
[1, 1, 1, 1] 751
[1, 1, 1, 1] 754
[1, 1, 1, 1] 759
[1, 1, 1, 1] 793
[1, 1, 1, 1] 834
[1, 1, 1, 1] 870
[1, 1, 1, 1] 927
[1, 1, 1, 1] 977
[0, 1, 1, 1] 500
[0, 1, 1, 1] 528
[0, 1, 1, 1] 542
[0, 1, 1, 1] 545
[0, 1, 1, 1] 557
[0, 1, 1, 1] 567
[0, 1, 1, 1] 578
[0, 1, 1, 1] 596
[0, 1, 1, 1] 597
[0, 1, 1, 1] 606
[0, 1, 1, 1] 641
[0, 1, 1, 1] 657
[0, 1, 1, 1] 694
[0, 1, 1, 1] 705
[0, 1, 1, 1] 723
[0, 1, 1, 1] 745
[0, 0, 1, 1] 255
[0, 0, 1, 1] 284
[0, 0, 1, 1] 318
[0, 0, 1, 1] 320
[0, 0, 1, 1] 321
[0, 0, 1, 1] 324
[0, 0, 1, 1] 325
[0, 0, 1, 1] 333
[0, 0, 1, 1] 373
[0, 0, 1, 1] 385
[0, 0, 1, 1] 385
[0, 0, 1, 1] 404
[0, 0, 1, 1] 487
[0, 0, 0, 1] 24
[0, 0, 0, 1] 26
[0, 0, 0, 1] 60
[0, 0, 0, 1] 61
[0, 0, 0, 1] 112
[0, 0, 0, 1] 125
[0, 0, 0, 1] 125
[0, 0, 0, 1] 147
[0, 0, 0, 1] 153
[0, 0, 0, 1] 215
[0, 0, 0, 1] 216
[0, 0, 0, 1] 218
[0, 0, 0, 1] 247
