VARIABLES 50
NB_OBJ 4
ITEMS
[1, 1, 1, 1] 792
[1, 1, 1, 1] 803
[1, 1, 1, 1] 816
[1, 1, 1, 1] 919
[1, 1, 1, 1] 931
[1, 1, 1, 1] 947
[0, 1, 1, 1] 524
[0, 1, 1, 1] 528
[0, 1, 1, 1] 574
[0, 1, 1, 1] 587
[0, 1, 1, 1] 608
[0, 1, 1, 1] 616
[0, 1, 1, 1] 621
[0, 1, 1, 1] 640
[0, 1, 1, 1] 656
[0, 1, 1, 1] 681
[0, 1, 1, 1] 681
[0, 1, 1, 1] 685
[0, 1, 1, 1] 688
[0, 1, 1, 1] 714
[0, 1, 1, 1] 717
[0, 1, 1, 1] 733
[0, 0, 1, 1] 266
[0, 0, 1, 1] 272
[0, 0, 1, 1] 283
[0, 0, 1, 1] 297
[0, 0, 1, 1] 322
[0, 0, 1, 1] 337
[0, 0, 1, 1] 351
[0, 0, 1, 1] 374
[0, 0, 1, 1] 376
[0, 0, 1, 1] 392
[0, 0, 1, 1] 403
[0, 0, 1, 1] 404
[0, 0, 1, 1] 442
[0, 0, 1, 1] 463
[0, 0, 1, 1] 493
[0, 0, 0, 1] 25
[0, 0, 0, 1] 43
[0, 0, 0, 1] 51
[0, 0, 0, 1] 57
[0, 0, 0, 1] 62
[0, 0, 0, 1] 91
[0, 0, 0, 1] 141
[0, 0, 0, 1] 144
[0, 0, 0, 1] 154
[0, 0, 0, 1] 158
[0, 0, 0, 1] 163
[0, 0, 0, 1] 171
[0, 0, 0, 1] 210
