VARIABLES 50
NB_OBJ 4
ITEMS
[1, 1, 1, 1] 753
[1, 1, 1, 1] 793
[1, 1, 1, 1] 811
[1, 1, 1, 1] 817
[1, 1, 1, 1] 832
[1, 1, 1, 1] 844
[1, 1, 1, 1] 855
[1, 1, 1, 1] 871
[1, 1, 1, 1] 914
[1, 1, 1, 1] 925
[1, 1, 1, 1] 951
[1, 1, 1, 1] 980
[1, 1, 1, 1] 994
[1, 1, 1, 1] 999
[0, 1, 1, 1] 501
[0, 1, 1, 1] 506
[0, 1, 1, 1] 586
[0, 1, 1, 1] 590
[0, 1, 1, 1] 598
[0, 1, 1, 1] 598
[0, 1, 1, 1] 598
[0, 1, 1, 1] 613
[0, 1, 1, 1] 614
[0, 1, 1, 1] 622
[0, 1, 1, 1] 630
[0, 1, 1, 1] 640
[0, 1, 1, 1] 664
[0, 1, 1, 1] 672
[0, 1, 1, 1] 697
[0, 1, 1, 1] 720
[0, 0, 1, 1] 251
[0, 0, 1, 1] 291
[0, 0, 1, 1] 337
[0, 0, 1, 1] 352
[0, 0, 1, 1] 356
[0, 0, 1, 1] 362
[0, 0, 1, 1] 363
[0, 0, 1, 1] 369
[0, 0, 1, 1] 430
[0, 0, 1, 1] 449
[0, 0, 0, 1] 11
[0, 0, 0, 1] 26
[0, 0, 0, 1] 37
[0, 0, 0, 1] 94
[0, 0, 0, 1] 112
[0, 0, 0, 1] 123
[0, 0, 0, 1] 145
[0, 0, 0, 1] 148
[0, 0, 0, 1] 207
[0, 0, 0, 1] 211
