VARIABLES 50
NB_OBJ 4
ITEMS
[1, 1, 1, 1] 768
[1, 1, 1, 1] 776
[1, 1, 1, 1] 826
[1, 1, 1, 1] 827
[1, 1, 1, 1] 843
[1, 1, 1, 1] 848
[1, 1, 1, 1] 866
[1, 1, 1, 1] 895
[1, 1, 1, 1] 907
[1, 1, 1, 1] 924
[0, 1, 1, 1] 528
[0, 1, 1, 1] 528
[0, 1, 1, 1] 545
[0, 1, 1, 1] 549
[0, 1, 1, 1] 564
[0, 1, 1, 1] 573
[0, 1, 1, 1] 573
[0, 1, 1, 1] 598
[0, 1, 1, 1] 605
[0, 1, 1, 1] 618
[0, 1, 1, 1] 633
[0, 1, 1, 1] 637
[0, 1, 1, 1] 659
[0, 1, 1, 1] 672
[0, 1, 1, 1] 688
[0, 1, 1, 1] 691
[0, 1, 1, 1] 733
[0, 1, 1, 1] 748
[0, 0, 1, 1] 261
[0, 0, 1, 1] 280
[0, 0, 1, 1] 281
[0, 0, 1, 1] 291
[0, 0, 1, 1] 300
[0, 0, 1, 1] 319
[0, 0, 1, 1] 321
[0, 0, 1, 1] 348
[0, 0, 1, 1] 393
[0, 0, 1, 1] 418
[0, 0, 1, 1] 424
[0, 0, 1, 1] 426
[0, 0, 1, 1] 450
[0, 0, 1, 1] 492
[0, 0, 0, 1] 8
[0, 0, 0, 1] 19
[0, 0, 0, 1] 113
[0, 0, 0, 1] 117
[0, 0, 0, 1] 132
[0, 0, 0, 1] 208
[0, 0, 0, 1] 216
[0, 0, 0, 1] 219
