VARIABLES 50
NB_OBJ 4
ITEMS
[1, 1, 1, 1] 765
[1, 1, 1, 1] 818
[1, 1, 1, 1] 843
[1, 1, 1, 1] 855
[1, 1, 1, 1] 871
[1, 1, 1, 1] 878
[1, 1, 1, 1] 878
[1, 1, 1, 1] 891
[1, 1, 1, 1] 894
[1, 1, 1, 1] 903
[1, 1, 1, 1] 957
[1, 1, 1, 1] 967
[1, 1, 1, 1] 971
[1, 1, 1, 1] 984
[1, 1, 1, 1] 996
[0, 1, 1, 1] 500
[0, 1, 1, 1] 518
[0, 1, 1, 1] 543
[0, 1, 1, 1] 552
[0, 1, 1, 1] 561
[0, 1, 1, 1] 561
[0, 1, 1, 1] 565
[0, 1, 1, 1] 574
[0, 1, 1, 1] 576
[0, 1, 1, 1] 606
[0, 1, 1, 1] 649
[0, 1, 1, 1] 655
[0, 1, 1, 1] 666
[0, 1, 1, 1] 718
[0, 1, 1, 1] 729
[0, 0, 1, 1] 290
[0, 0, 1, 1] 336
[0, 0, 1, 1] 349
[0, 0, 1, 1] 352
[0, 0, 1, 1] 366
[0, 0, 1, 1] 372
[0, 0, 1, 1] 396
[0, 0, 1, 1] 398
[0, 0, 1, 1] 410
[0, 0, 1, 1] 446
[0, 0, 1, 1] 458
[0, 0, 1, 1] 484
[0, 0, 0, 1] 36
[0, 0, 0, 1] 106
[0, 0, 0, 1] 142
[0, 0, 0, 1] 155
[0, 0, 0, 1] 164
[0, 0, 0, 1] 201
[0, 0, 0, 1] 224
[0, 0, 0, 1] 224
