VARIABLES 50
NB_OBJ 4
ITEMS
[1, 1, 1, 1] 786
[1, 1, 1, 1] 795
[1, 1, 1, 1] 833
[1, 1, 1, 1] 838
[1, 1, 1, 1] 878
[1, 1, 1, 1] 884
[1, 1, 1, 1] 886
[1, 1, 1, 1] 889
[1, 1, 1, 1] 900
[1, 1, 1, 1] 907
[1, 1, 1, 1] 929
[1, 1, 1, 1] 979
[1, 1, 1, 1] 982
[1, 1, 1, 1] 988
[1, 1, 1, 1] 992
[0, 1, 1, 1] 510
[0, 1, 1, 1] 602
[0, 1, 1, 1] 608
[0, 1, 1, 1] 624
[0, 1, 1, 1] 646
[0, 1, 1, 1] 657
[0, 1, 1, 1] 659
[0, 1, 1, 1] 682
[0, 1, 1, 1] 689
[0, 1, 1, 1] 695
[0, 1, 1, 1] 725
[0, 0, 1, 1] 258
[0, 0, 1, 1] 284
[0, 0, 1, 1] 315
[0, 0, 1, 1] 339
[0, 0, 1, 1] 358
[0, 0, 1, 1] 363
[0, 0, 1, 1] 371
[0, 0, 1, 1] 381
[0, 0, 1, 1] 384
[0, 0, 1, 1] 390
[0, 0, 1, 1] 414
[0, 0, 1, 1] 415
[0, 0, 1, 1] 432
[0, 0, 1, 1] 470
[0, 0, 1, 1] 495
[0, 0, 0, 1] 35
[0, 0, 0, 1] 43
[0, 0, 0, 1] 107
[0, 0, 0, 1] 127
[0, 0, 0, 1] 136
[0, 0, 0, 1] 139
[0, 0, 0, 1] 141
[0, 0, 0, 1] 220
[0, 0, 0, 1] 237
