VARIABLES 50
NB_OBJ 4
ITEMS
[1, 1, 1, 1] 796
[1, 1, 1, 1] 805
[1, 1, 1, 1] 819
[1, 1, 1, 1] 848
[1, 1, 1, 1] 863
[1, 1, 1, 1] 863
[1, 1, 1, 1] 868
[1, 1, 1, 1] 874
[1, 1, 1, 1] 881
[1, 1, 1, 1] 885
[1, 1, 1, 1] 899
[1, 1, 1, 1] 906
[1, 1, 1, 1] 908
[1, 1, 1, 1] 930
[1, 1, 1, 1] 930
[0, 1, 1, 1] 500
[0, 1, 1, 1] 510
[0, 1, 1, 1] 510
[0, 1, 1, 1] 541
[0, 1, 1, 1] 548
[0, 1, 1, 1] 601
[0, 1, 1, 1] 695
[0, 1, 1, 1] 707
[0, 1, 1, 1] 712
[0, 1, 1, 1] 729
[0, 0, 1, 1] 259
[0, 0, 1, 1] 281
[0, 0, 1, 1] 313
[0, 0, 1, 1] 352
[0, 0, 1, 1] 384
[0, 0, 1, 1] 388
[0, 0, 1, 1] 389
[0, 0, 1, 1] 400
[0, 0, 1, 1] 416
[0, 0, 1, 1] 435
[0, 0, 1, 1] 436
[0, 0, 1, 1] 461
[0, 0, 1, 1] 484
[0, 0, 0, 1] 23
[0, 0, 0, 1] 30
[0, 0, 0, 1] 36
[0, 0, 0, 1] 57
[0, 0, 0, 1] 77
[0, 0, 0, 1] 85
[0, 0, 0, 1] 95
[0, 0, 0, 1] 145
[0, 0, 0, 1] 157
[0, 0, 0, 1] 175
[0, 0, 0, 1] 185
[0, 0, 0, 1] 208
