VARIABLES 50
NB_OBJ 4
ITEMS
[1, 1, 1, 1] 776
[1, 1, 1, 1] 787
[1, 1, 1, 1] 833
[1, 1, 1, 1] 855
[1, 1, 1, 1] 900
[1, 1, 1, 1] 914
[1, 1, 1, 1] 934
[1, 1, 1, 1] 943
[1, 1, 1, 1] 946
[1, 1, 1, 1] 948
[1, 1, 1, 1] 956
[1, 1, 1, 1] 960
[1, 1, 1, 1] 986
[1, 1, 1, 1] 999
[0, 1, 1, 1] 509
[0, 1, 1, 1] 514
[0, 1, 1, 1] 514
[0, 1, 1, 1] 525
[0, 1, 1, 1] 537
[0, 1, 1, 1] 542
[0, 1, 1, 1] 560
[0, 1, 1, 1] 588
[0, 1, 1, 1] 600
[0, 1, 1, 1] 611
[0, 1, 1, 1] 636
[0, 1, 1, 1] 685
[0, 1, 1, 1] 704
[0, 1, 1, 1] 750
[0, 0, 1, 1] 252
[0, 0, 1, 1] 278
[0, 0, 1, 1] 292
[0, 0, 1, 1] 321
[0, 0, 1, 1] 369
[0, 0, 1, 1] 387
[0, 0, 1, 1] 396
[0, 0, 1, 1] 398
[0, 0, 1, 1] 407
[0, 0, 1, 1] 429
[0, 0, 1, 1] 494
[0, 0, 0, 1] 19
[0, 0, 0, 1] 54
[0, 0, 0, 1] 75
[0, 0, 0, 1] 100
[0, 0, 0, 1] 100
[0, 0, 0, 1] 101
[0, 0, 0, 1] 154
[0, 0, 0, 1] 201
[0, 0, 0, 1] 201
[0, 0, 0, 1] 221
[0, 0, 0, 1] 243
