VARIABLES 100
NB_OBJ 5
ITEMS
[1, 1, 1, 1, 1] 49
[1, 1, 1, 1, 1] 55
[1, 1, 1, 1, 1] 73
[1, 1, 1, 1, 1] 178
[1, 1, 1, 1, 1] 189
[1, 1, 1, 1, 1] 296
[1, 1, 1, 1, 1] 406
[1, 1, 1, 1, 1] 457
[1, 1, 1, 1, 1] 471
[1, 1, 1, 1, 1] 485
[1, 1, 1, 1, 1] 579
[1, 1, 1, 1, 1] 694
[1, 1, 1, 1, 1] 859
[1, 1, 1, 1, 1] 913
[1, 1, 1, 1, 1] 918
[1, 1, 1, 1, 1] 947
[1, 1, 1, 1, 1] 949
[1, 1, 1, 1, 1] 953
[1, 1, 1, 1, 1] 1000
[0, 1, 1, 1, 1] 84
[0, 1, 1, 1, 1] 102
[0, 1, 1, 1, 1] 206
[0, 1, 1, 1, 1] 293
[0, 1, 1, 1, 1] 317
[0, 1, 1, 1, 1] 352
[0, 1, 1, 1, 1] 355
[0, 1, 1, 1, 1] 363
[0, 1, 1, 1, 1] 404
[0, 1, 1, 1, 1] 441
[0, 1, 1, 1, 1] 479
[0, 1, 1, 1, 1] 518
[0, 1, 1, 1, 1] 620
[0, 1, 1, 1, 1] 663
[0, 1, 1, 1, 1] 697
[0, 1, 1, 1, 1] 849
[0, 1, 1, 1, 1] 876
[0, 1, 1, 1, 1] 893
[0, 1, 1, 1, 1] 921
[0, 1, 1, 1, 1] 925
[0, 1, 1, 1, 1] 986
[0, 1, 1, 1, 1] 995
[0, 0, 1, 1, 1] 40
[0, 0, 1, 1, 1] 82
[0, 0, 1, 1, 1] 84
[0, 0, 1, 1, 1] 205
[0, 0, 1, 1, 1] 216
[0, 0, 1, 1, 1] 263
[0, 0, 1, 1, 1] 267
[0, 0, 1, 1, 1] 271
[0, 0, 1, 1, 1] 284
[0, 0, 1, 1, 1] 367
[0, 0, 1, 1, 1] 370
[0, 0, 1, 1, 1] 381
[0, 0, 1, 1, 1] 440
[0, 0, 1, 1, 1] 511
[0, 0, 1, 1, 1] 524
[0, 0, 1, 1, 1] 537
[0, 0, 1, 1, 1] 539
[0, 0, 1, 1, 1] 552
[0, 0, 1, 1, 1] 612
[0, 0, 1, 1, 1] 620
[0, 0, 1, 1, 1] 632
[0, 0, 1, 1, 1] 663
[0, 0, 1, 1, 1] 724
[0, 0, 1, 1, 1] 765
[0, 0, 1, 1, 1] 904
[0, 0, 1, 1, 1] 935
[0, 0, 0, 1, 1] 21
[0, 0, 0, 1, 1] 47
[0, 0, 0, 1, 1] 102
[0, 0, 0, 1, 1] 115
[0, 0, 0, 1, 1] 123
[0, 0, 0, 1, 1] 291
[0, 0, 0, 1, 1] 438
[0, 0, 0, 1, 1] 455
[0, 0, 0, 1, 1] 605
[0, 0, 0, 1, 1] 628
[0, 0, 0, 1, 1] 678
[0, 0, 0, 1, 1] 750
[0, 0, 0, 1, 1] 813
[0, 0, 0, 1, 1] 878
[0, 0, 0, 1, 1] 938
[0, 0, 0, 0, 1] 41
[0, 0, 0, 0, 1] 80
[0, 0, 0, 0, 1] 118
[0, 0, 0, 0, 1] 160
[0, 0, 0, 0, 1] 198
[0, 0, 0, 0, 1] 312
[0, 0, 0, 0, 1] 421
[0, 0, 0, 0, 1] 427
[0, 0, 0, 0, 1] 449
[0, 0, 0, 0, 1] 469
[0, 0, 0, 0, 1] 474
[0, 0, 0, 0, 1] 478
[0, 0, 0, 0, 1] 482
[0, 0, 0, 0, 1] 530
[0, 0, 0, 0, 1] 542
[0, 0, 0, 0, 1] 586
[0, 0, 0, 0, 1] 673
[0, 0, 0, 0, 1] 812
