VARIABLES 100
NB_OBJ 5
ITEMS
[1, 1, 1, 1, 1] 38
[1, 1, 1, 1, 1] 113
[1, 1, 1, 1, 1] 136
[1, 1, 1, 1, 1] 168
[1, 1, 1, 1, 1] 183
[1, 1, 1, 1, 1] 230
[1, 1, 1, 1, 1] 240
[1, 1, 1, 1, 1] 286
[1, 1, 1, 1, 1] 360
[1, 1, 1, 1, 1] 543
[1, 1, 1, 1, 1] 555
[1, 1, 1, 1, 1] 565
[1, 1, 1, 1, 1] 649
[1, 1, 1, 1, 1] 732
[1, 1, 1, 1, 1] 811
[1, 1, 1, 1, 1] 811
[1, 1, 1, 1, 1] 821
[1, 1, 1, 1, 1] 841
[1, 1, 1, 1, 1] 860
[1, 1, 1, 1, 1] 875
[1, 1, 1, 1, 1] 927
[0, 1, 1, 1, 1] 63
[0, 1, 1, 1, 1] 131
[0, 1, 1, 1, 1] 217
[0, 1, 1, 1, 1] 227
[0, 1, 1, 1, 1] 484
[0, 1, 1, 1, 1] 503
[0, 1, 1, 1, 1] 525
[0, 1, 1, 1, 1] 544
[0, 1, 1, 1, 1] 623
[0, 1, 1, 1, 1] 631
[0, 1, 1, 1, 1] 651
[0, 1, 1, 1, 1] 761
[0, 1, 1, 1, 1] 812
[0, 1, 1, 1, 1] 913
[0, 0, 1, 1, 1] 75
[0, 0, 1, 1, 1] 193
[0, 0, 1, 1, 1] 237
[0, 0, 1, 1, 1] 262
[0, 0, 1, 1, 1] 317
[0, 0, 1, 1, 1] 350
[0, 0, 1, 1, 1] 375
[0, 0, 1, 1, 1] 404
[0, 0, 1, 1, 1] 426
[0, 0, 1, 1, 1] 487
[0, 0, 1, 1, 1] 494
[0, 0, 1, 1, 1] 527
[0, 0, 1, 1, 1] 618
[0, 0, 1, 1, 1] 645
[0, 0, 1, 1, 1] 682
[0, 0, 1, 1, 1] 808
[0, 0, 1, 1, 1] 850
[0, 0, 1, 1, 1] 866
[0, 0, 1, 1, 1] 978
[0, 0, 0, 1, 1] 60
[0, 0, 0, 1, 1] 75
[0, 0, 0, 1, 1] 82
[0, 0, 0, 1, 1] 96
[0, 0, 0, 1, 1] 129
[0, 0, 0, 1, 1] 169
[0, 0, 0, 1, 1] 235
[0, 0, 0, 1, 1] 248
[0, 0, 0, 1, 1] 258
[0, 0, 0, 1, 1] 273
[0, 0, 0, 1, 1] 408
[0, 0, 0, 1, 1] 421
[0, 0, 0, 1, 1] 458
[0, 0, 0, 1, 1] 508
[0, 0, 0, 1, 1] 510
[0, 0, 0, 1, 1] 564
[0, 0, 0, 1, 1] 620
[0, 0, 0, 1, 1] 770
[0, 0, 0, 1, 1] 777
[0, 0, 0, 1, 1] 803
[0, 0, 0, 1, 1] 808
[0, 0, 0, 1, 1] 867
[0, 0, 0, 1, 1] 883
[0, 0, 0, 1, 1] 897
[0, 0, 0, 1, 1] 986
[0, 0, 0, 1, 1] 998
[0, 0, 0, 0, 1] 1
[0, 0, 0, 0, 1] 36
[0, 0, 0, 0, 1] 69
[0, 0, 0, 0, 1] 75
[0, 0, 0, 0, 1] 132
[0, 0, 0, 0, 1] 136
[0, 0, 0, 0, 1] 244
[0, 0, 0, 0, 1] 301
[0, 0, 0, 0, 1] 351
[0, 0, 0, 0, 1] 457
[0, 0, 0, 0, 1] 530
[0, 0, 0, 0, 1] 582
[0, 0, 0, 0, 1] 630
[0, 0, 0, 0, 1] 663
[0, 0, 0, 0, 1] 702
[0, 0, 0, 0, 1] 735
[0, 0, 0, 0, 1] 792
[0, 0, 0, 0, 1] 822
[0, 0, 0, 0, 1] 838
[0, 0, 0, 0, 1] 999
