VARIABLES 100
NB_OBJ 5
ITEMS
[1, 1, 1, 1, 1] 20
[1, 1, 1, 1, 1] 35
[1, 1, 1, 1, 1] 53
[1, 1, 1, 1, 1] 102
[1, 1, 1, 1, 1] 184
[1, 1, 1, 1, 1] 187
[1, 1, 1, 1, 1] 243
[1, 1, 1, 1, 1] 267
[1, 1, 1, 1, 1] 347
[1, 1, 1, 1, 1] 362
[1, 1, 1, 1, 1] 367
[1, 1, 1, 1, 1] 389
[1, 1, 1, 1, 1] 498
[1, 1, 1, 1, 1] 534
[1, 1, 1, 1, 1] 549
[1, 1, 1, 1, 1] 615
[1, 1, 1, 1, 1] 632
[1, 1, 1, 1, 1] 653
[1, 1, 1, 1, 1] 656
[1, 1, 1, 1, 1] 664
[1, 1, 1, 1, 1] 675
[1, 1, 1, 1, 1] 727
[1, 1, 1, 1, 1] 770
[1, 1, 1, 1, 1] 932
[1, 1, 1, 1, 1] 937
[1, 1, 1, 1, 1] 969
[1, 1, 1, 1, 1] 970
[0, 1, 1, 1, 1] 79
[0, 1, 1, 1, 1] 112
[0, 1, 1, 1, 1] 140
[0, 1, 1, 1, 1] 144
[0, 1, 1, 1, 1] 154
[0, 1, 1, 1, 1] 176
[0, 1, 1, 1, 1] 181
[0, 1, 1, 1, 1] 308
[0, 1, 1, 1, 1] 320
[0, 1, 1, 1, 1] 372
[0, 1, 1, 1, 1] 484
[0, 1, 1, 1, 1] 497
[0, 1, 1, 1, 1] 543
[0, 1, 1, 1, 1] 569
[0, 1, 1, 1, 1] 596
[0, 1, 1, 1, 1] 601
[0, 1, 1, 1, 1] 633
[0, 1, 1, 1, 1] 731
[0, 1, 1, 1, 1] 754
[0, 1, 1, 1, 1] 832
[0, 1, 1, 1, 1] 929
[0, 0, 1, 1, 1] 92
[0, 0, 1, 1, 1] 177
[0, 0, 1, 1, 1] 259
[0, 0, 1, 1, 1] 339
[0, 0, 1, 1, 1] 342
[0, 0, 1, 1, 1] 342
[0, 0, 1, 1, 1] 351
[0, 0, 1, 1, 1] 395
[0, 0, 1, 1, 1] 435
[0, 0, 1, 1, 1] 491
[0, 0, 1, 1, 1] 509
[0, 0, 1, 1, 1] 528
[0, 0, 1, 1, 1] 536
[0, 0, 1, 1, 1] 612
[0, 0, 1, 1, 1] 692
[0, 0, 1, 1, 1] 735
[0, 0, 1, 1, 1] 756
[0, 0, 1, 1, 1] 759
[0, 0, 1, 1, 1] 786
[0, 0, 1, 1, 1] 841
[0, 0, 1, 1, 1] 872
[0, 0, 1, 1, 1] 921
[0, 0, 1, 1, 1] 975
[0, 0, 1, 1, 1] 977
[0, 0, 1, 1, 1] 996
[0, 0, 0, 1, 1] 34
[0, 0, 0, 1, 1] 113
[0, 0, 0, 1, 1] 180
[0, 0, 0, 1, 1] 208
[0, 0, 0, 1, 1] 262
[0, 0, 0, 1, 1] 288
[0, 0, 0, 1, 1] 314
[0, 0, 0, 1, 1] 384
[0, 0, 0, 1, 1] 402
[0, 0, 0, 1, 1] 511
[0, 0, 0, 1, 1] 612
[0, 0, 0, 1, 1] 657
[0, 0, 0, 1, 1] 682
[0, 0, 0, 1, 1] 689
[0, 0, 0, 1, 1] 739
[0, 0, 0, 1, 1] 892
[0, 0, 0, 0, 1] 18
[0, 0, 0, 0, 1] 74
[0, 0, 0, 0, 1] 90
[0, 0, 0, 0, 1] 379
[0, 0, 0, 0, 1] 510
[0, 0, 0, 0, 1] 593
[0, 0, 0, 0, 1] 662
[0, 0, 0, 0, 1] 669
[0, 0, 0, 0, 1] 747
[0, 0, 0, 0, 1] 782
[0, 0, 0, 0, 1] 826
