VARIABLES 100
NB_OBJ 5
ITEMS
[1, 1, 1, 1, 1] 252
[1, 1, 1, 1, 1] 262
[1, 1, 1, 1, 1] 305
[1, 1, 1, 1, 1] 326
[1, 1, 1, 1, 1] 535
[1, 1, 1, 1, 1] 579
[1, 1, 1, 1, 1] 649
[1, 1, 1, 1, 1] 773
[1, 1, 1, 1, 1] 861
[1, 1, 1, 1, 1] 907
[0, 1, 1, 1, 1] 74
[0, 1, 1, 1, 1] 120
[0, 1, 1, 1, 1] 186
[0, 1, 1, 1, 1] 251
[0, 1, 1, 1, 1] 292
[0, 1, 1, 1, 1] 343
[0, 1, 1, 1, 1] 345
[0, 1, 1, 1, 1] 384
[0, 1, 1, 1, 1] 402
[0, 1, 1, 1, 1] 435
[0, 1, 1, 1, 1] 499
[0, 1, 1, 1, 1] 509
[0, 1, 1, 1, 1] 551
[0, 1, 1, 1, 1] 571
[0, 1, 1, 1, 1] 597
[0, 1, 1, 1, 1] 854
[0, 1, 1, 1, 1] 884
[0, 1, 1, 1, 1] 916
[0, 1, 1, 1, 1] 935
[0, 1, 1, 1, 1] 967
[0, 0, 1, 1, 1] 64
[0, 0, 1, 1, 1] 131
[0, 0, 1, 1, 1] 186
[0, 0, 1, 1, 1] 215
[0, 0, 1, 1, 1] 257
[0, 0, 1, 1, 1] 293
[0, 0, 1, 1, 1] 452
[0, 0, 1, 1, 1] 495
[0, 0, 1, 1, 1] 623
[0, 0, 1, 1, 1] 625
[0, 0, 1, 1, 1] 637
[0, 0, 1, 1, 1] 647
[0, 0, 1, 1, 1] 690
[0, 0, 1, 1, 1] 725
[0, 0, 1, 1, 1] 800
[0, 0, 1, 1, 1] 842
[0, 0, 1, 1, 1] 854
[0, 0, 1, 1, 1] 882
[0, 0, 1, 1, 1] 913
[0, 0, 0, 1, 1] 8
[0, 0, 0, 1, 1] 42
[0, 0, 0, 1, 1] 63
[0, 0, 0, 1, 1] 91
[0, 0, 0, 1, 1] 125
[0, 0, 0, 1, 1] 197
[0, 0, 0, 1, 1] 229
[0, 0, 0, 1, 1] 270
[0, 0, 0, 1, 1] 286
[0, 0, 0, 1, 1] 340
[0, 0, 0, 1, 1] 395
[0, 0, 0, 1, 1] 399
[0, 0, 0, 1, 1] 424
[0, 0, 0, 1, 1] 471
[0, 0, 0, 1, 1] 535
[0, 0, 0, 1, 1] 538
[0, 0, 0, 1, 1] 549
[0, 0, 0, 1, 1] 579
[0, 0, 0, 1, 1] 630
[0, 0, 0, 1, 1] 685
[0, 0, 0, 1, 1] 860
[0, 0, 0, 1, 1] 867
[0, 0, 0, 1, 1] 877
[0, 0, 0, 1, 1] 916
[0, 0, 0, 1, 1] 934
[0, 0, 0, 0, 1] 10
[0, 0, 0, 0, 1] 28
[0, 0, 0, 0, 1] 94
[0, 0, 0, 0, 1] 121
[0, 0, 0, 0, 1] 273
[0, 0, 0, 0, 1] 276
[0, 0, 0, 0, 1] 302
[0, 0, 0, 0, 1] 376
[0, 0, 0, 0, 1] 382
[0, 0, 0, 0, 1] 391
[0, 0, 0, 0, 1] 488
[0, 0, 0, 0, 1] 542
[0, 0, 0, 0, 1] 602
[0, 0, 0, 0, 1] 609
[0, 0, 0, 0, 1] 649
[0, 0, 0, 0, 1] 720
[0, 0, 0, 0, 1] 784
[0, 0, 0, 0, 1] 823
[0, 0, 0, 0, 1] 839
[0, 0, 0, 0, 1] 854
[0, 0, 0, 0, 1] 866
[0, 0, 0, 0, 1] 869
[0, 0, 0, 0, 1] 914
[0, 0, 0, 0, 1] 939
[0, 0, 0, 0, 1] 947
[0, 0, 0, 0, 1] 962
