VARIABLES 100
NB_OBJ 5
ITEMS
[1, 1, 1, 1, 1] 70
[1, 1, 1, 1, 1] 93
[1, 1, 1, 1, 1] 147
[1, 1, 1, 1, 1] 212
[1, 1, 1, 1, 1] 321
[1, 1, 1, 1, 1] 327
[1, 1, 1, 1, 1] 402
[1, 1, 1, 1, 1] 420
[1, 1, 1, 1, 1] 559
[1, 1, 1, 1, 1] 612
[1, 1, 1, 1, 1] 640
[1, 1, 1, 1, 1] 643
[1, 1, 1, 1, 1] 716
[1, 1, 1, 1, 1] 755
[1, 1, 1, 1, 1] 795
[1, 1, 1, 1, 1] 900
[1, 1, 1, 1, 1] 936
[1, 1, 1, 1, 1] 958
[0, 1, 1, 1, 1] 21
[0, 1, 1, 1, 1] 58
[0, 1, 1, 1, 1] 77
[0, 1, 1, 1, 1] 185
[0, 1, 1, 1, 1] 219
[0, 1, 1, 1, 1] 292
[0, 1, 1, 1, 1] 310
[0, 1, 1, 1, 1] 398
[0, 1, 1, 1, 1] 482
[0, 1, 1, 1, 1] 609
[0, 1, 1, 1, 1] 661
[0, 1, 1, 1, 1] 684
[0, 1, 1, 1, 1] 687
[0, 1, 1, 1, 1] 710
[0, 1, 1, 1, 1] 715
[0, 1, 1, 1, 1] 782
[0, 1, 1, 1, 1] 828
[0, 1, 1, 1, 1] 843
[0, 1, 1, 1, 1] 892
[0, 1, 1, 1, 1] 901
[0, 1, 1, 1, 1] 904
[0, 1, 1, 1, 1] 929
[0, 1, 1, 1, 1] 990
[0, 1, 1, 1, 1] 994
[0, 0, 1, 1, 1] 23
[0, 0, 1, 1, 1] 68
[0, 0, 1, 1, 1] 219
[0, 0, 1, 1, 1] 229
[0, 0, 1, 1, 1] 242
[0, 0, 1, 1, 1] 345
[0, 0, 1, 1, 1] 355
[0, 0, 1, 1, 1] 358
[0, 0, 1, 1, 1] 391
[0, 0, 1, 1, 1] 431
[0, 0, 1, 1, 1] 540
[0, 0, 1, 1, 1] 611
[0, 0, 1, 1, 1] 615
[0, 0, 1, 1, 1] 704
[0, 0, 1, 1, 1] 730
[0, 0, 1, 1, 1] 732
[0, 0, 1, 1, 1] 764
[0, 0, 1, 1, 1] 928
[0, 0, 0, 1, 1] 97
[0, 0, 0, 1, 1] 185
[0, 0, 0, 1, 1] 212
[0, 0, 0, 1, 1] 229
[0, 0, 0, 1, 1] 298
[0, 0, 0, 1, 1] 300
[0, 0, 0, 1, 1] 306
[0, 0, 0, 1, 1] 350
[0, 0, 0, 1, 1] 364
[0, 0, 0, 1, 1] 375
[0, 0, 0, 1, 1] 380
[0, 0, 0, 1, 1] 424
[0, 0, 0, 1, 1] 431
[0, 0, 0, 1, 1] 496
[0, 0, 0, 1, 1] 666
[0, 0, 0, 1, 1] 728
[0, 0, 0, 1, 1] 733
[0, 0, 0, 1, 1] 734
[0, 0, 0, 1, 1] 783
[0, 0, 0, 1, 1] 875
[0, 0, 0, 1, 1] 891
[0, 0, 0, 1, 1] 990
[0, 0, 0, 0, 1] 223
[0, 0, 0, 0, 1] 319
[0, 0, 0, 0, 1] 372
[0, 0, 0, 0, 1] 452
[0, 0, 0, 0, 1] 483
[0, 0, 0, 0, 1] 548
[0, 0, 0, 0, 1] 569
[0, 0, 0, 0, 1] 574
[0, 0, 0, 0, 1] 578
[0, 0, 0, 0, 1] 685
[0, 0, 0, 0, 1] 720
[0, 0, 0, 0, 1] 749
[0, 0, 0, 0, 1] 783
[0, 0, 0, 0, 1] 801
[0, 0, 0, 0, 1] 957
[0, 0, 0, 0, 1] 970
[0, 0, 0, 0, 1] 982
[0, 0, 0, 0, 1] 985
