VARIABLES 100
NB_OBJ 5
ITEMS
[1, 1, 1, 1, 1] 2
[1, 1, 1, 1, 1] 124
[1, 1, 1, 1, 1] 132
[1, 1, 1, 1, 1] 307
[1, 1, 1, 1, 1] 472
[1, 1, 1, 1, 1] 500
[1, 1, 1, 1, 1] 511
[1, 1, 1, 1, 1] 617
[1, 1, 1, 1, 1] 693
[1, 1, 1, 1, 1] 812
[1, 1, 1, 1, 1] 825
[1, 1, 1, 1, 1] 927
[0, 1, 1, 1, 1] 45
[0, 1, 1, 1, 1] 67
[0, 1, 1, 1, 1] 75
[0, 1, 1, 1, 1] 248
[0, 1, 1, 1, 1] 334
[0, 1, 1, 1, 1] 365
[0, 1, 1, 1, 1] 421
[0, 1, 1, 1, 1] 428
[0, 1, 1, 1, 1] 556
[0, 1, 1, 1, 1] 656
[0, 1, 1, 1, 1] 745
[0, 1, 1, 1, 1] 817
[0, 1, 1, 1, 1] 833
[0, 1, 1, 1, 1] 930
[0, 1, 1, 1, 1] 967
[0, 0, 1, 1, 1] 138
[0, 0, 1, 1, 1] 157
[0, 0, 1, 1, 1] 264
[0, 0, 1, 1, 1] 364
[0, 0, 1, 1, 1] 376
[0, 0, 1, 1, 1] 393
[0, 0, 1, 1, 1] 475
[0, 0, 1, 1, 1] 491
[0, 0, 1, 1, 1] 500
[0, 0, 1, 1, 1] 604
[0, 0, 1, 1, 1] 633
[0, 0, 1, 1, 1] 677
[0, 0, 1, 1, 1] 745
[0, 0, 1, 1, 1] 785
[0, 0, 1, 1, 1] 814
[0, 0, 1, 1, 1] 849
[0, 0, 1, 1, 1] 919
[0, 0, 1, 1, 1] 940
[0, 0, 1, 1, 1] 957
[0, 0, 1, 1, 1] 957
[0, 0, 1, 1, 1] 988
[0, 0, 0, 1, 1] 64
[0, 0, 0, 1, 1] 102
[0, 0, 0, 1, 1] 119
[0, 0, 0, 1, 1] 129
[0, 0, 0, 1, 1] 138
[0, 0, 0, 1, 1] 142
[0, 0, 0, 1, 1] 145
[0, 0, 0, 1, 1] 225
[0, 0, 0, 1, 1] 225
[0, 0, 0, 1, 1] 226
[0, 0, 0, 1, 1] 254
[0, 0, 0, 1, 1] 256
[0, 0, 0, 1, 1] 262
[0, 0, 0, 1, 1] 295
[0, 0, 0, 1, 1] 300
[0, 0, 0, 1, 1] 358
[0, 0, 0, 1, 1] 459
[0, 0, 0, 1, 1] 468
[0, 0, 0, 1, 1] 476
[0, 0, 0, 1, 1] 526
[0, 0, 0, 1, 1] 624
[0, 0, 0, 1, 1] 644
[0, 0, 0, 1, 1] 678
[0, 0, 0, 1, 1] 688
[0, 0, 0, 1, 1] 695
[0, 0, 0, 1, 1] 699
[0, 0, 0, 1, 1] 730
[0, 0, 0, 1, 1] 810
[0, 0, 0, 1, 1] 816
[0, 0, 0, 1, 1] 862
[0, 0, 0, 1, 1] 871
[0, 0, 0, 1, 1] 992
[0, 0, 0, 0, 1] 254
[0, 0, 0, 0, 1] 284
[0, 0, 0, 0, 1] 301
[0, 0, 0, 0, 1] 302
[0, 0, 0, 0, 1] 311
[0, 0, 0, 0, 1] 363
[0, 0, 0, 0, 1] 382
[0, 0, 0, 0, 1] 576
[0, 0, 0, 0, 1] 593
[0, 0, 0, 0, 1] 627
[0, 0, 0, 0, 1] 653
[0, 0, 0, 0, 1] 659
[0, 0, 0, 0, 1] 686
[0, 0, 0, 0, 1] 705
[0, 0, 0, 0, 1] 789
[0, 0, 0, 0, 1] 790
[0, 0, 0, 0, 1] 827
[0, 0, 0, 0, 1] 834
[0, 0, 0, 0, 1] 927
[0, 0, 0, 0, 1] 956
