VARIABLES 100
NB_OBJ 5
ITEMS
[1, 1, 1, 1, 1] 32
[1, 1, 1, 1, 1] 62
[1, 1, 1, 1, 1] 89
[1, 1, 1, 1, 1] 196
[1, 1, 1, 1, 1] 244
[1, 1, 1, 1, 1] 283
[1, 1, 1, 1, 1] 293
[1, 1, 1, 1, 1] 294
[1, 1, 1, 1, 1] 307
[1, 1, 1, 1, 1] 346
[1, 1, 1, 1, 1] 354
[1, 1, 1, 1, 1] 372
[1, 1, 1, 1, 1] 388
[1, 1, 1, 1, 1] 428
[1, 1, 1, 1, 1] 480
[1, 1, 1, 1, 1] 509
[1, 1, 1, 1, 1] 539
[1, 1, 1, 1, 1] 581
[1, 1, 1, 1, 1] 628
[1, 1, 1, 1, 1] 718
[1, 1, 1, 1, 1] 837
[1, 1, 1, 1, 1] 871
[1, 1, 1, 1, 1] 923
[1, 1, 1, 1, 1] 939
[1, 1, 1, 1, 1] 984
[0, 1, 1, 1, 1] 32
[0, 1, 1, 1, 1] 109
[0, 1, 1, 1, 1] 184
[0, 1, 1, 1, 1] 206
[0, 1, 1, 1, 1] 211
[0, 1, 1, 1, 1] 358
[0, 1, 1, 1, 1] 397
[0, 1, 1, 1, 1] 419
[0, 1, 1, 1, 1] 480
[0, 1, 1, 1, 1] 496
[0, 1, 1, 1, 1] 512
[0, 1, 1, 1, 1] 536
[0, 1, 1, 1, 1] 655
[0, 1, 1, 1, 1] 831
[0, 1, 1, 1, 1] 876
[0, 0, 1, 1, 1] 25
[0, 0, 1, 1, 1] 73
[0, 0, 1, 1, 1] 124
[0, 0, 1, 1, 1] 269
[0, 0, 1, 1, 1] 376
[0, 0, 1, 1, 1] 476
[0, 0, 1, 1, 1] 489
[0, 0, 1, 1, 1] 525
[0, 0, 1, 1, 1] 591
[0, 0, 1, 1, 1] 592
[0, 0, 1, 1, 1] 610
[0, 0, 1, 1, 1] 620
[0, 0, 1, 1, 1] 669
[0, 0, 1, 1, 1] 750
[0, 0, 1, 1, 1] 793
[0, 0, 1, 1, 1] 873
[0, 0, 1, 1, 1] 884
[0, 0, 1, 1, 1] 922
[0, 0, 1, 1, 1] 931
[0, 0, 1, 1, 1] 944
[0, 0, 1, 1, 1] 964
[0, 0, 1, 1, 1] 971
[0, 0, 1, 1, 1] 981
[0, 0, 0, 1, 1] 127
[0, 0, 0, 1, 1] 154
[0, 0, 0, 1, 1] 212
[0, 0, 0, 1, 1] 258
[0, 0, 0, 1, 1] 317
[0, 0, 0, 1, 1] 351
[0, 0, 0, 1, 1] 400
[0, 0, 0, 1, 1] 428
[0, 0, 0, 1, 1] 466
[0, 0, 0, 1, 1] 517
[0, 0, 0, 1, 1] 543
[0, 0, 0, 1, 1] 604
[0, 0, 0, 1, 1] 646
[0, 0, 0, 1, 1] 681
[0, 0, 0, 1, 1] 699
[0, 0, 0, 1, 1] 712
[0, 0, 0, 1, 1] 782
[0, 0, 0, 1, 1] 896
[0, 0, 0, 1, 1] 912
[0, 0, 0, 1, 1] 959
[0, 0, 0, 1, 1] 995
[0, 0, 0, 0, 1] 2
[0, 0, 0, 0, 1] 15
[0, 0, 0, 0, 1] 60
[0, 0, 0, 0, 1] 241
[0, 0, 0, 0, 1] 337
[0, 0, 0, 0, 1] 337
[0, 0, 0, 0, 1] 421
[0, 0, 0, 0, 1] 428
[0, 0, 0, 0, 1] 477
[0, 0, 0, 0, 1] 537
[0, 0, 0, 0, 1] 605
[0, 0, 0, 0, 1] 663
[0, 0, 0, 0, 1] 772
[0, 0, 0, 0, 1] 798
[0, 0, 0, 0, 1] 921
[0, 0, 0, 0, 1] 962
