VARIABLES 100
NB_OBJ 5
ITEMS
[1, 1, 1, 1, 1] 49
[1, 1, 1, 1, 1] 133
[1, 1, 1, 1, 1] 181
[1, 1, 1, 1, 1] 238
[1, 1, 1, 1, 1] 371
[1, 1, 1, 1, 1] 435
[1, 1, 1, 1, 1] 564
[1, 1, 1, 1, 1] 583
[1, 1, 1, 1, 1] 602
[1, 1, 1, 1, 1] 631
[1, 1, 1, 1, 1] 699
[1, 1, 1, 1, 1] 812
[1, 1, 1, 1, 1] 837
[1, 1, 1, 1, 1] 873
[1, 1, 1, 1, 1] 922
[1, 1, 1, 1, 1] 944
[0, 1, 1, 1, 1] 31
[0, 1, 1, 1, 1] 110
[0, 1, 1, 1, 1] 184
[0, 1, 1, 1, 1] 191
[0, 1, 1, 1, 1] 233
[0, 1, 1, 1, 1] 330
[0, 1, 1, 1, 1] 382
[0, 1, 1, 1, 1] 405
[0, 1, 1, 1, 1] 488
[0, 1, 1, 1, 1] 496
[0, 1, 1, 1, 1] 497
[0, 1, 1, 1, 1] 500
[0, 1, 1, 1, 1] 573
[0, 1, 1, 1, 1] 650
[0, 1, 1, 1, 1] 768
[0, 1, 1, 1, 1] 807
[0, 1, 1, 1, 1] 810
[0, 1, 1, 1, 1] 820
[0, 1, 1, 1, 1] 828
[0, 1, 1, 1, 1] 850
[0, 1, 1, 1, 1] 971
[0, 0, 1, 1, 1] 126
[0, 0, 1, 1, 1] 147
[0, 0, 1, 1, 1] 195
[0, 0, 1, 1, 1] 252
[0, 0, 1, 1, 1] 322
[0, 0, 1, 1, 1] 329
[0, 0, 1, 1, 1] 400
[0, 0, 1, 1, 1] 474
[0, 0, 1, 1, 1] 489
[0, 0, 1, 1, 1] 559
[0, 0, 1, 1, 1] 632
[0, 0, 1, 1, 1] 634
[0, 0, 1, 1, 1] 660
[0, 0, 1, 1, 1] 664
[0, 0, 1, 1, 1] 715
[0, 0, 1, 1, 1] 814
[0, 0, 1, 1, 1] 840
[0, 0, 1, 1, 1] 895
[0, 0, 1, 1, 1] 911
[0, 0, 0, 1, 1] 77
[0, 0, 0, 1, 1] 119
[0, 0, 0, 1, 1] 152
[0, 0, 0, 1, 1] 173
[0, 0, 0, 1, 1] 331
[0, 0, 0, 1, 1] 387
[0, 0, 0, 1, 1] 403
[0, 0, 0, 1, 1] 407
[0, 0, 0, 1, 1] 455
[0, 0, 0, 1, 1] 490
[0, 0, 0, 1, 1] 523
[0, 0, 0, 1, 1] 624
[0, 0, 0, 1, 1] 642
[0, 0, 0, 1, 1] 663
[0, 0, 0, 1, 1] 770
[0, 0, 0, 1, 1] 829
[0, 0, 0, 1, 1] 859
[0, 0, 0, 1, 1] 870
[0, 0, 0, 1, 1] 941
[0, 0, 0, 1, 1] 983
[0, 0, 0, 0, 1] 23
[0, 0, 0, 0, 1] 43
[0, 0, 0, 0, 1] 158
[0, 0, 0, 0, 1] 189
[0, 0, 0, 0, 1] 199
[0, 0, 0, 0, 1] 282
[0, 0, 0, 0, 1] 290
[0, 0, 0, 0, 1] 373
[0, 0, 0, 0, 1] 418
[0, 0, 0, 0, 1] 522
[0, 0, 0, 0, 1] 535
[0, 0, 0, 0, 1] 625
[0, 0, 0, 0, 1] 660
[0, 0, 0, 0, 1] 681
[0, 0, 0, 0, 1] 698
[0, 0, 0, 0, 1] 732
[0, 0, 0, 0, 1] 748
[0, 0, 0, 0, 1] 777
[0, 0, 0, 0, 1] 827
[0, 0, 0, 0, 1] 828
[0, 0, 0, 0, 1] 845
[0, 0, 0, 0, 1] 876
[0, 0, 0, 0, 1] 928
[0, 0, 0, 0, 1] 941
