VARIABLES 100
NB_OBJ 5
ITEMS
[1, 1, 1, 1, 1] 102
[1, 1, 1, 1, 1] 120
[1, 1, 1, 1, 1] 124
[1, 1, 1, 1, 1] 139
[1, 1, 1, 1, 1] 149
[1, 1, 1, 1, 1] 150
[1, 1, 1, 1, 1] 287
[1, 1, 1, 1, 1] 349
[1, 1, 1, 1, 1] 429
[1, 1, 1, 1, 1] 430
[1, 1, 1, 1, 1] 448
[1, 1, 1, 1, 1] 458
[1, 1, 1, 1, 1] 473
[1, 1, 1, 1, 1] 493
[1, 1, 1, 1, 1] 566
[1, 1, 1, 1, 1] 631
[1, 1, 1, 1, 1] 680
[1, 1, 1, 1, 1] 705
[1, 1, 1, 1, 1] 778
[1, 1, 1, 1, 1] 901
[1, 1, 1, 1, 1] 957
[0, 1, 1, 1, 1] 15
[0, 1, 1, 1, 1] 69
[0, 1, 1, 1, 1] 116
[0, 1, 1, 1, 1] 182
[0, 1, 1, 1, 1] 254
[0, 1, 1, 1, 1] 314
[0, 1, 1, 1, 1] 493
[0, 1, 1, 1, 1] 517
[0, 1, 1, 1, 1] 524
[0, 1, 1, 1, 1] 525
[0, 1, 1, 1, 1] 529
[0, 1, 1, 1, 1] 603
[0, 1, 1, 1, 1] 752
[0, 1, 1, 1, 1] 804
[0, 1, 1, 1, 1] 856
[0, 0, 1, 1, 1] 38
[0, 0, 1, 1, 1] 56
[0, 0, 1, 1, 1] 88
[0, 0, 1, 1, 1] 155
[0, 0, 1, 1, 1] 247
[0, 0, 1, 1, 1] 386
[0, 0, 1, 1, 1] 431
[0, 0, 1, 1, 1] 477
[0, 0, 1, 1, 1] 481
[0, 0, 1, 1, 1] 498
[0, 0, 1, 1, 1] 507
[0, 0, 1, 1, 1] 544
[0, 0, 1, 1, 1] 561
[0, 0, 1, 1, 1] 608
[0, 0, 1, 1, 1] 666
[0, 0, 1, 1, 1] 792
[0, 0, 1, 1, 1] 888
[0, 0, 1, 1, 1] 913
[0, 0, 1, 1, 1] 972
[0, 0, 0, 1, 1] 6
[0, 0, 0, 1, 1] 122
[0, 0, 0, 1, 1] 151
[0, 0, 0, 1, 1] 183
[0, 0, 0, 1, 1] 227
[0, 0, 0, 1, 1] 244
[0, 0, 0, 1, 1] 318
[0, 0, 0, 1, 1] 427
[0, 0, 0, 1, 1] 495
[0, 0, 0, 1, 1] 537
[0, 0, 0, 1, 1] 539
[0, 0, 0, 1, 1] 560
[0, 0, 0, 1, 1] 589
[0, 0, 0, 1, 1] 630
[0, 0, 0, 1, 1] 640
[0, 0, 0, 1, 1] 642
[0, 0, 0, 1, 1] 642
[0, 0, 0, 1, 1] 696
[0, 0, 0, 1, 1] 753
[0, 0, 0, 1, 1] 780
[0, 0, 0, 1, 1] 826
[0, 0, 0, 1, 1] 948
[0, 0, 0, 1, 1] 961
[0, 0, 0, 1, 1] 962
[0, 0, 0, 0, 1] 1
[0, 0, 0, 0, 1] 9
[0, 0, 0, 0, 1] 32
[0, 0, 0, 0, 1] 75
[0, 0, 0, 0, 1] 100
[0, 0, 0, 0, 1] 172
[0, 0, 0, 0, 1] 204
[0, 0, 0, 0, 1] 233
[0, 0, 0, 0, 1] 311
[0, 0, 0, 0, 1] 318
[0, 0, 0, 0, 1] 366
[0, 0, 0, 0, 1] 366
[0, 0, 0, 0, 1] 503
[0, 0, 0, 0, 1] 525
[0, 0, 0, 0, 1] 616
[0, 0, 0, 0, 1] 665
[0, 0, 0, 0, 1] 792
[0, 0, 0, 0, 1] 850
[0, 0, 0, 0, 1] 852
[0, 0, 0, 0, 1] 858
[0, 0, 0, 0, 1] 971
