VARIABLES 100
NB_OBJ 5
ITEMS
[1, 1, 1, 1, 1] 1
[1, 1, 1, 1, 1] 121
[1, 1, 1, 1, 1] 343
[1, 1, 1, 1, 1] 375
[1, 1, 1, 1, 1] 406
[1, 1, 1, 1, 1] 420
[1, 1, 1, 1, 1] 457
[1, 1, 1, 1, 1] 479
[1, 1, 1, 1, 1] 600
[1, 1, 1, 1, 1] 613
[1, 1, 1, 1, 1] 621
[1, 1, 1, 1, 1] 630
[1, 1, 1, 1, 1] 715
[1, 1, 1, 1, 1] 747
[1, 1, 1, 1, 1] 897
[1, 1, 1, 1, 1] 978
[1, 1, 1, 1, 1] 994
[0, 1, 1, 1, 1] 10
[0, 1, 1, 1, 1] 23
[0, 1, 1, 1, 1] 27
[0, 1, 1, 1, 1] 43
[0, 1, 1, 1, 1] 46
[0, 1, 1, 1, 1] 72
[0, 1, 1, 1, 1] 227
[0, 1, 1, 1, 1] 234
[0, 1, 1, 1, 1] 291
[0, 1, 1, 1, 1] 334
[0, 1, 1, 1, 1] 414
[0, 1, 1, 1, 1] 509
[0, 1, 1, 1, 1] 579
[0, 1, 1, 1, 1] 585
[0, 1, 1, 1, 1] 599
[0, 1, 1, 1, 1] 646
[0, 1, 1, 1, 1] 708
[0, 1, 1, 1, 1] 730
[0, 1, 1, 1, 1] 752
[0, 1, 1, 1, 1] 926
[0, 1, 1, 1, 1] 934
[0, 1, 1, 1, 1] 971
[0, 0, 1, 1, 1] 67
[0, 0, 1, 1, 1] 71
[0, 0, 1, 1, 1] 149
[0, 0, 1, 1, 1] 230
[0, 0, 1, 1, 1] 331
[0, 0, 1, 1, 1] 496
[0, 0, 1, 1, 1] 515
[0, 0, 1, 1, 1] 528
[0, 0, 1, 1, 1] 582
[0, 0, 1, 1, 1] 663
[0, 0, 1, 1, 1] 710
[0, 0, 1, 1, 1] 760
[0, 0, 1, 1, 1] 816
[0, 0, 1, 1, 1] 820
[0, 0, 1, 1, 1] 872
[0, 0, 1, 1, 1] 873
[0, 0, 0, 1, 1] 63
[0, 0, 0, 1, 1] 161
[0, 0, 0, 1, 1] 213
[0, 0, 0, 1, 1] 214
[0, 0, 0, 1, 1] 260
[0, 0, 0, 1, 1] 316
[0, 0, 0, 1, 1] 341
[0, 0, 0, 1, 1] 346
[0, 0, 0, 1, 1] 356
[0, 0, 0, 1, 1] 392
[0, 0, 0, 1, 1] 429
[0, 0, 0, 1, 1] 439
[0, 0, 0, 1, 1] 452
[0, 0, 0, 1, 1] 492
[0, 0, 0, 1, 1] 509
[0, 0, 0, 1, 1] 584
[0, 0, 0, 1, 1] 617
[0, 0, 0, 1, 1] 624
[0, 0, 0, 1, 1] 624
[0, 0, 0, 1, 1] 649
[0, 0, 0, 1, 1] 685
[0, 0, 0, 1, 1] 708
[0, 0, 0, 1, 1] 716
[0, 0, 0, 1, 1] 721
[0, 0, 0, 1, 1] 746
[0, 0, 0, 1, 1] 777
[0, 0, 0, 1, 1] 847
[0, 0, 0, 1, 1] 860
[0, 0, 0, 1, 1] 905
[0, 0, 0, 0, 1] 90
[0, 0, 0, 0, 1] 108
[0, 0, 0, 0, 1] 147
[0, 0, 0, 0, 1] 196
[0, 0, 0, 0, 1] 315
[0, 0, 0, 0, 1] 364
[0, 0, 0, 0, 1] 423
[0, 0, 0, 0, 1] 618
[0, 0, 0, 0, 1] 709
[0, 0, 0, 0, 1] 721
[0, 0, 0, 0, 1] 724
[0, 0, 0, 0, 1] 745
[0, 0, 0, 0, 1] 758
[0, 0, 0, 0, 1] 814
[0, 0, 0, 0, 1] 928
[0, 0, 0, 0, 1] 970
