VARIABLES 100
NB_OBJ 5
ITEMS
[1, 1, 1, 1, 1] 18
[1, 1, 1, 1, 1] 32
[1, 1, 1, 1, 1] 198
[1, 1, 1, 1, 1] 222
[1, 1, 1, 1, 1] 390
[1, 1, 1, 1, 1] 413
[1, 1, 1, 1, 1] 626
[1, 1, 1, 1, 1] 646
[1, 1, 1, 1, 1] 709
[1, 1, 1, 1, 1] 714
[1, 1, 1, 1, 1] 770
[1, 1, 1, 1, 1] 892
[1, 1, 1, 1, 1] 935
[1, 1, 1, 1, 1] 943
[0, 1, 1, 1, 1] 19
[0, 1, 1, 1, 1] 58
[0, 1, 1, 1, 1] 92
[0, 1, 1, 1, 1] 123
[0, 1, 1, 1, 1] 129
[0, 1, 1, 1, 1] 196
[0, 1, 1, 1, 1] 196
[0, 1, 1, 1, 1] 226
[0, 1, 1, 1, 1] 237
[0, 1, 1, 1, 1] 340
[0, 1, 1, 1, 1] 438
[0, 1, 1, 1, 1] 477
[0, 1, 1, 1, 1] 489
[0, 1, 1, 1, 1] 592
[0, 1, 1, 1, 1] 611
[0, 1, 1, 1, 1] 646
[0, 1, 1, 1, 1] 660
[0, 1, 1, 1, 1] 699
[0, 1, 1, 1, 1] 708
[0, 1, 1, 1, 1] 746
[0, 1, 1, 1, 1] 749
[0, 1, 1, 1, 1] 910
[0, 1, 1, 1, 1] 951
[0, 1, 1, 1, 1] 956
[0, 1, 1, 1, 1] 958
[0, 0, 1, 1, 1] 50
[0, 0, 1, 1, 1] 54
[0, 0, 1, 1, 1] 133
[0, 0, 1, 1, 1] 158
[0, 0, 1, 1, 1] 194
[0, 0, 1, 1, 1] 194
[0, 0, 1, 1, 1] 424
[0, 0, 1, 1, 1] 440
[0, 0, 1, 1, 1] 470
[0, 0, 1, 1, 1] 503
[0, 0, 1, 1, 1] 520
[0, 0, 1, 1, 1] 561
[0, 0, 1, 1, 1] 678
[0, 0, 1, 1, 1] 724
[0, 0, 1, 1, 1] 825
[0, 0, 1, 1, 1] 836
[0, 0, 1, 1, 1] 932
[0, 0, 0, 1, 1] 212
[0, 0, 0, 1, 1] 295
[0, 0, 0, 1, 1] 316
[0, 0, 0, 1, 1] 357
[0, 0, 0, 1, 1] 375
[0, 0, 0, 1, 1] 382
[0, 0, 0, 1, 1] 402
[0, 0, 0, 1, 1] 404
[0, 0, 0, 1, 1] 431
[0, 0, 0, 1, 1] 494
[0, 0, 0, 1, 1] 651
[0, 0, 0, 1, 1] 730
[0, 0, 0, 1, 1] 757
[0, 0, 0, 1, 1] 760
[0, 0, 0, 1, 1] 779
[0, 0, 0, 1, 1] 796
[0, 0, 0, 1, 1] 819
[0, 0, 0, 1, 1] 829
[0, 0, 0, 1, 1] 865
[0, 0, 0, 1, 1] 965
[0, 0, 0, 1, 1] 966
[0, 0, 0, 0, 1] 2
[0, 0, 0, 0, 1] 25
[0, 0, 0, 0, 1] 62
[0, 0, 0, 0, 1] 68
[0, 0, 0, 0, 1] 132
[0, 0, 0, 0, 1] 171
[0, 0, 0, 0, 1] 204
[0, 0, 0, 0, 1] 238
[0, 0, 0, 0, 1] 262
[0, 0, 0, 0, 1] 297
[0, 0, 0, 0, 1] 374
[0, 0, 0, 0, 1] 391
[0, 0, 0, 0, 1] 435
[0, 0, 0, 0, 1] 454
[0, 0, 0, 0, 1] 466
[0, 0, 0, 0, 1] 487
[0, 0, 0, 0, 1] 504
[0, 0, 0, 0, 1] 561
[0, 0, 0, 0, 1] 600
[0, 0, 0, 0, 1] 779
[0, 0, 0, 0, 1] 793
[0, 0, 0, 0, 1] 831
[0, 0, 0, 0, 1] 885
