VARIABLES 100
NB_OBJ 5
ITEMS
[1, 1, 1, 1, 1] 82
[1, 1, 1, 1, 1] 89
[1, 1, 1, 1, 1] 102
[1, 1, 1, 1, 1] 125
[1, 1, 1, 1, 1] 140
[1, 1, 1, 1, 1] 253
[1, 1, 1, 1, 1] 331
[1, 1, 1, 1, 1] 344
[1, 1, 1, 1, 1] 395
[1, 1, 1, 1, 1] 418
[1, 1, 1, 1, 1] 420
[1, 1, 1, 1, 1] 571
[1, 1, 1, 1, 1] 589
[1, 1, 1, 1, 1] 594
[1, 1, 1, 1, 1] 688
[1, 1, 1, 1, 1] 767
[1, 1, 1, 1, 1] 819
[1, 1, 1, 1, 1] 823
[1, 1, 1, 1, 1] 862
[1, 1, 1, 1, 1] 920
[1, 1, 1, 1, 1] 990
[0, 1, 1, 1, 1] 87
[0, 1, 1, 1, 1] 124
[0, 1, 1, 1, 1] 168
[0, 1, 1, 1, 1] 169
[0, 1, 1, 1, 1] 227
[0, 1, 1, 1, 1] 280
[0, 1, 1, 1, 1] 303
[0, 1, 1, 1, 1] 400
[0, 1, 1, 1, 1] 416
[0, 1, 1, 1, 1] 467
[0, 1, 1, 1, 1] 473
[0, 1, 1, 1, 1] 510
[0, 1, 1, 1, 1] 536
[0, 1, 1, 1, 1] 561
[0, 1, 1, 1, 1] 589
[0, 1, 1, 1, 1] 590
[0, 1, 1, 1, 1] 595
[0, 1, 1, 1, 1] 762
[0, 1, 1, 1, 1] 791
[0, 1, 1, 1, 1] 837
[0, 1, 1, 1, 1] 867
[0, 1, 1, 1, 1] 878
[0, 0, 1, 1, 1] 84
[0, 0, 1, 1, 1] 144
[0, 0, 1, 1, 1] 220
[0, 0, 1, 1, 1] 242
[0, 0, 1, 1, 1] 375
[0, 0, 1, 1, 1] 433
[0, 0, 1, 1, 1] 457
[0, 0, 1, 1, 1] 473
[0, 0, 1, 1, 1] 475
[0, 0, 1, 1, 1] 505
[0, 0, 1, 1, 1] 533
[0, 0, 1, 1, 1] 787
[0, 0, 1, 1, 1] 861
[0, 0, 1, 1, 1] 913
[0, 0, 1, 1, 1] 938
[0, 0, 1, 1, 1] 972
[0, 0, 1, 1, 1] 981
[0, 0, 1, 1, 1] 982
[0, 0, 1, 1, 1] 990
[0, 0, 0, 1, 1] 164
[0, 0, 0, 1, 1] 238
[0, 0, 0, 1, 1] 301
[0, 0, 0, 1, 1] 373
[0, 0, 0, 1, 1] 416
[0, 0, 0, 1, 1] 449
[0, 0, 0, 1, 1] 465
[0, 0, 0, 1, 1] 580
[0, 0, 0, 1, 1] 716
[0, 0, 0, 1, 1] 737
[0, 0, 0, 1, 1] 803
[0, 0, 0, 1, 1] 848
[0, 0, 0, 1, 1] 889
[0, 0, 0, 1, 1] 891
[0, 0, 0, 1, 1] 926
[0, 0, 0, 1, 1] 931
[0, 0, 0, 1, 1] 984
[0, 0, 0, 0, 1] 8
[0, 0, 0, 0, 1] 98
[0, 0, 0, 0, 1] 120
[0, 0, 0, 0, 1] 126
[0, 0, 0, 0, 1] 138
[0, 0, 0, 0, 1] 159
[0, 0, 0, 0, 1] 202
[0, 0, 0, 0, 1] 246
[0, 0, 0, 0, 1] 312
[0, 0, 0, 0, 1] 392
[0, 0, 0, 0, 1] 489
[0, 0, 0, 0, 1] 518
[0, 0, 0, 0, 1] 573
[0, 0, 0, 0, 1] 664
[0, 0, 0, 0, 1] 681
[0, 0, 0, 0, 1] 730
[0, 0, 0, 0, 1] 826
[0, 0, 0, 0, 1] 921
[0, 0, 0, 0, 1] 974
[0, 0, 0, 0, 1] 975
[0, 0, 0, 0, 1] 998
