VARIABLES 100
NB_OBJ 5
ITEMS
[1, 1, 1, 1, 1] 8
[1, 1, 1, 1, 1] 21
[1, 1, 1, 1, 1] 129
[1, 1, 1, 1, 1] 270
[1, 1, 1, 1, 1] 324
[1, 1, 1, 1, 1] 356
[1, 1, 1, 1, 1] 374
[1, 1, 1, 1, 1] 385
[1, 1, 1, 1, 1] 431
[1, 1, 1, 1, 1] 481
[1, 1, 1, 1, 1] 546
[1, 1, 1, 1, 1] 609
[1, 1, 1, 1, 1] 662
[1, 1, 1, 1, 1] 773
[1, 1, 1, 1, 1] 819
[1, 1, 1, 1, 1] 823
[1, 1, 1, 1, 1] 848
[1, 1, 1, 1, 1] 912
[1, 1, 1, 1, 1] 915
[1, 1, 1, 1, 1] 932
[1, 1, 1, 1, 1] 972
[0, 1, 1, 1, 1] 68
[0, 1, 1, 1, 1] 74
[0, 1, 1, 1, 1] 112
[0, 1, 1, 1, 1] 385
[0, 1, 1, 1, 1] 404
[0, 1, 1, 1, 1] 404
[0, 1, 1, 1, 1] 450
[0, 1, 1, 1, 1] 461
[0, 1, 1, 1, 1] 475
[0, 1, 1, 1, 1] 500
[0, 1, 1, 1, 1] 536
[0, 1, 1, 1, 1] 604
[0, 1, 1, 1, 1] 671
[0, 1, 1, 1, 1] 704
[0, 1, 1, 1, 1] 749
[0, 1, 1, 1, 1] 756
[0, 1, 1, 1, 1] 763
[0, 1, 1, 1, 1] 792
[0, 1, 1, 1, 1] 981
[0, 0, 1, 1, 1] 8
[0, 0, 1, 1, 1] 24
[0, 0, 1, 1, 1] 83
[0, 0, 1, 1, 1] 168
[0, 0, 1, 1, 1] 183
[0, 0, 1, 1, 1] 264
[0, 0, 1, 1, 1] 269
[0, 0, 1, 1, 1] 270
[0, 0, 1, 1, 1] 296
[0, 0, 1, 1, 1] 470
[0, 0, 1, 1, 1] 506
[0, 0, 1, 1, 1] 520
[0, 0, 1, 1, 1] 569
[0, 0, 1, 1, 1] 585
[0, 0, 1, 1, 1] 619
[0, 0, 1, 1, 1] 898
[0, 0, 1, 1, 1] 902
[0, 0, 0, 1, 1] 108
[0, 0, 0, 1, 1] 138
[0, 0, 0, 1, 1] 172
[0, 0, 0, 1, 1] 238
[0, 0, 0, 1, 1] 272
[0, 0, 0, 1, 1] 278
[0, 0, 0, 1, 1] 378
[0, 0, 0, 1, 1] 379
[0, 0, 0, 1, 1] 411
[0, 0, 0, 1, 1] 431
[0, 0, 0, 1, 1] 455
[0, 0, 0, 1, 1] 467
[0, 0, 0, 1, 1] 523
[0, 0, 0, 1, 1] 523
[0, 0, 0, 1, 1] 655
[0, 0, 0, 1, 1] 688
[0, 0, 0, 1, 1] 706
[0, 0, 0, 1, 1] 729
[0, 0, 0, 1, 1] 759
[0, 0, 0, 1, 1] 796
[0, 0, 0, 1, 1] 813
[0, 0, 0, 1, 1] 815
[0, 0, 0, 1, 1] 820
[0, 0, 0, 1, 1] 861
[0, 0, 0, 1, 1] 892
[0, 0, 0, 0, 1] 17
[0, 0, 0, 0, 1] 49
[0, 0, 0, 0, 1] 77
[0, 0, 0, 0, 1] 170
[0, 0, 0, 0, 1] 218
[0, 0, 0, 0, 1] 237
[0, 0, 0, 0, 1] 345
[0, 0, 0, 0, 1] 423
[0, 0, 0, 0, 1] 479
[0, 0, 0, 0, 1] 500
[0, 0, 0, 0, 1] 614
[0, 0, 0, 0, 1] 649
[0, 0, 0, 0, 1] 652
[0, 0, 0, 0, 1] 655
[0, 0, 0, 0, 1] 747
[0, 0, 0, 0, 1] 847
[0, 0, 0, 0, 1] 873
[0, 0, 0, 0, 1] 969
