VARIABLES 100
NB_OBJ 5
ITEMS
[1, 1, 1, 1, 1] 13
[1, 1, 1, 1, 1] 26
[1, 1, 1, 1, 1] 118
[1, 1, 1, 1, 1] 121
[1, 1, 1, 1, 1] 128
[1, 1, 1, 1, 1] 168
[1, 1, 1, 1, 1] 252
[1, 1, 1, 1, 1] 388
[1, 1, 1, 1, 1] 413
[1, 1, 1, 1, 1] 413
[1, 1, 1, 1, 1] 426
[1, 1, 1, 1, 1] 448
[1, 1, 1, 1, 1] 535
[1, 1, 1, 1, 1] 722
[1, 1, 1, 1, 1] 725
[1, 1, 1, 1, 1] 859
[1, 1, 1, 1, 1] 918
[1, 1, 1, 1, 1] 941
[1, 1, 1, 1, 1] 962
[0, 1, 1, 1, 1] 56
[0, 1, 1, 1, 1] 86
[0, 1, 1, 1, 1] 113
[0, 1, 1, 1, 1] 127
[0, 1, 1, 1, 1] 143
[0, 1, 1, 1, 1] 148
[0, 1, 1, 1, 1] 150
[0, 1, 1, 1, 1] 183
[0, 1, 1, 1, 1] 230
[0, 1, 1, 1, 1] 235
[0, 1, 1, 1, 1] 267
[0, 1, 1, 1, 1] 356
[0, 1, 1, 1, 1] 407
[0, 1, 1, 1, 1] 452
[0, 1, 1, 1, 1] 480
[0, 1, 1, 1, 1] 505
[0, 1, 1, 1, 1] 506
[0, 1, 1, 1, 1] 526
[0, 1, 1, 1, 1] 578
[0, 1, 1, 1, 1] 730
[0, 1, 1, 1, 1] 747
[0, 1, 1, 1, 1] 804
[0, 1, 1, 1, 1] 820
[0, 1, 1, 1, 1] 838
[0, 1, 1, 1, 1] 862
[0, 1, 1, 1, 1] 878
[0, 1, 1, 1, 1] 904
[0, 1, 1, 1, 1] 988
[0, 0, 1, 1, 1] 36
[0, 0, 1, 1, 1] 46
[0, 0, 1, 1, 1] 172
[0, 0, 1, 1, 1] 184
[0, 0, 1, 1, 1] 210
[0, 0, 1, 1, 1] 231
[0, 0, 1, 1, 1] 297
[0, 0, 1, 1, 1] 327
[0, 0, 1, 1, 1] 364
[0, 0, 1, 1, 1] 391
[0, 0, 1, 1, 1] 404
[0, 0, 1, 1, 1] 431
[0, 0, 1, 1, 1] 440
[0, 0, 1, 1, 1] 451
[0, 0, 1, 1, 1] 564
[0, 0, 1, 1, 1] 575
[0, 0, 1, 1, 1] 715
[0, 0, 1, 1, 1] 771
[0, 0, 1, 1, 1] 810
[0, 0, 1, 1, 1] 881
[0, 0, 1, 1, 1] 976
[0, 0, 1, 1, 1] 990
[0, 0, 0, 1, 1] 232
[0, 0, 0, 1, 1] 238
[0, 0, 0, 1, 1] 283
[0, 0, 0, 1, 1] 356
[0, 0, 0, 1, 1] 418
[0, 0, 0, 1, 1] 437
[0, 0, 0, 1, 1] 453
[0, 0, 0, 1, 1] 488
[0, 0, 0, 1, 1] 569
[0, 0, 0, 1, 1] 579
[0, 0, 0, 1, 1] 599
[0, 0, 0, 1, 1] 630
[0, 0, 0, 1, 1] 656
[0, 0, 0, 1, 1] 853
[0, 0, 0, 1, 1] 915
[0, 0, 0, 1, 1] 930
[0, 0, 0, 0, 1] 101
[0, 0, 0, 0, 1] 101
[0, 0, 0, 0, 1] 147
[0, 0, 0, 0, 1] 161
[0, 0, 0, 0, 1] 224
[0, 0, 0, 0, 1] 232
[0, 0, 0, 0, 1] 245
[0, 0, 0, 0, 1] 260
[0, 0, 0, 0, 1] 316
[0, 0, 0, 0, 1] 382
[0, 0, 0, 0, 1] 480
[0, 0, 0, 0, 1] 661
[0, 0, 0, 0, 1] 748
[0, 0, 0, 0, 1] 811
[0, 0, 0, 0, 1] 876
