VARIABLES 100
NB_OBJ 5
ITEMS
[1, 1, 1, 1, 1] 74
[1, 1, 1, 1, 1] 96
[1, 1, 1, 1, 1] 193
[1, 1, 1, 1, 1] 242
[1, 1, 1, 1, 1] 285
[1, 1, 1, 1, 1] 350
[1, 1, 1, 1, 1] 383
[1, 1, 1, 1, 1] 394
[1, 1, 1, 1, 1] 523
[1, 1, 1, 1, 1] 546
[1, 1, 1, 1, 1] 579
[1, 1, 1, 1, 1] 613
[1, 1, 1, 1, 1] 708
[1, 1, 1, 1, 1] 819
[1, 1, 1, 1, 1] 903
[1, 1, 1, 1, 1] 998
[0, 1, 1, 1, 1] 18
[0, 1, 1, 1, 1] 205
[0, 1, 1, 1, 1] 209
[0, 1, 1, 1, 1] 273
[0, 1, 1, 1, 1] 278
[0, 1, 1, 1, 1] 399
[0, 1, 1, 1, 1] 425
[0, 1, 1, 1, 1] 450
[0, 1, 1, 1, 1] 461
[0, 1, 1, 1, 1] 540
[0, 1, 1, 1, 1] 545
[0, 1, 1, 1, 1] 564
[0, 1, 1, 1, 1] 615
[0, 1, 1, 1, 1] 644
[0, 1, 1, 1, 1] 666
[0, 1, 1, 1, 1] 684
[0, 1, 1, 1, 1] 711
[0, 1, 1, 1, 1] 754
[0, 1, 1, 1, 1] 857
[0, 1, 1, 1, 1] 888
[0, 1, 1, 1, 1] 968
[0, 0, 1, 1, 1] 28
[0, 0, 1, 1, 1] 161
[0, 0, 1, 1, 1] 185
[0, 0, 1, 1, 1] 218
[0, 0, 1, 1, 1] 234
[0, 0, 1, 1, 1] 300
[0, 0, 1, 1, 1] 320
[0, 0, 1, 1, 1] 507
[0, 0, 1, 1, 1] 545
[0, 0, 1, 1, 1] 573
[0, 0, 1, 1, 1] 674
[0, 0, 1, 1, 1] 688
[0, 0, 1, 1, 1] 692
[0, 0, 1, 1, 1] 712
[0, 0, 1, 1, 1] 718
[0, 0, 1, 1, 1] 731
[0, 0, 1, 1, 1] 758
[0, 0, 1, 1, 1] 970
[0, 0, 0, 1, 1] 79
[0, 0, 0, 1, 1] 104
[0, 0, 0, 1, 1] 108
[0, 0, 0, 1, 1] 124
[0, 0, 0, 1, 1] 158
[0, 0, 0, 1, 1] 309
[0, 0, 0, 1, 1] 342
[0, 0, 0, 1, 1] 349
[0, 0, 0, 1, 1] 397
[0, 0, 0, 1, 1] 417
[0, 0, 0, 1, 1] 505
[0, 0, 0, 1, 1] 539
[0, 0, 0, 1, 1] 544
[0, 0, 0, 1, 1] 557
[0, 0, 0, 1, 1] 594
[0, 0, 0, 1, 1] 597
[0, 0, 0, 1, 1] 748
[0, 0, 0, 1, 1] 752
[0, 0, 0, 1, 1] 782
[0, 0, 0, 1, 1] 810
[0, 0, 0, 1, 1] 834
[0, 0, 0, 1, 1] 932
[0, 0, 0, 0, 1] 2
[0, 0, 0, 0, 1] 68
[0, 0, 0, 0, 1] 115
[0, 0, 0, 0, 1] 154
[0, 0, 0, 0, 1] 191
[0, 0, 0, 0, 1] 195
[0, 0, 0, 0, 1] 229
[0, 0, 0, 0, 1] 292
[0, 0, 0, 0, 1] 345
[0, 0, 0, 0, 1] 357
[0, 0, 0, 0, 1] 389
[0, 0, 0, 0, 1] 410
[0, 0, 0, 0, 1] 428
[0, 0, 0, 0, 1] 554
[0, 0, 0, 0, 1] 581
[0, 0, 0, 0, 1] 636
[0, 0, 0, 0, 1] 652
[0, 0, 0, 0, 1] 662
[0, 0, 0, 0, 1] 667
[0, 0, 0, 0, 1] 754
[0, 0, 0, 0, 1] 794
[0, 0, 0, 0, 1] 837
[0, 0, 0, 0, 1] 933
