VARIABLES 100
NB_OBJ 5
ITEMS
[1, 1, 1, 1, 1] 28
[1, 1, 1, 1, 1] 30
[1, 1, 1, 1, 1] 47
[1, 1, 1, 1, 1] 139
[1, 1, 1, 1, 1] 148
[1, 1, 1, 1, 1] 264
[1, 1, 1, 1, 1] 270
[1, 1, 1, 1, 1] 300
[1, 1, 1, 1, 1] 329
[1, 1, 1, 1, 1] 332
[1, 1, 1, 1, 1] 443
[1, 1, 1, 1, 1] 483
[1, 1, 1, 1, 1] 636
[1, 1, 1, 1, 1] 643
[1, 1, 1, 1, 1] 649
[1, 1, 1, 1, 1] 652
[1, 1, 1, 1, 1] 661
[1, 1, 1, 1, 1] 666
[1, 1, 1, 1, 1] 697
[1, 1, 1, 1, 1] 743
[0, 1, 1, 1, 1] 61
[0, 1, 1, 1, 1] 80
[0, 1, 1, 1, 1] 162
[0, 1, 1, 1, 1] 164
[0, 1, 1, 1, 1] 344
[0, 1, 1, 1, 1] 348
[0, 1, 1, 1, 1] 385
[0, 1, 1, 1, 1] 463
[0, 1, 1, 1, 1] 473
[0, 1, 1, 1, 1] 517
[0, 1, 1, 1, 1] 538
[0, 1, 1, 1, 1] 540
[0, 1, 1, 1, 1] 571
[0, 1, 1, 1, 1] 677
[0, 1, 1, 1, 1] 894
[0, 1, 1, 1, 1] 902
[0, 1, 1, 1, 1] 943
[0, 0, 1, 1, 1] 24
[0, 0, 1, 1, 1] 29
[0, 0, 1, 1, 1] 174
[0, 0, 1, 1, 1] 196
[0, 0, 1, 1, 1] 199
[0, 0, 1, 1, 1] 283
[0, 0, 1, 1, 1] 288
[0, 0, 1, 1, 1] 315
[0, 0, 1, 1, 1] 361
[0, 0, 1, 1, 1] 402
[0, 0, 1, 1, 1] 471
[0, 0, 1, 1, 1] 555
[0, 0, 1, 1, 1] 768
[0, 0, 1, 1, 1] 894
[0, 0, 1, 1, 1] 943
[0, 0, 1, 1, 1] 969
[0, 0, 0, 1, 1] 22
[0, 0, 0, 1, 1] 43
[0, 0, 0, 1, 1] 72
[0, 0, 0, 1, 1] 161
[0, 0, 0, 1, 1] 250
[0, 0, 0, 1, 1] 261
[0, 0, 0, 1, 1] 305
[0, 0, 0, 1, 1] 360
[0, 0, 0, 1, 1] 391
[0, 0, 0, 1, 1] 427
[0, 0, 0, 1, 1] 459
[0, 0, 0, 1, 1] 470
[0, 0, 0, 1, 1] 474
[0, 0, 0, 1, 1] 510
[0, 0, 0, 1, 1] 538
[0, 0, 0, 1, 1] 568
[0, 0, 0, 1, 1] 593
[0, 0, 0, 1, 1] 612
[0, 0, 0, 1, 1] 661
[0, 0, 0, 1, 1] 672
[0, 0, 0, 1, 1] 690
[0, 0, 0, 1, 1] 812
[0, 0, 0, 1, 1] 822
[0, 0, 0, 1, 1] 955
[0, 0, 0, 1, 1] 988
[0, 0, 0, 0, 1] 54
[0, 0, 0, 0, 1] 78
[0, 0, 0, 0, 1] 95
[0, 0, 0, 0, 1] 301
[0, 0, 0, 0, 1] 304
[0, 0, 0, 0, 1] 316
[0, 0, 0, 0, 1] 316
[0, 0, 0, 0, 1] 329
[0, 0, 0, 0, 1] 374
[0, 0, 0, 0, 1] 436
[0, 0, 0, 0, 1] 544
[0, 0, 0, 0, 1] 586
[0, 0, 0, 0, 1] 613
[0, 0, 0, 0, 1] 643
[0, 0, 0, 0, 1] 750
[0, 0, 0, 0, 1] 766
[0, 0, 0, 0, 1] 827
[0, 0, 0, 0, 1] 872
[0, 0, 0, 0, 1] 900
[0, 0, 0, 0, 1] 912
[0, 0, 0, 0, 1] 928
[0, 0, 0, 0, 1] 969
