VARIABLES 100
NB_OBJ 5
ITEMS
[1, 1, 1, 1, 1] 4
[1, 1, 1, 1, 1] 25
[1, 1, 1, 1, 1] 38
[1, 1, 1, 1, 1] 47
[1, 1, 1, 1, 1] 100
[1, 1, 1, 1, 1] 197
[1, 1, 1, 1, 1] 211
[1, 1, 1, 1, 1] 257
[1, 1, 1, 1, 1] 480
[1, 1, 1, 1, 1] 674
[1, 1, 1, 1, 1] 767
[1, 1, 1, 1, 1] 887
[1, 1, 1, 1, 1] 929
[1, 1, 1, 1, 1] 949
[0, 1, 1, 1, 1] 58
[0, 1, 1, 1, 1] 74
[0, 1, 1, 1, 1] 99
[0, 1, 1, 1, 1] 133
[0, 1, 1, 1, 1] 231
[0, 1, 1, 1, 1] 271
[0, 1, 1, 1, 1] 289
[0, 1, 1, 1, 1] 315
[0, 1, 1, 1, 1] 341
[0, 1, 1, 1, 1] 360
[0, 1, 1, 1, 1] 363
[0, 1, 1, 1, 1] 420
[0, 1, 1, 1, 1] 481
[0, 1, 1, 1, 1] 512
[0, 1, 1, 1, 1] 513
[0, 1, 1, 1, 1] 560
[0, 1, 1, 1, 1] 678
[0, 1, 1, 1, 1] 699
[0, 1, 1, 1, 1] 758
[0, 1, 1, 1, 1] 788
[0, 1, 1, 1, 1] 794
[0, 1, 1, 1, 1] 861
[0, 1, 1, 1, 1] 883
[0, 0, 1, 1, 1] 9
[0, 0, 1, 1, 1] 25
[0, 0, 1, 1, 1] 66
[0, 0, 1, 1, 1] 167
[0, 0, 1, 1, 1] 173
[0, 0, 1, 1, 1] 256
[0, 0, 1, 1, 1] 269
[0, 0, 1, 1, 1] 324
[0, 0, 1, 1, 1] 362
[0, 0, 1, 1, 1] 563
[0, 0, 1, 1, 1] 595
[0, 0, 1, 1, 1] 762
[0, 0, 1, 1, 1] 785
[0, 0, 1, 1, 1] 790
[0, 0, 1, 1, 1] 808
[0, 0, 1, 1, 1] 869
[0, 0, 1, 1, 1] 890
[0, 0, 1, 1, 1] 892
[0, 0, 1, 1, 1] 909
[0, 0, 1, 1, 1] 918
[0, 0, 1, 1, 1] 925
[0, 0, 1, 1, 1] 996
[0, 0, 0, 1, 1] 49
[0, 0, 0, 1, 1] 51
[0, 0, 0, 1, 1] 160
[0, 0, 0, 1, 1] 361
[0, 0, 0, 1, 1] 374
[0, 0, 0, 1, 1] 423
[0, 0, 0, 1, 1] 587
[0, 0, 0, 1, 1] 697
[0, 0, 0, 1, 1] 704
[0, 0, 0, 1, 1] 716
[0, 0, 0, 1, 1] 728
[0, 0, 0, 1, 1] 751
[0, 0, 0, 1, 1] 767
[0, 0, 0, 1, 1] 799
[0, 0, 0, 1, 1] 799
[0, 0, 0, 1, 1] 849
[0, 0, 0, 1, 1] 892
[0, 0, 0, 1, 1] 900
[0, 0, 0, 1, 1] 948
[0, 0, 0, 1, 1] 965
[0, 0, 0, 1, 1] 992
[0, 0, 0, 0, 1] 19
[0, 0, 0, 0, 1] 29
[0, 0, 0, 0, 1] 78
[0, 0, 0, 0, 1] 82
[0, 0, 0, 0, 1] 131
[0, 0, 0, 0, 1] 259
[0, 0, 0, 0, 1] 276
[0, 0, 0, 0, 1] 435
[0, 0, 0, 0, 1] 442
[0, 0, 0, 0, 1] 520
[0, 0, 0, 0, 1] 551
[0, 0, 0, 0, 1] 658
[0, 0, 0, 0, 1] 764
[0, 0, 0, 0, 1] 766
[0, 0, 0, 0, 1] 814
[0, 0, 0, 0, 1] 833
[0, 0, 0, 0, 1] 903
[0, 0, 0, 0, 1] 916
[0, 0, 0, 0, 1] 976
[0, 0, 0, 0, 1] 983
