VARIABLES 100
NB_OBJ 5
ITEMS
[1, 1, 1, 1, 1] 39
[1, 1, 1, 1, 1] 253
[1, 1, 1, 1, 1] 381
[1, 1, 1, 1, 1] 394
[1, 1, 1, 1, 1] 475
[1, 1, 1, 1, 1] 562
[1, 1, 1, 1, 1] 585
[1, 1, 1, 1, 1] 597
[1, 1, 1, 1, 1] 753
[1, 1, 1, 1, 1] 753
[1, 1, 1, 1, 1] 760
[1, 1, 1, 1, 1] 776
[1, 1, 1, 1, 1] 785
[1, 1, 1, 1, 1] 790
[1, 1, 1, 1, 1] 797
[1, 1, 1, 1, 1] 816
[1, 1, 1, 1, 1] 871
[1, 1, 1, 1, 1] 892
[1, 1, 1, 1, 1] 997
[0, 1, 1, 1, 1] 73
[0, 1, 1, 1, 1] 79
[0, 1, 1, 1, 1] 85
[0, 1, 1, 1, 1] 309
[0, 1, 1, 1, 1] 362
[0, 1, 1, 1, 1] 391
[0, 1, 1, 1, 1] 403
[0, 1, 1, 1, 1] 442
[0, 1, 1, 1, 1] 464
[0, 1, 1, 1, 1] 479
[0, 1, 1, 1, 1] 492
[0, 1, 1, 1, 1] 559
[0, 1, 1, 1, 1] 560
[0, 1, 1, 1, 1] 636
[0, 1, 1, 1, 1] 671
[0, 1, 1, 1, 1] 709
[0, 1, 1, 1, 1] 918
[0, 1, 1, 1, 1] 937
[0, 1, 1, 1, 1] 958
[0, 0, 1, 1, 1] 278
[0, 0, 1, 1, 1] 375
[0, 0, 1, 1, 1] 480
[0, 0, 1, 1, 1] 552
[0, 0, 1, 1, 1] 556
[0, 0, 1, 1, 1] 606
[0, 0, 1, 1, 1] 650
[0, 0, 1, 1, 1] 663
[0, 0, 1, 1, 1] 681
[0, 0, 1, 1, 1] 733
[0, 0, 1, 1, 1] 780
[0, 0, 1, 1, 1] 780
[0, 0, 1, 1, 1] 803
[0, 0, 1, 1, 1] 835
[0, 0, 1, 1, 1] 849
[0, 0, 1, 1, 1] 918
[0, 0, 1, 1, 1] 967
[0, 0, 1, 1, 1] 976
[0, 0, 1, 1, 1] 978
[0, 0, 1, 1, 1] 992
[0, 0, 0, 1, 1] 77
[0, 0, 0, 1, 1] 269
[0, 0, 0, 1, 1] 312
[0, 0, 0, 1, 1] 323
[0, 0, 0, 1, 1] 367
[0, 0, 0, 1, 1] 371
[0, 0, 0, 1, 1] 427
[0, 0, 0, 1, 1] 428
[0, 0, 0, 1, 1] 494
[0, 0, 0, 1, 1] 597
[0, 0, 0, 1, 1] 630
[0, 0, 0, 1, 1] 682
[0, 0, 0, 1, 1] 705
[0, 0, 0, 1, 1] 755
[0, 0, 0, 1, 1] 770
[0, 0, 0, 1, 1] 803
[0, 0, 0, 1, 1] 853
[0, 0, 0, 1, 1] 873
[0, 0, 0, 1, 1] 949
[0, 0, 0, 1, 1] 967
[0, 0, 0, 1, 1] 992
[0, 0, 0, 0, 1] 16
[0, 0, 0, 0, 1] 141
[0, 0, 0, 0, 1] 210
[0, 0, 0, 0, 1] 214
[0, 0, 0, 0, 1] 333
[0, 0, 0, 0, 1] 336
[0, 0, 0, 0, 1] 350
[0, 0, 0, 0, 1] 403
[0, 0, 0, 0, 1] 447
[0, 0, 0, 0, 1] 485
[0, 0, 0, 0, 1] 520
[0, 0, 0, 0, 1] 551
[0, 0, 0, 0, 1] 589
[0, 0, 0, 0, 1] 640
[0, 0, 0, 0, 1] 656
[0, 0, 0, 0, 1] 718
[0, 0, 0, 0, 1] 726
[0, 0, 0, 0, 1] 743
[0, 0, 0, 0, 1] 745
[0, 0, 0, 0, 1] 885
[0, 0, 0, 0, 1] 885
