VARIABLES 100
NB_OBJ 5
ITEMS
[1, 1, 1, 1, 1] 14
[1, 1, 1, 1, 1] 154
[1, 1, 1, 1, 1] 265
[1, 1, 1, 1, 1] 384
[1, 1, 1, 1, 1] 400
[1, 1, 1, 1, 1] 442
[1, 1, 1, 1, 1] 511
[1, 1, 1, 1, 1] 521
[1, 1, 1, 1, 1] 568
[1, 1, 1, 1, 1] 606
[1, 1, 1, 1, 1] 692
[1, 1, 1, 1, 1] 698
[1, 1, 1, 1, 1] 726
[1, 1, 1, 1, 1] 749
[1, 1, 1, 1, 1] 783
[1, 1, 1, 1, 1] 868
[1, 1, 1, 1, 1] 956
[1, 1, 1, 1, 1] 963
[0, 1, 1, 1, 1] 7
[0, 1, 1, 1, 1] 78
[0, 1, 1, 1, 1] 122
[0, 1, 1, 1, 1] 161
[0, 1, 1, 1, 1] 218
[0, 1, 1, 1, 1] 295
[0, 1, 1, 1, 1] 299
[0, 1, 1, 1, 1] 394
[0, 1, 1, 1, 1] 396
[0, 1, 1, 1, 1] 412
[0, 1, 1, 1, 1] 524
[0, 1, 1, 1, 1] 525
[0, 1, 1, 1, 1] 550
[0, 1, 1, 1, 1] 715
[0, 1, 1, 1, 1] 761
[0, 1, 1, 1, 1] 834
[0, 1, 1, 1, 1] 843
[0, 1, 1, 1, 1] 956
[0, 0, 1, 1, 1] 47
[0, 0, 1, 1, 1] 186
[0, 0, 1, 1, 1] 209
[0, 0, 1, 1, 1] 291
[0, 0, 1, 1, 1] 315
[0, 0, 1, 1, 1] 393
[0, 0, 1, 1, 1] 449
[0, 0, 1, 1, 1] 493
[0, 0, 1, 1, 1] 593
[0, 0, 1, 1, 1] 632
[0, 0, 1, 1, 1] 659
[0, 0, 1, 1, 1] 734
[0, 0, 1, 1, 1] 768
[0, 0, 1, 1, 1] 781
[0, 0, 1, 1, 1] 806
[0, 0, 1, 1, 1] 843
[0, 0, 1, 1, 1] 924
[0, 0, 1, 1, 1] 951
[0, 0, 0, 1, 1] 19
[0, 0, 0, 1, 1] 43
[0, 0, 0, 1, 1] 210
[0, 0, 0, 1, 1] 219
[0, 0, 0, 1, 1] 272
[0, 0, 0, 1, 1] 283
[0, 0, 0, 1, 1] 320
[0, 0, 0, 1, 1] 387
[0, 0, 0, 1, 1] 418
[0, 0, 0, 1, 1] 446
[0, 0, 0, 1, 1] 487
[0, 0, 0, 1, 1] 512
[0, 0, 0, 1, 1] 541
[0, 0, 0, 1, 1] 544
[0, 0, 0, 1, 1] 586
[0, 0, 0, 1, 1] 630
[0, 0, 0, 1, 1] 648
[0, 0, 0, 1, 1] 667
[0, 0, 0, 1, 1] 738
[0, 0, 0, 1, 1] 756
[0, 0, 0, 1, 1] 757
[0, 0, 0, 1, 1] 769
[0, 0, 0, 1, 1] 794
[0, 0, 0, 1, 1] 809
[0, 0, 0, 1, 1] 829
[0, 0, 0, 1, 1] 834
[0, 0, 0, 1, 1] 852
[0, 0, 0, 1, 1] 900
[0, 0, 0, 1, 1] 963
[0, 0, 0, 0, 1] 79
[0, 0, 0, 0, 1] 81
[0, 0, 0, 0, 1] 189
[0, 0, 0, 0, 1] 255
[0, 0, 0, 0, 1] 310
[0, 0, 0, 0, 1] 323
[0, 0, 0, 0, 1] 337
[0, 0, 0, 0, 1] 341
[0, 0, 0, 0, 1] 395
[0, 0, 0, 0, 1] 482
[0, 0, 0, 0, 1] 521
[0, 0, 0, 0, 1] 527
[0, 0, 0, 0, 1] 645
[0, 0, 0, 0, 1] 651
[0, 0, 0, 0, 1] 827
[0, 0, 0, 0, 1] 847
[0, 0, 0, 0, 1] 966
