VARIABLES 100
NB_OBJ 5
ITEMS
[1, 1, 1, 1, 1] 4
[1, 1, 1, 1, 1] 136
[1, 1, 1, 1, 1] 244
[1, 1, 1, 1, 1] 266
[1, 1, 1, 1, 1] 321
[1, 1, 1, 1, 1] 327
[1, 1, 1, 1, 1] 346
[1, 1, 1, 1, 1] 387
[1, 1, 1, 1, 1] 393
[1, 1, 1, 1, 1] 414
[1, 1, 1, 1, 1] 418
[1, 1, 1, 1, 1] 433
[1, 1, 1, 1, 1] 440
[1, 1, 1, 1, 1] 497
[1, 1, 1, 1, 1] 521
[1, 1, 1, 1, 1] 557
[1, 1, 1, 1, 1] 621
[1, 1, 1, 1, 1] 635
[1, 1, 1, 1, 1] 767
[1, 1, 1, 1, 1] 912
[1, 1, 1, 1, 1] 933
[1, 1, 1, 1, 1] 944
[1, 1, 1, 1, 1] 997
[0, 1, 1, 1, 1] 51
[0, 1, 1, 1, 1] 116
[0, 1, 1, 1, 1] 161
[0, 1, 1, 1, 1] 190
[0, 1, 1, 1, 1] 280
[0, 1, 1, 1, 1] 352
[0, 1, 1, 1, 1] 472
[0, 1, 1, 1, 1] 490
[0, 1, 1, 1, 1] 570
[0, 1, 1, 1, 1] 593
[0, 1, 1, 1, 1] 596
[0, 1, 1, 1, 1] 645
[0, 1, 1, 1, 1] 663
[0, 1, 1, 1, 1] 705
[0, 1, 1, 1, 1] 800
[0, 1, 1, 1, 1] 836
[0, 1, 1, 1, 1] 842
[0, 1, 1, 1, 1] 868
[0, 1, 1, 1, 1] 891
[0, 1, 1, 1, 1] 897
[0, 1, 1, 1, 1] 906
[0, 1, 1, 1, 1] 945
[0, 1, 1, 1, 1] 946
[0, 0, 1, 1, 1] 18
[0, 0, 1, 1, 1] 72
[0, 0, 1, 1, 1] 122
[0, 0, 1, 1, 1] 241
[0, 0, 1, 1, 1] 252
[0, 0, 1, 1, 1] 285
[0, 0, 1, 1, 1] 330
[0, 0, 1, 1, 1] 365
[0, 0, 1, 1, 1] 386
[0, 0, 1, 1, 1] 505
[0, 0, 1, 1, 1] 578
[0, 0, 1, 1, 1] 628
[0, 0, 1, 1, 1] 758
[0, 0, 1, 1, 1] 829
[0, 0, 1, 1, 1] 899
[0, 0, 1, 1, 1] 915
[0, 0, 1, 1, 1] 938
[0, 0, 1, 1, 1] 942
[0, 0, 0, 1, 1] 5
[0, 0, 0, 1, 1] 14
[0, 0, 0, 1, 1] 39
[0, 0, 0, 1, 1] 85
[0, 0, 0, 1, 1] 149
[0, 0, 0, 1, 1] 357
[0, 0, 0, 1, 1] 360
[0, 0, 0, 1, 1] 399
[0, 0, 0, 1, 1] 473
[0, 0, 0, 1, 1] 489
[0, 0, 0, 1, 1] 506
[0, 0, 0, 1, 1] 554
[0, 0, 0, 1, 1] 700
[0, 0, 0, 1, 1] 772
[0, 0, 0, 1, 1] 789
[0, 0, 0, 1, 1] 818
[0, 0, 0, 1, 1] 862
[0, 0, 0, 1, 1] 916
[0, 0, 0, 1, 1] 948
[0, 0, 0, 1, 1] 955
[0, 0, 0, 0, 1] 22
[0, 0, 0, 0, 1] 120
[0, 0, 0, 0, 1] 127
[0, 0, 0, 0, 1] 143
[0, 0, 0, 0, 1] 207
[0, 0, 0, 0, 1] 256
[0, 0, 0, 0, 1] 315
[0, 0, 0, 0, 1] 385
[0, 0, 0, 0, 1] 449
[0, 0, 0, 0, 1] 542
[0, 0, 0, 0, 1] 692
[0, 0, 0, 0, 1] 692
[0, 0, 0, 0, 1] 841
[0, 0, 0, 0, 1] 853
[0, 0, 0, 0, 1] 901
[0, 0, 0, 0, 1] 917
