VARIABLES 100
NB_OBJ 5
ITEMS
[1, 1, 1, 1, 1] 18
[1, 1, 1, 1, 1] 99
[1, 1, 1, 1, 1] 103
[1, 1, 1, 1, 1] 149
[1, 1, 1, 1, 1] 219
[1, 1, 1, 1, 1] 232
[1, 1, 1, 1, 1] 239
[1, 1, 1, 1, 1] 264
[1, 1, 1, 1, 1] 274
[1, 1, 1, 1, 1] 298
[1, 1, 1, 1, 1] 376
[1, 1, 1, 1, 1] 421
[1, 1, 1, 1, 1] 432
[1, 1, 1, 1, 1] 486
[1, 1, 1, 1, 1] 543
[1, 1, 1, 1, 1] 585
[1, 1, 1, 1, 1] 741
[1, 1, 1, 1, 1] 869
[1, 1, 1, 1, 1] 870
[1, 1, 1, 1, 1] 898
[1, 1, 1, 1, 1] 904
[1, 1, 1, 1, 1] 932
[0, 1, 1, 1, 1] 39
[0, 1, 1, 1, 1] 66
[0, 1, 1, 1, 1] 107
[0, 1, 1, 1, 1] 118
[0, 1, 1, 1, 1] 379
[0, 1, 1, 1, 1] 386
[0, 1, 1, 1, 1] 429
[0, 1, 1, 1, 1] 478
[0, 1, 1, 1, 1] 553
[0, 1, 1, 1, 1] 589
[0, 1, 1, 1, 1] 618
[0, 1, 1, 1, 1] 629
[0, 1, 1, 1, 1] 681
[0, 1, 1, 1, 1] 692
[0, 1, 1, 1, 1] 721
[0, 1, 1, 1, 1] 728
[0, 1, 1, 1, 1] 767
[0, 1, 1, 1, 1] 775
[0, 1, 1, 1, 1] 793
[0, 1, 1, 1, 1] 808
[0, 1, 1, 1, 1] 880
[0, 1, 1, 1, 1] 969
[0, 1, 1, 1, 1] 972
[0, 1, 1, 1, 1] 980
[0, 0, 1, 1, 1] 34
[0, 0, 1, 1, 1] 37
[0, 0, 1, 1, 1] 118
[0, 0, 1, 1, 1] 185
[0, 0, 1, 1, 1] 185
[0, 0, 1, 1, 1] 196
[0, 0, 1, 1, 1] 214
[0, 0, 1, 1, 1] 332
[0, 0, 1, 1, 1] 355
[0, 0, 1, 1, 1] 382
[0, 0, 1, 1, 1] 396
[0, 0, 1, 1, 1] 407
[0, 0, 1, 1, 1] 542
[0, 0, 1, 1, 1] 550
[0, 0, 1, 1, 1] 573
[0, 0, 1, 1, 1] 599
[0, 0, 1, 1, 1] 661
[0, 0, 1, 1, 1] 688
[0, 0, 1, 1, 1] 775
[0, 0, 1, 1, 1] 792
[0, 0, 1, 1, 1] 922
[0, 0, 1, 1, 1] 955
[0, 0, 1, 1, 1] 998
[0, 0, 0, 1, 1] 116
[0, 0, 0, 1, 1] 121
[0, 0, 0, 1, 1] 322
[0, 0, 0, 1, 1] 377
[0, 0, 0, 1, 1] 386
[0, 0, 0, 1, 1] 389
[0, 0, 0, 1, 1] 426
[0, 0, 0, 1, 1] 449
[0, 0, 0, 1, 1] 475
[0, 0, 0, 1, 1] 502
[0, 0, 0, 1, 1] 534
[0, 0, 0, 1, 1] 551
[0, 0, 0, 1, 1] 605
[0, 0, 0, 1, 1] 660
[0, 0, 0, 1, 1] 699
[0, 0, 0, 1, 1] 732
[0, 0, 0, 1, 1] 874
[0, 0, 0, 1, 1] 918
[0, 0, 0, 0, 1] 147
[0, 0, 0, 0, 1] 164
[0, 0, 0, 0, 1] 223
[0, 0, 0, 0, 1] 374
[0, 0, 0, 0, 1] 695
[0, 0, 0, 0, 1] 702
[0, 0, 0, 0, 1] 750
[0, 0, 0, 0, 1] 861
[0, 0, 0, 0, 1] 891
[0, 0, 0, 0, 1] 902
[0, 0, 0, 0, 1] 920
[0, 0, 0, 0, 1] 924
[0, 0, 0, 0, 1] 977
