VARIABLES 100
NB_OBJ 5
ITEMS
[1, 1, 1, 1, 1] 25
[1, 1, 1, 1, 1] 201
[1, 1, 1, 1, 1] 214
[1, 1, 1, 1, 1] 219
[1, 1, 1, 1, 1] 382
[1, 1, 1, 1, 1] 430
[1, 1, 1, 1, 1] 446
[1, 1, 1, 1, 1] 728
[1, 1, 1, 1, 1] 743
[1, 1, 1, 1, 1] 801
[1, 1, 1, 1, 1] 876
[1, 1, 1, 1, 1] 992
[0, 1, 1, 1, 1] 32
[0, 1, 1, 1, 1] 73
[0, 1, 1, 1, 1] 82
[0, 1, 1, 1, 1] 108
[0, 1, 1, 1, 1] 131
[0, 1, 1, 1, 1] 240
[0, 1, 1, 1, 1] 246
[0, 1, 1, 1, 1] 404
[0, 1, 1, 1, 1] 465
[0, 1, 1, 1, 1] 487
[0, 1, 1, 1, 1] 582
[0, 1, 1, 1, 1] 608
[0, 1, 1, 1, 1] 649
[0, 1, 1, 1, 1] 688
[0, 1, 1, 1, 1] 695
[0, 1, 1, 1, 1] 706
[0, 1, 1, 1, 1] 724
[0, 1, 1, 1, 1] 961
[0, 0, 1, 1, 1] 67
[0, 0, 1, 1, 1] 92
[0, 0, 1, 1, 1] 101
[0, 0, 1, 1, 1] 246
[0, 0, 1, 1, 1] 251
[0, 0, 1, 1, 1] 277
[0, 0, 1, 1, 1] 387
[0, 0, 1, 1, 1] 402
[0, 0, 1, 1, 1] 441
[0, 0, 1, 1, 1] 463
[0, 0, 1, 1, 1] 485
[0, 0, 1, 1, 1] 567
[0, 0, 1, 1, 1] 620
[0, 0, 1, 1, 1] 685
[0, 0, 1, 1, 1] 762
[0, 0, 1, 1, 1] 831
[0, 0, 1, 1, 1] 855
[0, 0, 1, 1, 1] 856
[0, 0, 1, 1, 1] 861
[0, 0, 1, 1, 1] 872
[0, 0, 1, 1, 1] 895
[0, 0, 1, 1, 1] 908
[0, 0, 1, 1, 1] 932
[0, 0, 0, 1, 1] 160
[0, 0, 0, 1, 1] 212
[0, 0, 0, 1, 1] 215
[0, 0, 0, 1, 1] 229
[0, 0, 0, 1, 1] 244
[0, 0, 0, 1, 1] 247
[0, 0, 0, 1, 1] 255
[0, 0, 0, 1, 1] 272
[0, 0, 0, 1, 1] 328
[0, 0, 0, 1, 1] 340
[0, 0, 0, 1, 1] 378
[0, 0, 0, 1, 1] 404
[0, 0, 0, 1, 1] 569
[0, 0, 0, 1, 1] 604
[0, 0, 0, 1, 1] 643
[0, 0, 0, 1, 1] 645
[0, 0, 0, 1, 1] 692
[0, 0, 0, 1, 1] 757
[0, 0, 0, 1, 1] 788
[0, 0, 0, 1, 1] 939
[0, 0, 0, 1, 1] 978
[0, 0, 0, 1, 1] 988
[0, 0, 0, 1, 1] 1000
[0, 0, 0, 0, 1] 43
[0, 0, 0, 0, 1] 74
[0, 0, 0, 0, 1] 135
[0, 0, 0, 0, 1] 188
[0, 0, 0, 0, 1] 192
[0, 0, 0, 0, 1] 201
[0, 0, 0, 0, 1] 435
[0, 0, 0, 0, 1] 464
[0, 0, 0, 0, 1] 497
[0, 0, 0, 0, 1] 498
[0, 0, 0, 0, 1] 561
[0, 0, 0, 0, 1] 568
[0, 0, 0, 0, 1] 620
[0, 0, 0, 0, 1] 621
[0, 0, 0, 0, 1] 693
[0, 0, 0, 0, 1] 768
[0, 0, 0, 0, 1] 769
[0, 0, 0, 0, 1] 786
[0, 0, 0, 0, 1] 819
[0, 0, 0, 0, 1] 855
[0, 0, 0, 0, 1] 924
[0, 0, 0, 0, 1] 931
[0, 0, 0, 0, 1] 985
[0, 0, 0, 0, 1] 992
