VARIABLES 100
NB_OBJ 5
ITEMS
[1, 1, 1, 1, 1] 177
[1, 1, 1, 1, 1] 205
[1, 1, 1, 1, 1] 335
[1, 1, 1, 1, 1] 353
[1, 1, 1, 1, 1] 367
[1, 1, 1, 1, 1] 389
[1, 1, 1, 1, 1] 404
[1, 1, 1, 1, 1] 411
[1, 1, 1, 1, 1] 415
[1, 1, 1, 1, 1] 661
[1, 1, 1, 1, 1] 678
[1, 1, 1, 1, 1] 702
[1, 1, 1, 1, 1] 722
[1, 1, 1, 1, 1] 752
[1, 1, 1, 1, 1] 770
[1, 1, 1, 1, 1] 802
[1, 1, 1, 1, 1] 885
[1, 1, 1, 1, 1] 900
[1, 1, 1, 1, 1] 935
[0, 1, 1, 1, 1] 49
[0, 1, 1, 1, 1] 79
[0, 1, 1, 1, 1] 384
[0, 1, 1, 1, 1] 444
[0, 1, 1, 1, 1] 515
[0, 1, 1, 1, 1] 521
[0, 1, 1, 1, 1] 739
[0, 1, 1, 1, 1] 795
[0, 1, 1, 1, 1] 798
[0, 1, 1, 1, 1] 858
[0, 1, 1, 1, 1] 909
[0, 1, 1, 1, 1] 928
[0, 1, 1, 1, 1] 955
[0, 1, 1, 1, 1] 960
[0, 1, 1, 1, 1] 963
[0, 1, 1, 1, 1] 968
[0, 0, 1, 1, 1] 94
[0, 0, 1, 1, 1] 108
[0, 0, 1, 1, 1] 146
[0, 0, 1, 1, 1] 218
[0, 0, 1, 1, 1] 234
[0, 0, 1, 1, 1] 238
[0, 0, 1, 1, 1] 269
[0, 0, 1, 1, 1] 310
[0, 0, 1, 1, 1] 345
[0, 0, 1, 1, 1] 355
[0, 0, 1, 1, 1] 358
[0, 0, 1, 1, 1] 416
[0, 0, 1, 1, 1] 470
[0, 0, 1, 1, 1] 499
[0, 0, 1, 1, 1] 511
[0, 0, 1, 1, 1] 571
[0, 0, 1, 1, 1] 622
[0, 0, 1, 1, 1] 637
[0, 0, 1, 1, 1] 660
[0, 0, 1, 1, 1] 761
[0, 0, 1, 1, 1] 955
[0, 0, 1, 1, 1] 969
[0, 0, 1, 1, 1] 985
[0, 0, 1, 1, 1] 989
[0, 0, 1, 1, 1] 998
[0, 0, 0, 1, 1] 138
[0, 0, 0, 1, 1] 170
[0, 0, 0, 1, 1] 208
[0, 0, 0, 1, 1] 254
[0, 0, 0, 1, 1] 275
[0, 0, 0, 1, 1] 358
[0, 0, 0, 1, 1] 402
[0, 0, 0, 1, 1] 405
[0, 0, 0, 1, 1] 413
[0, 0, 0, 1, 1] 438
[0, 0, 0, 1, 1] 475
[0, 0, 0, 1, 1] 502
[0, 0, 0, 1, 1] 540
[0, 0, 0, 1, 1] 670
[0, 0, 0, 1, 1] 775
[0, 0, 0, 1, 1] 796
[0, 0, 0, 1, 1] 813
[0, 0, 0, 1, 1] 851
[0, 0, 0, 1, 1] 853
[0, 0, 0, 1, 1] 872
[0, 0, 0, 1, 1] 883
[0, 0, 0, 1, 1] 918
[0, 0, 0, 1, 1] 939
[0, 0, 0, 1, 1] 986
[0, 0, 0, 0, 1] 27
[0, 0, 0, 0, 1] 130
[0, 0, 0, 0, 1] 155
[0, 0, 0, 0, 1] 269
[0, 0, 0, 0, 1] 315
[0, 0, 0, 0, 1] 337
[0, 0, 0, 0, 1] 556
[0, 0, 0, 0, 1] 558
[0, 0, 0, 0, 1] 613
[0, 0, 0, 0, 1] 749
[0, 0, 0, 0, 1] 756
[0, 0, 0, 0, 1] 771
[0, 0, 0, 0, 1] 800
[0, 0, 0, 0, 1] 906
[0, 0, 0, 0, 1] 956
[0, 0, 0, 0, 1] 999
