VARIABLES 100
NB_OBJ 5
ITEMS
[1, 1, 1, 1, 1] 11
[1, 1, 1, 1, 1] 47
[1, 1, 1, 1, 1] 61
[1, 1, 1, 1, 1] 220
[1, 1, 1, 1, 1] 230
[1, 1, 1, 1, 1] 238
[1, 1, 1, 1, 1] 275
[1, 1, 1, 1, 1] 633
[1, 1, 1, 1, 1] 638
[1, 1, 1, 1, 1] 678
[1, 1, 1, 1, 1] 752
[1, 1, 1, 1, 1] 800
[1, 1, 1, 1, 1] 837
[1, 1, 1, 1, 1] 896
[1, 1, 1, 1, 1] 917
[1, 1, 1, 1, 1] 954
[1, 1, 1, 1, 1] 986
[0, 1, 1, 1, 1] 38
[0, 1, 1, 1, 1] 85
[0, 1, 1, 1, 1] 115
[0, 1, 1, 1, 1] 143
[0, 1, 1, 1, 1] 207
[0, 1, 1, 1, 1] 286
[0, 1, 1, 1, 1] 345
[0, 1, 1, 1, 1] 396
[0, 1, 1, 1, 1] 478
[0, 1, 1, 1, 1] 481
[0, 1, 1, 1, 1] 573
[0, 1, 1, 1, 1] 589
[0, 1, 1, 1, 1] 603
[0, 1, 1, 1, 1] 623
[0, 1, 1, 1, 1] 633
[0, 1, 1, 1, 1] 642
[0, 1, 1, 1, 1] 654
[0, 1, 1, 1, 1] 660
[0, 1, 1, 1, 1] 669
[0, 1, 1, 1, 1] 714
[0, 1, 1, 1, 1] 799
[0, 1, 1, 1, 1] 850
[0, 1, 1, 1, 1] 857
[0, 1, 1, 1, 1] 928
[0, 0, 1, 1, 1] 100
[0, 0, 1, 1, 1] 196
[0, 0, 1, 1, 1] 238
[0, 0, 1, 1, 1] 249
[0, 0, 1, 1, 1] 270
[0, 0, 1, 1, 1] 309
[0, 0, 1, 1, 1] 445
[0, 0, 1, 1, 1] 462
[0, 0, 1, 1, 1] 581
[0, 0, 1, 1, 1] 594
[0, 0, 1, 1, 1] 603
[0, 0, 1, 1, 1] 627
[0, 0, 1, 1, 1] 751
[0, 0, 1, 1, 1] 793
[0, 0, 1, 1, 1] 827
[0, 0, 1, 1, 1] 844
[0, 0, 1, 1, 1] 872
[0, 0, 1, 1, 1] 912
[0, 0, 1, 1, 1] 988
[0, 0, 0, 1, 1] 87
[0, 0, 0, 1, 1] 135
[0, 0, 0, 1, 1] 255
[0, 0, 0, 1, 1] 265
[0, 0, 0, 1, 1] 284
[0, 0, 0, 1, 1] 288
[0, 0, 0, 1, 1] 299
[0, 0, 0, 1, 1] 352
[0, 0, 0, 1, 1] 358
[0, 0, 0, 1, 1] 406
[0, 0, 0, 1, 1] 468
[0, 0, 0, 1, 1] 471
[0, 0, 0, 1, 1] 492
[0, 0, 0, 1, 1] 532
[0, 0, 0, 1, 1] 543
[0, 0, 0, 1, 1] 554
[0, 0, 0, 1, 1] 565
[0, 0, 0, 1, 1] 685
[0, 0, 0, 1, 1] 689
[0, 0, 0, 1, 1] 785
[0, 0, 0, 1, 1] 798
[0, 0, 0, 1, 1] 819
[0, 0, 0, 1, 1] 827
[0, 0, 0, 1, 1] 846
[0, 0, 0, 1, 1] 893
[0, 0, 0, 0, 1] 133
[0, 0, 0, 0, 1] 187
[0, 0, 0, 0, 1] 271
[0, 0, 0, 0, 1] 288
[0, 0, 0, 0, 1] 445
[0, 0, 0, 0, 1] 483
[0, 0, 0, 0, 1] 669
[0, 0, 0, 0, 1] 678
[0, 0, 0, 0, 1] 742
[0, 0, 0, 0, 1] 755
[0, 0, 0, 0, 1] 756
[0, 0, 0, 0, 1] 860
[0, 0, 0, 0, 1] 874
[0, 0, 0, 0, 1] 928
[0, 0, 0, 0, 1] 964
