VARIABLES 100
NB_OBJ 5
ITEMS
[1, 1, 1, 1, 1] 5
[1, 1, 1, 1, 1] 32
[1, 1, 1, 1, 1] 35
[1, 1, 1, 1, 1] 46
[1, 1, 1, 1, 1] 95
[1, 1, 1, 1, 1] 206
[1, 1, 1, 1, 1] 264
[1, 1, 1, 1, 1] 425
[1, 1, 1, 1, 1] 432
[1, 1, 1, 1, 1] 455
[1, 1, 1, 1, 1] 497
[1, 1, 1, 1, 1] 538
[1, 1, 1, 1, 1] 553
[1, 1, 1, 1, 1] 570
[1, 1, 1, 1, 1] 576
[1, 1, 1, 1, 1] 603
[1, 1, 1, 1, 1] 630
[1, 1, 1, 1, 1] 641
[1, 1, 1, 1, 1] 655
[1, 1, 1, 1, 1] 676
[1, 1, 1, 1, 1] 741
[1, 1, 1, 1, 1] 754
[1, 1, 1, 1, 1] 828
[1, 1, 1, 1, 1] 840
[1, 1, 1, 1, 1] 853
[1, 1, 1, 1, 1] 904
[1, 1, 1, 1, 1] 944
[1, 1, 1, 1, 1] 978
[0, 1, 1, 1, 1] 137
[0, 1, 1, 1, 1] 139
[0, 1, 1, 1, 1] 186
[0, 1, 1, 1, 1] 286
[0, 1, 1, 1, 1] 287
[0, 1, 1, 1, 1] 307
[0, 1, 1, 1, 1] 327
[0, 1, 1, 1, 1] 335
[0, 1, 1, 1, 1] 382
[0, 1, 1, 1, 1] 404
[0, 1, 1, 1, 1] 457
[0, 1, 1, 1, 1] 686
[0, 1, 1, 1, 1] 688
[0, 1, 1, 1, 1] 745
[0, 1, 1, 1, 1] 788
[0, 1, 1, 1, 1] 802
[0, 1, 1, 1, 1] 850
[0, 1, 1, 1, 1] 909
[0, 1, 1, 1, 1] 912
[0, 0, 1, 1, 1] 42
[0, 0, 1, 1, 1] 48
[0, 0, 1, 1, 1] 165
[0, 0, 1, 1, 1] 216
[0, 0, 1, 1, 1] 264
[0, 0, 1, 1, 1] 288
[0, 0, 1, 1, 1] 327
[0, 0, 1, 1, 1] 435
[0, 0, 1, 1, 1] 521
[0, 0, 1, 1, 1] 538
[0, 0, 1, 1, 1] 571
[0, 0, 1, 1, 1] 580
[0, 0, 1, 1, 1] 585
[0, 0, 1, 1, 1] 621
[0, 0, 1, 1, 1] 691
[0, 0, 1, 1, 1] 739
[0, 0, 1, 1, 1] 910
[0, 0, 0, 1, 1] 30
[0, 0, 0, 1, 1] 48
[0, 0, 0, 1, 1] 50
[0, 0, 0, 1, 1] 79
[0, 0, 0, 1, 1] 100
[0, 0, 0, 1, 1] 108
[0, 0, 0, 1, 1] 119
[0, 0, 0, 1, 1] 171
[0, 0, 0, 1, 1] 189
[0, 0, 0, 1, 1] 214
[0, 0, 0, 1, 1] 219
[0, 0, 0, 1, 1] 245
[0, 0, 0, 1, 1] 316
[0, 0, 0, 1, 1] 365
[0, 0, 0, 1, 1] 451
[0, 0, 0, 1, 1] 468
[0, 0, 0, 1, 1] 598
[0, 0, 0, 1, 1] 600
[0, 0, 0, 1, 1] 722
[0, 0, 0, 1, 1] 813
[0, 0, 0, 1, 1] 853
[0, 0, 0, 1, 1] 896
[0, 0, 0, 1, 1] 922
[0, 0, 0, 1, 1] 946
[0, 0, 0, 0, 1] 13
[0, 0, 0, 0, 1] 191
[0, 0, 0, 0, 1] 191
[0, 0, 0, 0, 1] 235
[0, 0, 0, 0, 1] 350
[0, 0, 0, 0, 1] 351
[0, 0, 0, 0, 1] 579
[0, 0, 0, 0, 1] 775
[0, 0, 0, 0, 1] 787
[0, 0, 0, 0, 1] 816
[0, 0, 0, 0, 1] 919
[0, 0, 0, 0, 1] 954
