VARIABLES 100
NB_OBJ 5
ITEMS
[1, 1, 1, 1, 1] 113
[1, 1, 1, 1, 1] 152
[1, 1, 1, 1, 1] 206
[1, 1, 1, 1, 1] 235
[1, 1, 1, 1, 1] 243
[1, 1, 1, 1, 1] 352
[1, 1, 1, 1, 1] 382
[1, 1, 1, 1, 1] 401
[1, 1, 1, 1, 1] 435
[1, 1, 1, 1, 1] 521
[1, 1, 1, 1, 1] 548
[1, 1, 1, 1, 1] 550
[1, 1, 1, 1, 1] 611
[1, 1, 1, 1, 1] 624
[1, 1, 1, 1, 1] 637
[1, 1, 1, 1, 1] 649
[1, 1, 1, 1, 1] 711
[1, 1, 1, 1, 1] 766
[1, 1, 1, 1, 1] 864
[1, 1, 1, 1, 1] 883
[1, 1, 1, 1, 1] 954
[1, 1, 1, 1, 1] 978
[1, 1, 1, 1, 1] 984
[0, 1, 1, 1, 1] 222
[0, 1, 1, 1, 1] 248
[0, 1, 1, 1, 1] 273
[0, 1, 1, 1, 1] 347
[0, 1, 1, 1, 1] 421
[0, 1, 1, 1, 1] 505
[0, 1, 1, 1, 1] 524
[0, 1, 1, 1, 1] 584
[0, 1, 1, 1, 1] 646
[0, 1, 1, 1, 1] 690
[0, 1, 1, 1, 1] 762
[0, 1, 1, 1, 1] 803
[0, 1, 1, 1, 1] 858
[0, 1, 1, 1, 1] 862
[0, 1, 1, 1, 1] 899
[0, 1, 1, 1, 1] 985
[0, 1, 1, 1, 1] 996
[0, 0, 1, 1, 1] 2
[0, 0, 1, 1, 1] 166
[0, 0, 1, 1, 1] 184
[0, 0, 1, 1, 1] 282
[0, 0, 1, 1, 1] 308
[0, 0, 1, 1, 1] 338
[0, 0, 1, 1, 1] 339
[0, 0, 1, 1, 1] 364
[0, 0, 1, 1, 1] 371
[0, 0, 1, 1, 1] 452
[0, 0, 1, 1, 1] 453
[0, 0, 1, 1, 1] 474
[0, 0, 1, 1, 1] 584
[0, 0, 1, 1, 1] 637
[0, 0, 1, 1, 1] 659
[0, 0, 1, 1, 1] 668
[0, 0, 1, 1, 1] 670
[0, 0, 1, 1, 1] 748
[0, 0, 1, 1, 1] 783
[0, 0, 1, 1, 1] 797
[0, 0, 1, 1, 1] 859
[0, 0, 1, 1, 1] 956
[0, 0, 1, 1, 1] 976
[0, 0, 1, 1, 1] 996
[0, 0, 0, 1, 1] 27
[0, 0, 0, 1, 1] 302
[0, 0, 0, 1, 1] 307
[0, 0, 0, 1, 1] 312
[0, 0, 0, 1, 1] 347
[0, 0, 0, 1, 1] 377
[0, 0, 0, 1, 1] 470
[0, 0, 0, 1, 1] 515
[0, 0, 0, 1, 1] 603
[0, 0, 0, 1, 1] 706
[0, 0, 0, 1, 1] 719
[0, 0, 0, 1, 1] 792
[0, 0, 0, 1, 1] 830
[0, 0, 0, 1, 1] 869
[0, 0, 0, 1, 1] 924
[0, 0, 0, 1, 1] 938
[0, 0, 0, 1, 1] 957
[0, 0, 0, 0, 1] 71
[0, 0, 0, 0, 1] 175
[0, 0, 0, 0, 1] 205
[0, 0, 0, 0, 1] 294
[0, 0, 0, 0, 1] 294
[0, 0, 0, 0, 1] 341
[0, 0, 0, 0, 1] 371
[0, 0, 0, 0, 1] 427
[0, 0, 0, 0, 1] 507
[0, 0, 0, 0, 1] 633
[0, 0, 0, 0, 1] 665
[0, 0, 0, 0, 1] 804
[0, 0, 0, 0, 1] 836
[0, 0, 0, 0, 1] 874
[0, 0, 0, 0, 1] 880
[0, 0, 0, 0, 1] 889
[0, 0, 0, 0, 1] 927
[0, 0, 0, 0, 1] 959
[0, 0, 0, 0, 1] 995
