VARIABLES 100
NB_OBJ 5
ITEMS
[1, 1, 1, 1, 1] 40
[1, 1, 1, 1, 1] 40
[1, 1, 1, 1, 1] 163
[1, 1, 1, 1, 1] 260
[1, 1, 1, 1, 1] 368
[1, 1, 1, 1, 1] 396
[1, 1, 1, 1, 1] 401
[1, 1, 1, 1, 1] 424
[1, 1, 1, 1, 1] 437
[1, 1, 1, 1, 1] 503
[1, 1, 1, 1, 1] 666
[1, 1, 1, 1, 1] 757
[1, 1, 1, 1, 1] 866
[1, 1, 1, 1, 1] 870
[1, 1, 1, 1, 1] 920
[1, 1, 1, 1, 1] 924
[1, 1, 1, 1, 1] 927
[0, 1, 1, 1, 1] 27
[0, 1, 1, 1, 1] 114
[0, 1, 1, 1, 1] 116
[0, 1, 1, 1, 1] 145
[0, 1, 1, 1, 1] 189
[0, 1, 1, 1, 1] 202
[0, 1, 1, 1, 1] 236
[0, 1, 1, 1, 1] 289
[0, 1, 1, 1, 1] 303
[0, 1, 1, 1, 1] 304
[0, 1, 1, 1, 1] 305
[0, 1, 1, 1, 1] 319
[0, 1, 1, 1, 1] 334
[0, 1, 1, 1, 1] 362
[0, 1, 1, 1, 1] 391
[0, 1, 1, 1, 1] 527
[0, 1, 1, 1, 1] 547
[0, 1, 1, 1, 1] 613
[0, 1, 1, 1, 1] 679
[0, 1, 1, 1, 1] 719
[0, 1, 1, 1, 1] 733
[0, 1, 1, 1, 1] 758
[0, 1, 1, 1, 1] 805
[0, 1, 1, 1, 1] 823
[0, 1, 1, 1, 1] 825
[0, 1, 1, 1, 1] 965
[0, 1, 1, 1, 1] 970
[0, 1, 1, 1, 1] 980
[0, 1, 1, 1, 1] 986
[0, 0, 1, 1, 1] 140
[0, 0, 1, 1, 1] 259
[0, 0, 1, 1, 1] 276
[0, 0, 1, 1, 1] 312
[0, 0, 1, 1, 1] 334
[0, 0, 1, 1, 1] 417
[0, 0, 1, 1, 1] 446
[0, 0, 1, 1, 1] 495
[0, 0, 1, 1, 1] 522
[0, 0, 1, 1, 1] 598
[0, 0, 1, 1, 1] 629
[0, 0, 1, 1, 1] 717
[0, 0, 1, 1, 1] 779
[0, 0, 1, 1, 1] 813
[0, 0, 1, 1, 1] 910
[0, 0, 1, 1, 1] 975
[0, 0, 1, 1, 1] 979
[0, 0, 0, 1, 1] 140
[0, 0, 0, 1, 1] 166
[0, 0, 0, 1, 1] 170
[0, 0, 0, 1, 1] 218
[0, 0, 0, 1, 1] 252
[0, 0, 0, 1, 1] 282
[0, 0, 0, 1, 1] 368
[0, 0, 0, 1, 1] 424
[0, 0, 0, 1, 1] 529
[0, 0, 0, 1, 1] 567
[0, 0, 0, 1, 1] 672
[0, 0, 0, 1, 1] 712
[0, 0, 0, 1, 1] 748
[0, 0, 0, 1, 1] 830
[0, 0, 0, 1, 1] 896
[0, 0, 0, 1, 1] 911
[0, 0, 0, 1, 1] 926
[0, 0, 0, 1, 1] 969
[0, 0, 0, 0, 1] 12
[0, 0, 0, 0, 1] 42
[0, 0, 0, 0, 1] 77
[0, 0, 0, 0, 1] 122
[0, 0, 0, 0, 1] 132
[0, 0, 0, 0, 1] 143
[0, 0, 0, 0, 1] 255
[0, 0, 0, 0, 1] 417
[0, 0, 0, 0, 1] 460
[0, 0, 0, 0, 1] 480
[0, 0, 0, 0, 1] 492
[0, 0, 0, 0, 1] 529
[0, 0, 0, 0, 1] 575
[0, 0, 0, 0, 1] 664
[0, 0, 0, 0, 1] 666
[0, 0, 0, 0, 1] 683
[0, 0, 0, 0, 1] 683
[0, 0, 0, 0, 1] 685
[0, 0, 0, 0, 1] 817
