VARIABLES 100
NB_OBJ 5
ITEMS
[1, 1, 1, 1, 1] 42
[1, 1, 1, 1, 1] 60
[1, 1, 1, 1, 1] 111
[1, 1, 1, 1, 1] 145
[1, 1, 1, 1, 1] 226
[1, 1, 1, 1, 1] 270
[1, 1, 1, 1, 1] 279
[1, 1, 1, 1, 1] 322
[1, 1, 1, 1, 1] 571
[1, 1, 1, 1, 1] 601
[1, 1, 1, 1, 1] 622
[1, 1, 1, 1, 1] 651
[1, 1, 1, 1, 1] 665
[1, 1, 1, 1, 1] 668
[1, 1, 1, 1, 1] 698
[1, 1, 1, 1, 1] 810
[1, 1, 1, 1, 1] 821
[1, 1, 1, 1, 1] 831
[1, 1, 1, 1, 1] 851
[1, 1, 1, 1, 1] 887
[1, 1, 1, 1, 1] 890
[1, 1, 1, 1, 1] 939
[1, 1, 1, 1, 1] 959
[0, 1, 1, 1, 1] 182
[0, 1, 1, 1, 1] 358
[0, 1, 1, 1, 1] 366
[0, 1, 1, 1, 1] 384
[0, 1, 1, 1, 1] 411
[0, 1, 1, 1, 1] 411
[0, 1, 1, 1, 1] 468
[0, 1, 1, 1, 1] 502
[0, 1, 1, 1, 1] 534
[0, 1, 1, 1, 1] 617
[0, 1, 1, 1, 1] 639
[0, 1, 1, 1, 1] 823
[0, 1, 1, 1, 1] 935
[0, 1, 1, 1, 1] 949
[0, 0, 1, 1, 1] 1
[0, 0, 1, 1, 1] 79
[0, 0, 1, 1, 1] 147
[0, 0, 1, 1, 1] 177
[0, 0, 1, 1, 1] 240
[0, 0, 1, 1, 1] 348
[0, 0, 1, 1, 1] 387
[0, 0, 1, 1, 1] 408
[0, 0, 1, 1, 1] 432
[0, 0, 1, 1, 1] 509
[0, 0, 1, 1, 1] 570
[0, 0, 1, 1, 1] 713
[0, 0, 1, 1, 1] 767
[0, 0, 1, 1, 1] 802
[0, 0, 1, 1, 1] 820
[0, 0, 1, 1, 1] 865
[0, 0, 1, 1, 1] 876
[0, 0, 1, 1, 1] 889
[0, 0, 1, 1, 1] 891
[0, 0, 1, 1, 1] 969
[0, 0, 1, 1, 1] 982
[0, 0, 0, 1, 1] 9
[0, 0, 0, 1, 1] 189
[0, 0, 0, 1, 1] 226
[0, 0, 0, 1, 1] 289
[0, 0, 0, 1, 1] 362
[0, 0, 0, 1, 1] 368
[0, 0, 0, 1, 1] 411
[0, 0, 0, 1, 1] 417
[0, 0, 0, 1, 1] 439
[0, 0, 0, 1, 1] 499
[0, 0, 0, 1, 1] 503
[0, 0, 0, 1, 1] 506
[0, 0, 0, 1, 1] 538
[0, 0, 0, 1, 1] 545
[0, 0, 0, 1, 1] 550
[0, 0, 0, 1, 1] 619
[0, 0, 0, 1, 1] 650
[0, 0, 0, 1, 1] 672
[0, 0, 0, 1, 1] 776
[0, 0, 0, 1, 1] 807
[0, 0, 0, 1, 1] 828
[0, 0, 0, 1, 1] 829
[0, 0, 0, 1, 1] 927
[0, 0, 0, 1, 1] 958
[0, 0, 0, 1, 1] 979
[0, 0, 0, 0, 1] 36
[0, 0, 0, 0, 1] 63
[0, 0, 0, 0, 1] 87
[0, 0, 0, 0, 1] 151
[0, 0, 0, 0, 1] 222
[0, 0, 0, 0, 1] 277
[0, 0, 0, 0, 1] 366
[0, 0, 0, 0, 1] 408
[0, 0, 0, 0, 1] 455
[0, 0, 0, 0, 1] 465
[0, 0, 0, 0, 1] 707
[0, 0, 0, 0, 1] 796
[0, 0, 0, 0, 1] 817
[0, 0, 0, 0, 1] 841
[0, 0, 0, 0, 1] 865
[0, 0, 0, 0, 1] 928
[0, 0, 0, 0, 1] 985
