VARIABLES 100
NB_OBJ 5
ITEMS
[1, 1, 1, 1, 1] 97
[1, 1, 1, 1, 1] 101
[1, 1, 1, 1, 1] 118
[1, 1, 1, 1, 1] 138
[1, 1, 1, 1, 1] 166
[1, 1, 1, 1, 1] 180
[1, 1, 1, 1, 1] 251
[1, 1, 1, 1, 1] 305
[1, 1, 1, 1, 1] 309
[1, 1, 1, 1, 1] 354
[1, 1, 1, 1, 1] 405
[1, 1, 1, 1, 1] 483
[1, 1, 1, 1, 1] 493
[1, 1, 1, 1, 1] 549
[1, 1, 1, 1, 1] 557
[1, 1, 1, 1, 1] 567
[1, 1, 1, 1, 1] 570
[1, 1, 1, 1, 1] 582
[1, 1, 1, 1, 1] 615
[1, 1, 1, 1, 1] 618
[1, 1, 1, 1, 1] 661
[1, 1, 1, 1, 1] 690
[1, 1, 1, 1, 1] 746
[1, 1, 1, 1, 1] 830
[0, 1, 1, 1, 1] 137
[0, 1, 1, 1, 1] 166
[0, 1, 1, 1, 1] 192
[0, 1, 1, 1, 1] 233
[0, 1, 1, 1, 1] 247
[0, 1, 1, 1, 1] 350
[0, 1, 1, 1, 1] 355
[0, 1, 1, 1, 1] 431
[0, 1, 1, 1, 1] 543
[0, 1, 1, 1, 1] 576
[0, 1, 1, 1, 1] 594
[0, 1, 1, 1, 1] 643
[0, 1, 1, 1, 1] 695
[0, 1, 1, 1, 1] 727
[0, 1, 1, 1, 1] 786
[0, 1, 1, 1, 1] 796
[0, 1, 1, 1, 1] 803
[0, 1, 1, 1, 1] 880
[0, 0, 1, 1, 1] 12
[0, 0, 1, 1, 1] 46
[0, 0, 1, 1, 1] 311
[0, 0, 1, 1, 1] 311
[0, 0, 1, 1, 1] 432
[0, 0, 1, 1, 1] 458
[0, 0, 1, 1, 1] 462
[0, 0, 1, 1, 1] 509
[0, 0, 1, 1, 1] 593
[0, 0, 1, 1, 1] 594
[0, 0, 1, 1, 1] 653
[0, 0, 1, 1, 1] 756
[0, 0, 1, 1, 1] 845
[0, 0, 1, 1, 1] 876
[0, 0, 1, 1, 1] 894
[0, 0, 1, 1, 1] 913
[0, 0, 1, 1, 1] 943
[0, 0, 1, 1, 1] 955
[0, 0, 0, 1, 1] 16
[0, 0, 0, 1, 1] 68
[0, 0, 0, 1, 1] 71
[0, 0, 0, 1, 1] 210
[0, 0, 0, 1, 1] 221
[0, 0, 0, 1, 1] 224
[0, 0, 0, 1, 1] 240
[0, 0, 0, 1, 1] 313
[0, 0, 0, 1, 1] 351
[0, 0, 0, 1, 1] 373
[0, 0, 0, 1, 1] 394
[0, 0, 0, 1, 1] 468
[0, 0, 0, 1, 1] 487
[0, 0, 0, 1, 1] 609
[0, 0, 0, 1, 1] 633
[0, 0, 0, 1, 1] 676
[0, 0, 0, 1, 1] 685
[0, 0, 0, 1, 1] 687
[0, 0, 0, 1, 1] 793
[0, 0, 0, 1, 1] 987
[0, 0, 0, 0, 1] 109
[0, 0, 0, 0, 1] 130
[0, 0, 0, 0, 1] 135
[0, 0, 0, 0, 1] 153
[0, 0, 0, 0, 1] 153
[0, 0, 0, 0, 1] 266
[0, 0, 0, 0, 1] 455
[0, 0, 0, 0, 1] 499
[0, 0, 0, 0, 1] 561
[0, 0, 0, 0, 1] 588
[0, 0, 0, 0, 1] 589
[0, 0, 0, 0, 1] 597
[0, 0, 0, 0, 1] 600
[0, 0, 0, 0, 1] 622
[0, 0, 0, 0, 1] 735
[0, 0, 0, 0, 1] 747
[0, 0, 0, 0, 1] 776
[0, 0, 0, 0, 1] 823
[0, 0, 0, 0, 1] 865
[0, 0, 0, 0, 1] 877
