VARIABLES 100
NB_OBJ 5
ITEMS
[1, 1, 1, 1, 1] 53
[1, 1, 1, 1, 1] 66
[1, 1, 1, 1, 1] 108
[1, 1, 1, 1, 1] 133
[1, 1, 1, 1, 1] 141
[1, 1, 1, 1, 1] 221
[1, 1, 1, 1, 1] 276
[1, 1, 1, 1, 1] 285
[1, 1, 1, 1, 1] 413
[1, 1, 1, 1, 1] 418
[1, 1, 1, 1, 1] 550
[1, 1, 1, 1, 1] 569
[1, 1, 1, 1, 1] 610
[1, 1, 1, 1, 1] 618
[1, 1, 1, 1, 1] 683
[1, 1, 1, 1, 1] 726
[1, 1, 1, 1, 1] 789
[1, 1, 1, 1, 1] 850
[1, 1, 1, 1, 1] 905
[1, 1, 1, 1, 1] 906
[1, 1, 1, 1, 1] 932
[1, 1, 1, 1, 1] 939
[1, 1, 1, 1, 1] 950
[0, 1, 1, 1, 1] 24
[0, 1, 1, 1, 1] 36
[0, 1, 1, 1, 1] 226
[0, 1, 1, 1, 1] 227
[0, 1, 1, 1, 1] 232
[0, 1, 1, 1, 1] 282
[0, 1, 1, 1, 1] 307
[0, 1, 1, 1, 1] 315
[0, 1, 1, 1, 1] 403
[0, 1, 1, 1, 1] 427
[0, 1, 1, 1, 1] 479
[0, 1, 1, 1, 1] 557
[0, 1, 1, 1, 1] 571
[0, 1, 1, 1, 1] 617
[0, 1, 1, 1, 1] 685
[0, 1, 1, 1, 1] 707
[0, 1, 1, 1, 1] 710
[0, 1, 1, 1, 1] 913
[0, 1, 1, 1, 1] 975
[0, 0, 1, 1, 1] 31
[0, 0, 1, 1, 1] 49
[0, 0, 1, 1, 1] 54
[0, 0, 1, 1, 1] 78
[0, 0, 1, 1, 1] 96
[0, 0, 1, 1, 1] 109
[0, 0, 1, 1, 1] 118
[0, 0, 1, 1, 1] 193
[0, 0, 1, 1, 1] 259
[0, 0, 1, 1, 1] 270
[0, 0, 1, 1, 1] 361
[0, 0, 1, 1, 1] 420
[0, 0, 1, 1, 1] 513
[0, 0, 1, 1, 1] 524
[0, 0, 1, 1, 1] 541
[0, 0, 1, 1, 1] 548
[0, 0, 1, 1, 1] 561
[0, 0, 1, 1, 1] 576
[0, 0, 1, 1, 1] 611
[0, 0, 1, 1, 1] 774
[0, 0, 1, 1, 1] 774
[0, 0, 1, 1, 1] 793
[0, 0, 0, 1, 1] 16
[0, 0, 0, 1, 1] 156
[0, 0, 0, 1, 1] 175
[0, 0, 0, 1, 1] 202
[0, 0, 0, 1, 1] 237
[0, 0, 0, 1, 1] 254
[0, 0, 0, 1, 1] 295
[0, 0, 0, 1, 1] 356
[0, 0, 0, 1, 1] 524
[0, 0, 0, 1, 1] 542
[0, 0, 0, 1, 1] 595
[0, 0, 0, 1, 1] 644
[0, 0, 0, 1, 1] 673
[0, 0, 0, 1, 1] 709
[0, 0, 0, 1, 1] 748
[0, 0, 0, 1, 1] 900
[0, 0, 0, 1, 1] 928
[0, 0, 0, 1, 1] 1000
[0, 0, 0, 0, 1] 124
[0, 0, 0, 0, 1] 159
[0, 0, 0, 0, 1] 208
[0, 0, 0, 0, 1] 228
[0, 0, 0, 0, 1] 233
[0, 0, 0, 0, 1] 277
[0, 0, 0, 0, 1] 338
[0, 0, 0, 0, 1] 339
[0, 0, 0, 0, 1] 427
[0, 0, 0, 0, 1] 430
[0, 0, 0, 0, 1] 646
[0, 0, 0, 0, 1] 668
[0, 0, 0, 0, 1] 705
[0, 0, 0, 0, 1] 722
[0, 0, 0, 0, 1] 738
[0, 0, 0, 0, 1] 797
[0, 0, 0, 0, 1] 947
[0, 0, 0, 0, 1] 989
