VARIABLES 100
NB_OBJ 6
ITEMS
[1, 1, 1, 1, 1, 1] 21
[1, 1, 1, 1, 1, 1] 25
[1, 1, 1, 1, 1, 1] 83
[1, 1, 1, 1, 1, 1] 101
[1, 1, 1, 1, 1, 1] 134
[1, 1, 1, 1, 1, 1] 171
[1, 1, 1, 1, 1, 1] 240
[1, 1, 1, 1, 1, 1] 250
[1, 1, 1, 1, 1, 1] 437
[1, 1, 1, 1, 1, 1] 558
[1, 1, 1, 1, 1, 1] 574
[1, 1, 1, 1, 1, 1] 751
[1, 1, 1, 1, 1, 1] 839
[1, 1, 1, 1, 1, 1] 934
[1, 1, 1, 1, 1, 1] 980
[0, 1, 1, 1, 1, 1] 87
[0, 1, 1, 1, 1, 1] 114
[0, 1, 1, 1, 1, 1] 148
[0, 1, 1, 1, 1, 1] 243
[0, 1, 1, 1, 1, 1] 280
[0, 1, 1, 1, 1, 1] 382
[0, 1, 1, 1, 1, 1] 552
[0, 1, 1, 1, 1, 1] 596
[0, 1, 1, 1, 1, 1] 700
[0, 1, 1, 1, 1, 1] 705
[0, 1, 1, 1, 1, 1] 724
[0, 1, 1, 1, 1, 1] 747
[0, 1, 1, 1, 1, 1] 749
[0, 1, 1, 1, 1, 1] 818
[0, 1, 1, 1, 1, 1] 820
[0, 1, 1, 1, 1, 1] 902
[0, 1, 1, 1, 1, 1] 954
[0, 1, 1, 1, 1, 1] 968
[0, 0, 1, 1, 1, 1] 44
[0, 0, 1, 1, 1, 1] 127
[0, 0, 1, 1, 1, 1] 231
[0, 0, 1, 1, 1, 1] 276
[0, 0, 1, 1, 1, 1] 315
[0, 0, 1, 1, 1, 1] 351
[0, 0, 1, 1, 1, 1] 427
[0, 0, 1, 1, 1, 1] 429
[0, 0, 1, 1, 1, 1] 578
[0, 0, 1, 1, 1, 1] 616
[0, 0, 1, 1, 1, 1] 694
[0, 0, 1, 1, 1, 1] 845
[0, 0, 1, 1, 1, 1] 951
[0, 0, 1, 1, 1, 1] 984
[0, 0, 0, 1, 1, 1] 228
[0, 0, 0, 1, 1, 1] 465
[0, 0, 0, 1, 1, 1] 591
[0, 0, 0, 1, 1, 1] 593
[0, 0, 0, 1, 1, 1] 727
[0, 0, 0, 1, 1, 1] 756
[0, 0, 0, 1, 1, 1] 781
[0, 0, 0, 1, 1, 1] 795
[0, 0, 0, 1, 1, 1] 829
[0, 0, 0, 1, 1, 1] 841
[0, 0, 0, 1, 1, 1] 921
[0, 0, 0, 1, 1, 1] 932
[0, 0, 0, 0, 1, 1] 14
[0, 0, 0, 0, 1, 1] 95
[0, 0, 0, 0, 1, 1] 100
[0, 0, 0, 0, 1, 1] 120
[0, 0, 0, 0, 1, 1] 177
[0, 0, 0, 0, 1, 1] 210
[0, 0, 0, 0, 1, 1] 268
[0, 0, 0, 0, 1, 1] 272
[0, 0, 0, 0, 1, 1] 346
[0, 0, 0, 0, 1, 1] 449
[0, 0, 0, 0, 1, 1] 458
[0, 0, 0, 0, 1, 1] 460
[0, 0, 0, 0, 1, 1] 481
[0, 0, 0, 0, 1, 1] 552
[0, 0, 0, 0, 1, 1] 700
[0, 0, 0, 0, 1, 1] 731
[0, 0, 0, 0, 1, 1] 762
[0, 0, 0, 0, 1, 1] 779
[0, 0, 0, 0, 1, 1] 859
[0, 0, 0, 0, 1, 1] 899
[0, 0, 0, 0, 0, 1] 93
[0, 0, 0, 0, 0, 1] 213
[0, 0, 0, 0, 0, 1] 234
[0, 0, 0, 0, 0, 1] 238
[0, 0, 0, 0, 0, 1] 247
[0, 0, 0, 0, 0, 1] 266
[0, 0, 0, 0, 0, 1] 293
[0, 0, 0, 0, 0, 1] 309
[0, 0, 0, 0, 0, 1] 465
[0, 0, 0, 0, 0, 1] 478
[0, 0, 0, 0, 0, 1] 552
[0, 0, 0, 0, 0, 1] 588
[0, 0, 0, 0, 0, 1] 666
[0, 0, 0, 0, 0, 1] 772
[0, 0, 0, 0, 0, 1] 826
[0, 0, 0, 0, 0, 1] 846
[0, 0, 0, 0, 0, 1] 850
[0, 0, 0, 0, 0, 1] 889
[0, 0, 0, 0, 0, 1] 946
[0, 0, 0, 0, 0, 1] 955
[0, 0, 0, 0, 0, 1] 987
