VARIABLES 100
NB_OBJ 6
ITEMS
[1, 1, 1, 1, 1, 1] 12
[1, 1, 1, 1, 1, 1] 21
[1, 1, 1, 1, 1, 1] 102
[1, 1, 1, 1, 1, 1] 132
[1, 1, 1, 1, 1, 1] 201
[1, 1, 1, 1, 1, 1] 347
[1, 1, 1, 1, 1, 1] 362
[1, 1, 1, 1, 1, 1] 382
[1, 1, 1, 1, 1, 1] 391
[1, 1, 1, 1, 1, 1] 453
[1, 1, 1, 1, 1, 1] 479
[1, 1, 1, 1, 1, 1] 550
[1, 1, 1, 1, 1, 1] 616
[1, 1, 1, 1, 1, 1] 649
[1, 1, 1, 1, 1, 1] 649
[1, 1, 1, 1, 1, 1] 744
[1, 1, 1, 1, 1, 1] 856
[1, 1, 1, 1, 1, 1] 918
[1, 1, 1, 1, 1, 1] 921
[0, 1, 1, 1, 1, 1] 80
[0, 1, 1, 1, 1, 1] 273
[0, 1, 1, 1, 1, 1] 314
[0, 1, 1, 1, 1, 1] 320
[0, 1, 1, 1, 1, 1] 415
[0, 1, 1, 1, 1, 1] 536
[0, 1, 1, 1, 1, 1] 549
[0, 1, 1, 1, 1, 1] 563
[0, 1, 1, 1, 1, 1] 596
[0, 1, 1, 1, 1, 1] 761
[0, 1, 1, 1, 1, 1] 876
[0, 1, 1, 1, 1, 1] 908
[0, 1, 1, 1, 1, 1] 982
[0, 0, 1, 1, 1, 1] 60
[0, 0, 1, 1, 1, 1] 95
[0, 0, 1, 1, 1, 1] 185
[0, 0, 1, 1, 1, 1] 230
[0, 0, 1, 1, 1, 1] 234
[0, 0, 1, 1, 1, 1] 382
[0, 0, 1, 1, 1, 1] 396
[0, 0, 1, 1, 1, 1] 409
[0, 0, 1, 1, 1, 1] 456
[0, 0, 1, 1, 1, 1] 474
[0, 0, 1, 1, 1, 1] 577
[0, 0, 1, 1, 1, 1] 750
[0, 0, 0, 1, 1, 1] 183
[0, 0, 0, 1, 1, 1] 187
[0, 0, 0, 1, 1, 1] 236
[0, 0, 0, 1, 1, 1] 311
[0, 0, 0, 1, 1, 1] 315
[0, 0, 0, 1, 1, 1] 396
[0, 0, 0, 1, 1, 1] 511
[0, 0, 0, 1, 1, 1] 523
[0, 0, 0, 1, 1, 1] 553
[0, 0, 0, 1, 1, 1] 562
[0, 0, 0, 1, 1, 1] 603
[0, 0, 0, 1, 1, 1] 661
[0, 0, 0, 1, 1, 1] 665
[0, 0, 0, 1, 1, 1] 711
[0, 0, 0, 1, 1, 1] 751
[0, 0, 0, 1, 1, 1] 765
[0, 0, 0, 1, 1, 1] 812
[0, 0, 0, 1, 1, 1] 820
[0, 0, 0, 1, 1, 1] 865
[0, 0, 0, 1, 1, 1] 935
[0, 0, 0, 1, 1, 1] 951
[0, 0, 0, 0, 1, 1] 9
[0, 0, 0, 0, 1, 1] 55
[0, 0, 0, 0, 1, 1] 188
[0, 0, 0, 0, 1, 1] 350
[0, 0, 0, 0, 1, 1] 581
[0, 0, 0, 0, 1, 1] 606
[0, 0, 0, 0, 1, 1] 622
[0, 0, 0, 0, 1, 1] 628
[0, 0, 0, 0, 1, 1] 676
[0, 0, 0, 0, 1, 1] 793
[0, 0, 0, 0, 1, 1] 863
[0, 0, 0, 0, 1, 1] 868
[0, 0, 0, 0, 1, 1] 893
[0, 0, 0, 0, 1, 1] 924
[0, 0, 0, 0, 1, 1] 977
[0, 0, 0, 0, 0, 1] 82
[0, 0, 0, 0, 0, 1] 138
[0, 0, 0, 0, 0, 1] 207
[0, 0, 0, 0, 0, 1] 282
[0, 0, 0, 0, 0, 1] 287
[0, 0, 0, 0, 0, 1] 287
[0, 0, 0, 0, 0, 1] 296
[0, 0, 0, 0, 0, 1] 311
[0, 0, 0, 0, 0, 1] 327
[0, 0, 0, 0, 0, 1] 339
[0, 0, 0, 0, 0, 1] 369
[0, 0, 0, 0, 0, 1] 384
[0, 0, 0, 0, 0, 1] 617
[0, 0, 0, 0, 0, 1] 783
[0, 0, 0, 0, 0, 1] 884
[0, 0, 0, 0, 0, 1] 889
[0, 0, 0, 0, 0, 1] 914
[0, 0, 0, 0, 0, 1] 914
[0, 0, 0, 0, 0, 1] 918
[0, 0, 0, 0, 0, 1] 985
