VARIABLES 100
NB_OBJ 6
ITEMS
[1, 1, 1, 1, 1, 1] 34
[1, 1, 1, 1, 1, 1] 196
[1, 1, 1, 1, 1, 1] 316
[1, 1, 1, 1, 1, 1] 326
[1, 1, 1, 1, 1, 1] 348
[1, 1, 1, 1, 1, 1] 357
[1, 1, 1, 1, 1, 1] 492
[1, 1, 1, 1, 1, 1] 529
[1, 1, 1, 1, 1, 1] 638
[1, 1, 1, 1, 1, 1] 790
[1, 1, 1, 1, 1, 1] 897
[0, 1, 1, 1, 1, 1] 25
[0, 1, 1, 1, 1, 1] 230
[0, 1, 1, 1, 1, 1] 242
[0, 1, 1, 1, 1, 1] 341
[0, 1, 1, 1, 1, 1] 355
[0, 1, 1, 1, 1, 1] 382
[0, 1, 1, 1, 1, 1] 427
[0, 1, 1, 1, 1, 1] 430
[0, 1, 1, 1, 1, 1] 500
[0, 1, 1, 1, 1, 1] 563
[0, 1, 1, 1, 1, 1] 580
[0, 1, 1, 1, 1, 1] 601
[0, 1, 1, 1, 1, 1] 610
[0, 1, 1, 1, 1, 1] 614
[0, 1, 1, 1, 1, 1] 668
[0, 1, 1, 1, 1, 1] 738
[0, 1, 1, 1, 1, 1] 801
[0, 1, 1, 1, 1, 1] 802
[0, 1, 1, 1, 1, 1] 843
[0, 1, 1, 1, 1, 1] 878
[0, 1, 1, 1, 1, 1] 932
[0, 1, 1, 1, 1, 1] 989
[0, 0, 1, 1, 1, 1] 41
[0, 0, 1, 1, 1, 1] 61
[0, 0, 1, 1, 1, 1] 228
[0, 0, 1, 1, 1, 1] 390
[0, 0, 1, 1, 1, 1] 456
[0, 0, 1, 1, 1, 1] 560
[0, 0, 1, 1, 1, 1] 692
[0, 0, 1, 1, 1, 1] 850
[0, 0, 1, 1, 1, 1] 856
[0, 0, 1, 1, 1, 1] 902
[0, 0, 1, 1, 1, 1] 951
[0, 0, 1, 1, 1, 1] 978
[0, 0, 0, 1, 1, 1] 151
[0, 0, 0, 1, 1, 1] 192
[0, 0, 0, 1, 1, 1] 195
[0, 0, 0, 1, 1, 1] 198
[0, 0, 0, 1, 1, 1] 239
[0, 0, 0, 1, 1, 1] 276
[0, 0, 0, 1, 1, 1] 345
[0, 0, 0, 1, 1, 1] 352
[0, 0, 0, 1, 1, 1] 361
[0, 0, 0, 1, 1, 1] 489
[0, 0, 0, 1, 1, 1] 603
[0, 0, 0, 1, 1, 1] 607
[0, 0, 0, 1, 1, 1] 728
[0, 0, 0, 1, 1, 1] 748
[0, 0, 0, 1, 1, 1] 782
[0, 0, 0, 1, 1, 1] 791
[0, 0, 0, 1, 1, 1] 968
[0, 0, 0, 0, 1, 1] 73
[0, 0, 0, 0, 1, 1] 129
[0, 0, 0, 0, 1, 1] 138
[0, 0, 0, 0, 1, 1] 263
[0, 0, 0, 0, 1, 1] 317
[0, 0, 0, 0, 1, 1] 366
[0, 0, 0, 0, 1, 1] 498
[0, 0, 0, 0, 1, 1] 599
[0, 0, 0, 0, 1, 1] 600
[0, 0, 0, 0, 1, 1] 769
[0, 0, 0, 0, 1, 1] 771
[0, 0, 0, 0, 1, 1] 909
[0, 0, 0, 0, 1, 1] 926
[0, 0, 0, 0, 0, 1] 2
[0, 0, 0, 0, 0, 1] 121
[0, 0, 0, 0, 0, 1] 164
[0, 0, 0, 0, 0, 1] 243
[0, 0, 0, 0, 0, 1] 268
[0, 0, 0, 0, 0, 1] 331
[0, 0, 0, 0, 0, 1] 343
[0, 0, 0, 0, 0, 1] 391
[0, 0, 0, 0, 0, 1] 451
[0, 0, 0, 0, 0, 1] 454
[0, 0, 0, 0, 0, 1] 497
[0, 0, 0, 0, 0, 1] 536
[0, 0, 0, 0, 0, 1] 539
[0, 0, 0, 0, 0, 1] 641
[0, 0, 0, 0, 0, 1] 705
[0, 0, 0, 0, 0, 1] 719
[0, 0, 0, 0, 0, 1] 750
[0, 0, 0, 0, 0, 1] 783
[0, 0, 0, 0, 0, 1] 812
[0, 0, 0, 0, 0, 1] 893
[0, 0, 0, 0, 0, 1] 900
[0, 0, 0, 0, 0, 1] 901
[0, 0, 0, 0, 0, 1] 916
[0, 0, 0, 0, 0, 1] 933
[0, 0, 0, 0, 0, 1] 980
