VARIABLES 100
NB_OBJ 6
ITEMS
[1, 1, 1, 1, 1, 1] 35
[1, 1, 1, 1, 1, 1] 37
[1, 1, 1, 1, 1, 1] 78
[1, 1, 1, 1, 1, 1] 104
[1, 1, 1, 1, 1, 1] 194
[1, 1, 1, 1, 1, 1] 242
[1, 1, 1, 1, 1, 1] 265
[1, 1, 1, 1, 1, 1] 298
[1, 1, 1, 1, 1, 1] 390
[1, 1, 1, 1, 1, 1] 417
[1, 1, 1, 1, 1, 1] 437
[1, 1, 1, 1, 1, 1] 721
[1, 1, 1, 1, 1, 1] 741
[1, 1, 1, 1, 1, 1] 859
[1, 1, 1, 1, 1, 1] 887
[0, 1, 1, 1, 1, 1] 21
[0, 1, 1, 1, 1, 1] 148
[0, 1, 1, 1, 1, 1] 254
[0, 1, 1, 1, 1, 1] 306
[0, 1, 1, 1, 1, 1] 373
[0, 1, 1, 1, 1, 1] 498
[0, 1, 1, 1, 1, 1] 513
[0, 1, 1, 1, 1, 1] 569
[0, 1, 1, 1, 1, 1] 677
[0, 1, 1, 1, 1, 1] 768
[0, 1, 1, 1, 1, 1] 842
[0, 1, 1, 1, 1, 1] 854
[0, 1, 1, 1, 1, 1] 921
[0, 1, 1, 1, 1, 1] 991
[0, 1, 1, 1, 1, 1] 995
[0, 0, 1, 1, 1, 1] 51
[0, 0, 1, 1, 1, 1] 90
[0, 0, 1, 1, 1, 1] 145
[0, 0, 1, 1, 1, 1] 490
[0, 0, 1, 1, 1, 1] 543
[0, 0, 1, 1, 1, 1] 597
[0, 0, 1, 1, 1, 1] 600
[0, 0, 1, 1, 1, 1] 614
[0, 0, 1, 1, 1, 1] 650
[0, 0, 1, 1, 1, 1] 701
[0, 0, 1, 1, 1, 1] 710
[0, 0, 1, 1, 1, 1] 731
[0, 0, 1, 1, 1, 1] 847
[0, 0, 0, 1, 1, 1] 45
[0, 0, 0, 1, 1, 1] 97
[0, 0, 0, 1, 1, 1] 129
[0, 0, 0, 1, 1, 1] 188
[0, 0, 0, 1, 1, 1] 233
[0, 0, 0, 1, 1, 1] 248
[0, 0, 0, 1, 1, 1] 258
[0, 0, 0, 1, 1, 1] 423
[0, 0, 0, 1, 1, 1] 440
[0, 0, 0, 1, 1, 1] 457
[0, 0, 0, 1, 1, 1] 463
[0, 0, 0, 1, 1, 1] 641
[0, 0, 0, 1, 1, 1] 647
[0, 0, 0, 1, 1, 1] 738
[0, 0, 0, 1, 1, 1] 750
[0, 0, 0, 1, 1, 1] 841
[0, 0, 0, 1, 1, 1] 846
[0, 0, 0, 1, 1, 1] 943
[0, 0, 0, 1, 1, 1] 982
[0, 0, 0, 0, 1, 1] 15
[0, 0, 0, 0, 1, 1] 40
[0, 0, 0, 0, 1, 1] 97
[0, 0, 0, 0, 1, 1] 132
[0, 0, 0, 0, 1, 1] 141
[0, 0, 0, 0, 1, 1] 187
[0, 0, 0, 0, 1, 1] 262
[0, 0, 0, 0, 1, 1] 327
[0, 0, 0, 0, 1, 1] 370
[0, 0, 0, 0, 1, 1] 450
[0, 0, 0, 0, 1, 1] 557
[0, 0, 0, 0, 1, 1] 573
[0, 0, 0, 0, 1, 1] 596
[0, 0, 0, 0, 1, 1] 627
[0, 0, 0, 0, 1, 1] 752
[0, 0, 0, 0, 1, 1] 757
[0, 0, 0, 0, 1, 1] 757
[0, 0, 0, 0, 1, 1] 813
[0, 0, 0, 0, 1, 1] 962
[0, 0, 0, 0, 1, 1] 969
[0, 0, 0, 0, 1, 1] 973
[0, 0, 0, 0, 1, 1] 990
[0, 0, 0, 0, 0, 1] 67
[0, 0, 0, 0, 0, 1] 90
[0, 0, 0, 0, 0, 1] 125
[0, 0, 0, 0, 0, 1] 177
[0, 0, 0, 0, 0, 1] 208
[0, 0, 0, 0, 0, 1] 258
[0, 0, 0, 0, 0, 1] 298
[0, 0, 0, 0, 0, 1] 626
[0, 0, 0, 0, 0, 1] 632
[0, 0, 0, 0, 0, 1] 678
[0, 0, 0, 0, 0, 1] 691
[0, 0, 0, 0, 0, 1] 699
[0, 0, 0, 0, 0, 1] 785
[0, 0, 0, 0, 0, 1] 805
[0, 0, 0, 0, 0, 1] 811
[0, 0, 0, 0, 0, 1] 826
