VARIABLES 100
NB_OBJ 6
ITEMS
[1, 1, 1, 1, 1, 1] 58
[1, 1, 1, 1, 1, 1] 139
[1, 1, 1, 1, 1, 1] 257
[1, 1, 1, 1, 1, 1] 283
[1, 1, 1, 1, 1, 1] 287
[1, 1, 1, 1, 1, 1] 368
[1, 1, 1, 1, 1, 1] 370
[1, 1, 1, 1, 1, 1] 397
[1, 1, 1, 1, 1, 1] 500
[1, 1, 1, 1, 1, 1] 711
[1, 1, 1, 1, 1, 1] 741
[1, 1, 1, 1, 1, 1] 773
[1, 1, 1, 1, 1, 1] 777
[1, 1, 1, 1, 1, 1] 777
[1, 1, 1, 1, 1, 1] 951
[0, 1, 1, 1, 1, 1] 110
[0, 1, 1, 1, 1, 1] 178
[0, 1, 1, 1, 1, 1] 184
[0, 1, 1, 1, 1, 1] 247
[0, 1, 1, 1, 1, 1] 247
[0, 1, 1, 1, 1, 1] 290
[0, 1, 1, 1, 1, 1] 350
[0, 1, 1, 1, 1, 1] 374
[0, 1, 1, 1, 1, 1] 412
[0, 1, 1, 1, 1, 1] 428
[0, 1, 1, 1, 1, 1] 436
[0, 1, 1, 1, 1, 1] 448
[0, 1, 1, 1, 1, 1] 586
[0, 1, 1, 1, 1, 1] 640
[0, 1, 1, 1, 1, 1] 660
[0, 1, 1, 1, 1, 1] 681
[0, 1, 1, 1, 1, 1] 737
[0, 1, 1, 1, 1, 1] 755
[0, 1, 1, 1, 1, 1] 766
[0, 1, 1, 1, 1, 1] 901
[0, 0, 1, 1, 1, 1] 2
[0, 0, 1, 1, 1, 1] 44
[0, 0, 1, 1, 1, 1] 96
[0, 0, 1, 1, 1, 1] 134
[0, 0, 1, 1, 1, 1] 176
[0, 0, 1, 1, 1, 1] 190
[0, 0, 1, 1, 1, 1] 235
[0, 0, 1, 1, 1, 1] 286
[0, 0, 1, 1, 1, 1] 363
[0, 0, 1, 1, 1, 1] 436
[0, 0, 1, 1, 1, 1] 767
[0, 0, 1, 1, 1, 1] 829
[0, 0, 1, 1, 1, 1] 854
[0, 0, 1, 1, 1, 1] 991
[0, 0, 0, 1, 1, 1] 25
[0, 0, 0, 1, 1, 1] 67
[0, 0, 0, 1, 1, 1] 89
[0, 0, 0, 1, 1, 1] 112
[0, 0, 0, 1, 1, 1] 185
[0, 0, 0, 1, 1, 1] 220
[0, 0, 0, 1, 1, 1] 349
[0, 0, 0, 1, 1, 1] 399
[0, 0, 0, 1, 1, 1] 422
[0, 0, 0, 1, 1, 1] 497
[0, 0, 0, 1, 1, 1] 546
[0, 0, 0, 1, 1, 1] 564
[0, 0, 0, 1, 1, 1] 651
[0, 0, 0, 1, 1, 1] 658
[0, 0, 0, 1, 1, 1] 793
[0, 0, 0, 1, 1, 1] 799
[0, 0, 0, 1, 1, 1] 835
[0, 0, 0, 1, 1, 1] 924
[0, 0, 0, 1, 1, 1] 937
[0, 0, 0, 1, 1, 1] 984
[0, 0, 0, 0, 1, 1] 151
[0, 0, 0, 0, 1, 1] 156
[0, 0, 0, 0, 1, 1] 252
[0, 0, 0, 0, 1, 1] 280
[0, 0, 0, 0, 1, 1] 310
[0, 0, 0, 0, 1, 1] 604
[0, 0, 0, 0, 1, 1] 606
[0, 0, 0, 0, 1, 1] 639
[0, 0, 0, 0, 1, 1] 680
[0, 0, 0, 0, 1, 1] 691
[0, 0, 0, 0, 1, 1] 850
[0, 0, 0, 0, 0, 1] 12
[0, 0, 0, 0, 0, 1] 41
[0, 0, 0, 0, 0, 1] 52
[0, 0, 0, 0, 0, 1] 88
[0, 0, 0, 0, 0, 1] 93
[0, 0, 0, 0, 0, 1] 127
[0, 0, 0, 0, 0, 1] 294
[0, 0, 0, 0, 0, 1] 329
[0, 0, 0, 0, 0, 1] 514
[0, 0, 0, 0, 0, 1] 578
[0, 0, 0, 0, 0, 1] 599
[0, 0, 0, 0, 0, 1] 618
[0, 0, 0, 0, 0, 1] 644
[0, 0, 0, 0, 0, 1] 675
[0, 0, 0, 0, 0, 1] 703
[0, 0, 0, 0, 0, 1] 720
[0, 0, 0, 0, 0, 1] 731
[0, 0, 0, 0, 0, 1] 753
[0, 0, 0, 0, 0, 1] 811
[0, 0, 0, 0, 0, 1] 861
