VARIABLES 100
NB_OBJ 6
ITEMS
[1, 1, 1, 1, 1, 1] 69
[1, 1, 1, 1, 1, 1] 100
[1, 1, 1, 1, 1, 1] 127
[1, 1, 1, 1, 1, 1] 137
[1, 1, 1, 1, 1, 1] 201
[1, 1, 1, 1, 1, 1] 339
[1, 1, 1, 1, 1, 1] 500
[1, 1, 1, 1, 1, 1] 606
[1, 1, 1, 1, 1, 1] 739
[1, 1, 1, 1, 1, 1] 800
[1, 1, 1, 1, 1, 1] 947
[1, 1, 1, 1, 1, 1] 959
[0, 1, 1, 1, 1, 1] 59
[0, 1, 1, 1, 1, 1] 62
[0, 1, 1, 1, 1, 1] 88
[0, 1, 1, 1, 1, 1] 146
[0, 1, 1, 1, 1, 1] 177
[0, 1, 1, 1, 1, 1] 214
[0, 1, 1, 1, 1, 1] 326
[0, 1, 1, 1, 1, 1] 332
[0, 1, 1, 1, 1, 1] 434
[0, 1, 1, 1, 1, 1] 508
[0, 1, 1, 1, 1, 1] 534
[0, 1, 1, 1, 1, 1] 611
[0, 1, 1, 1, 1, 1] 643
[0, 1, 1, 1, 1, 1] 709
[0, 1, 1, 1, 1, 1] 717
[0, 1, 1, 1, 1, 1] 741
[0, 1, 1, 1, 1, 1] 819
[0, 1, 1, 1, 1, 1] 898
[0, 1, 1, 1, 1, 1] 907
[0, 1, 1, 1, 1, 1] 922
[0, 1, 1, 1, 1, 1] 997
[0, 0, 1, 1, 1, 1] 42
[0, 0, 1, 1, 1, 1] 58
[0, 0, 1, 1, 1, 1] 130
[0, 0, 1, 1, 1, 1] 137
[0, 0, 1, 1, 1, 1] 190
[0, 0, 1, 1, 1, 1] 201
[0, 0, 1, 1, 1, 1] 471
[0, 0, 1, 1, 1, 1] 575
[0, 0, 1, 1, 1, 1] 656
[0, 0, 1, 1, 1, 1] 676
[0, 0, 1, 1, 1, 1] 767
[0, 0, 1, 1, 1, 1] 775
[0, 0, 1, 1, 1, 1] 817
[0, 0, 1, 1, 1, 1] 887
[0, 0, 1, 1, 1, 1] 913
[0, 0, 1, 1, 1, 1] 919
[0, 0, 0, 1, 1, 1] 33
[0, 0, 0, 1, 1, 1] 52
[0, 0, 0, 1, 1, 1] 94
[0, 0, 0, 1, 1, 1] 102
[0, 0, 0, 1, 1, 1] 373
[0, 0, 0, 1, 1, 1] 394
[0, 0, 0, 1, 1, 1] 403
[0, 0, 0, 1, 1, 1] 473
[0, 0, 0, 1, 1, 1] 500
[0, 0, 0, 1, 1, 1] 515
[0, 0, 0, 1, 1, 1] 550
[0, 0, 0, 1, 1, 1] 578
[0, 0, 0, 1, 1, 1] 680
[0, 0, 0, 1, 1, 1] 718
[0, 0, 0, 1, 1, 1] 741
[0, 0, 0, 1, 1, 1] 835
[0, 0, 0, 1, 1, 1] 895
[0, 0, 0, 1, 1, 1] 987
[0, 0, 0, 1, 1, 1] 994
[0, 0, 0, 0, 1, 1] 9
[0, 0, 0, 0, 1, 1] 57
[0, 0, 0, 0, 1, 1] 167
[0, 0, 0, 0, 1, 1] 175
[0, 0, 0, 0, 1, 1] 225
[0, 0, 0, 0, 1, 1] 324
[0, 0, 0, 0, 1, 1] 358
[0, 0, 0, 0, 1, 1] 379
[0, 0, 0, 0, 1, 1] 576
[0, 0, 0, 0, 1, 1] 629
[0, 0, 0, 0, 1, 1] 658
[0, 0, 0, 0, 1, 1] 714
[0, 0, 0, 0, 1, 1] 719
[0, 0, 0, 0, 1, 1] 723
[0, 0, 0, 0, 1, 1] 749
[0, 0, 0, 0, 1, 1] 941
[0, 0, 0, 0, 1, 1] 968
[0, 0, 0, 0, 0, 1] 28
[0, 0, 0, 0, 0, 1] 58
[0, 0, 0, 0, 0, 1] 115
[0, 0, 0, 0, 0, 1] 333
[0, 0, 0, 0, 0, 1] 337
[0, 0, 0, 0, 0, 1] 501
[0, 0, 0, 0, 0, 1] 578
[0, 0, 0, 0, 0, 1] 810
[0, 0, 0, 0, 0, 1] 876
[0, 0, 0, 0, 0, 1] 889
[0, 0, 0, 0, 0, 1] 908
[0, 0, 0, 0, 0, 1] 935
[0, 0, 0, 0, 0, 1] 951
[0, 0, 0, 0, 0, 1] 965
[0, 0, 0, 0, 0, 1] 980
