VARIABLES 100
NB_OBJ 6
ITEMS
[1, 1, 1, 1, 1, 1] 168
[1, 1, 1, 1, 1, 1] 177
[1, 1, 1, 1, 1, 1] 211
[1, 1, 1, 1, 1, 1] 308
[1, 1, 1, 1, 1, 1] 340
[1, 1, 1, 1, 1, 1] 352
[1, 1, 1, 1, 1, 1] 361
[1, 1, 1, 1, 1, 1] 368
[1, 1, 1, 1, 1, 1] 372
[1, 1, 1, 1, 1, 1] 400
[1, 1, 1, 1, 1, 1] 540
[1, 1, 1, 1, 1, 1] 544
[1, 1, 1, 1, 1, 1] 896
[1, 1, 1, 1, 1, 1] 896
[1, 1, 1, 1, 1, 1] 905
[1, 1, 1, 1, 1, 1] 992
[0, 1, 1, 1, 1, 1] 5
[0, 1, 1, 1, 1, 1] 29
[0, 1, 1, 1, 1, 1] 67
[0, 1, 1, 1, 1, 1] 167
[0, 1, 1, 1, 1, 1] 172
[0, 1, 1, 1, 1, 1] 224
[0, 1, 1, 1, 1, 1] 244
[0, 1, 1, 1, 1, 1] 247
[0, 1, 1, 1, 1, 1] 288
[0, 1, 1, 1, 1, 1] 448
[0, 1, 1, 1, 1, 1] 465
[0, 1, 1, 1, 1, 1] 605
[0, 1, 1, 1, 1, 1] 665
[0, 1, 1, 1, 1, 1] 696
[0, 1, 1, 1, 1, 1] 812
[0, 1, 1, 1, 1, 1] 814
[0, 1, 1, 1, 1, 1] 822
[0, 1, 1, 1, 1, 1] 823
[0, 1, 1, 1, 1, 1] 853
[0, 0, 1, 1, 1, 1] 130
[0, 0, 1, 1, 1, 1] 237
[0, 0, 1, 1, 1, 1] 259
[0, 0, 1, 1, 1, 1] 341
[0, 0, 1, 1, 1, 1] 358
[0, 0, 1, 1, 1, 1] 476
[0, 0, 1, 1, 1, 1] 551
[0, 0, 1, 1, 1, 1] 585
[0, 0, 1, 1, 1, 1] 683
[0, 0, 1, 1, 1, 1] 875
[0, 0, 1, 1, 1, 1] 880
[0, 0, 1, 1, 1, 1] 937
[0, 0, 0, 1, 1, 1] 119
[0, 0, 0, 1, 1, 1] 148
[0, 0, 0, 1, 1, 1] 200
[0, 0, 0, 1, 1, 1] 223
[0, 0, 0, 1, 1, 1] 228
[0, 0, 0, 1, 1, 1] 253
[0, 0, 0, 1, 1, 1] 328
[0, 0, 0, 1, 1, 1] 339
[0, 0, 0, 1, 1, 1] 349
[0, 0, 0, 1, 1, 1] 367
[0, 0, 0, 1, 1, 1] 447
[0, 0, 0, 1, 1, 1] 461
[0, 0, 0, 1, 1, 1] 521
[0, 0, 0, 1, 1, 1] 567
[0, 0, 0, 1, 1, 1] 570
[0, 0, 0, 1, 1, 1] 608
[0, 0, 0, 1, 1, 1] 649
[0, 0, 0, 1, 1, 1] 682
[0, 0, 0, 1, 1, 1] 697
[0, 0, 0, 1, 1, 1] 716
[0, 0, 0, 1, 1, 1] 822
[0, 0, 0, 1, 1, 1] 837
[0, 0, 0, 1, 1, 1] 893
[0, 0, 0, 1, 1, 1] 961
[0, 0, 0, 1, 1, 1] 979
[0, 0, 0, 0, 1, 1] 219
[0, 0, 0, 0, 1, 1] 349
[0, 0, 0, 0, 1, 1] 517
[0, 0, 0, 0, 1, 1] 565
[0, 0, 0, 0, 1, 1] 698
[0, 0, 0, 0, 1, 1] 724
[0, 0, 0, 0, 1, 1] 744
[0, 0, 0, 0, 1, 1] 745
[0, 0, 0, 0, 1, 1] 880
[0, 0, 0, 0, 1, 1] 894
[0, 0, 0, 0, 1, 1] 908
[0, 0, 0, 0, 1, 1] 941
[0, 0, 0, 0, 1, 1] 955
[0, 0, 0, 0, 1, 1] 977
[0, 0, 0, 0, 0, 1] 99
[0, 0, 0, 0, 0, 1] 103
[0, 0, 0, 0, 0, 1] 136
[0, 0, 0, 0, 0, 1] 268
[0, 0, 0, 0, 0, 1] 389
[0, 0, 0, 0, 0, 1] 418
[0, 0, 0, 0, 0, 1] 419
[0, 0, 0, 0, 0, 1] 425
[0, 0, 0, 0, 0, 1] 431
[0, 0, 0, 0, 0, 1] 477
[0, 0, 0, 0, 0, 1] 665
[0, 0, 0, 0, 0, 1] 667
[0, 0, 0, 0, 0, 1] 794
[0, 0, 0, 0, 0, 1] 876
