VARIABLES 100
NB_OBJ 6
ITEMS
[1, 1, 1, 1, 1, 1] 14
[1, 1, 1, 1, 1, 1] 48
[1, 1, 1, 1, 1, 1] 74
[1, 1, 1, 1, 1, 1] 131
[1, 1, 1, 1, 1, 1] 189
[1, 1, 1, 1, 1, 1] 192
[1, 1, 1, 1, 1, 1] 397
[1, 1, 1, 1, 1, 1] 451
[1, 1, 1, 1, 1, 1] 471
[1, 1, 1, 1, 1, 1] 602
[1, 1, 1, 1, 1, 1] 611
[1, 1, 1, 1, 1, 1] 654
[1, 1, 1, 1, 1, 1] 720
[1, 1, 1, 1, 1, 1] 723
[1, 1, 1, 1, 1, 1] 767
[1, 1, 1, 1, 1, 1] 824
[1, 1, 1, 1, 1, 1] 851
[1, 1, 1, 1, 1, 1] 884
[1, 1, 1, 1, 1, 1] 906
[1, 1, 1, 1, 1, 1] 925
[0, 1, 1, 1, 1, 1] 25
[0, 1, 1, 1, 1, 1] 71
[0, 1, 1, 1, 1, 1] 101
[0, 1, 1, 1, 1, 1] 116
[0, 1, 1, 1, 1, 1] 188
[0, 1, 1, 1, 1, 1] 357
[0, 1, 1, 1, 1, 1] 411
[0, 1, 1, 1, 1, 1] 434
[0, 1, 1, 1, 1, 1] 438
[0, 1, 1, 1, 1, 1] 444
[0, 1, 1, 1, 1, 1] 452
[0, 1, 1, 1, 1, 1] 501
[0, 1, 1, 1, 1, 1] 640
[0, 1, 1, 1, 1, 1] 646
[0, 1, 1, 1, 1, 1] 753
[0, 1, 1, 1, 1, 1] 898
[0, 1, 1, 1, 1, 1] 933
[0, 1, 1, 1, 1, 1] 954
[0, 1, 1, 1, 1, 1] 959
[0, 1, 1, 1, 1, 1] 996
[0, 0, 1, 1, 1, 1] 58
[0, 0, 1, 1, 1, 1] 120
[0, 0, 1, 1, 1, 1] 145
[0, 0, 1, 1, 1, 1] 155
[0, 0, 1, 1, 1, 1] 176
[0, 0, 1, 1, 1, 1] 189
[0, 0, 1, 1, 1, 1] 306
[0, 0, 1, 1, 1, 1] 329
[0, 0, 1, 1, 1, 1] 393
[0, 0, 1, 1, 1, 1] 402
[0, 0, 1, 1, 1, 1] 541
[0, 0, 1, 1, 1, 1] 546
[0, 0, 1, 1, 1, 1] 572
[0, 0, 1, 1, 1, 1] 603
[0, 0, 1, 1, 1, 1] 652
[0, 0, 1, 1, 1, 1] 742
[0, 0, 1, 1, 1, 1] 928
[0, 0, 1, 1, 1, 1] 965
[0, 0, 1, 1, 1, 1] 980
[0, 0, 0, 1, 1, 1] 54
[0, 0, 0, 1, 1, 1] 78
[0, 0, 0, 1, 1, 1] 277
[0, 0, 0, 1, 1, 1] 281
[0, 0, 0, 1, 1, 1] 378
[0, 0, 0, 1, 1, 1] 397
[0, 0, 0, 1, 1, 1] 408
[0, 0, 0, 1, 1, 1] 432
[0, 0, 0, 1, 1, 1] 442
[0, 0, 0, 1, 1, 1] 474
[0, 0, 0, 1, 1, 1] 521
[0, 0, 0, 1, 1, 1] 536
[0, 0, 0, 1, 1, 1] 590
[0, 0, 0, 1, 1, 1] 705
[0, 0, 0, 1, 1, 1] 736
[0, 0, 0, 1, 1, 1] 809
[0, 0, 0, 1, 1, 1] 902
[0, 0, 0, 0, 1, 1] 58
[0, 0, 0, 0, 1, 1] 255
[0, 0, 0, 0, 1, 1] 277
[0, 0, 0, 0, 1, 1] 391
[0, 0, 0, 0, 1, 1] 436
[0, 0, 0, 0, 1, 1] 458
[0, 0, 0, 0, 1, 1] 584
[0, 0, 0, 0, 1, 1] 611
[0, 0, 0, 0, 1, 1] 685
[0, 0, 0, 0, 1, 1] 689
[0, 0, 0, 0, 1, 1] 717
[0, 0, 0, 0, 1, 1] 757
[0, 0, 0, 0, 1, 1] 764
[0, 0, 0, 0, 1, 1] 782
[0, 0, 0, 0, 1, 1] 944
[0, 0, 0, 0, 1, 1] 984
[0, 0, 0, 0, 1, 1] 995
[0, 0, 0, 0, 0, 1] 113
[0, 0, 0, 0, 0, 1] 191
[0, 0, 0, 0, 0, 1] 434
[0, 0, 0, 0, 0, 1] 477
[0, 0, 0, 0, 0, 1] 514
[0, 0, 0, 0, 0, 1] 686
[0, 0, 0, 0, 0, 1] 974
