VARIABLES 100
NB_OBJ 6
ITEMS
[1, 1, 1, 1, 1, 1] 129
[1, 1, 1, 1, 1, 1] 147
[1, 1, 1, 1, 1, 1] 176
[1, 1, 1, 1, 1, 1] 188
[1, 1, 1, 1, 1, 1] 301
[1, 1, 1, 1, 1, 1] 311
[1, 1, 1, 1, 1, 1] 381
[1, 1, 1, 1, 1, 1] 400
[1, 1, 1, 1, 1, 1] 411
[1, 1, 1, 1, 1, 1] 457
[1, 1, 1, 1, 1, 1] 471
[1, 1, 1, 1, 1, 1] 598
[1, 1, 1, 1, 1, 1] 599
[1, 1, 1, 1, 1, 1] 609
[1, 1, 1, 1, 1, 1] 651
[1, 1, 1, 1, 1, 1] 661
[1, 1, 1, 1, 1, 1] 876
[1, 1, 1, 1, 1, 1] 922
[1, 1, 1, 1, 1, 1] 938
[1, 1, 1, 1, 1, 1] 941
[1, 1, 1, 1, 1, 1] 949
[0, 1, 1, 1, 1, 1] 66
[0, 1, 1, 1, 1, 1] 108
[0, 1, 1, 1, 1, 1] 142
[0, 1, 1, 1, 1, 1] 458
[0, 1, 1, 1, 1, 1] 466
[0, 1, 1, 1, 1, 1] 603
[0, 1, 1, 1, 1, 1] 623
[0, 1, 1, 1, 1, 1] 632
[0, 1, 1, 1, 1, 1] 702
[0, 1, 1, 1, 1, 1] 797
[0, 1, 1, 1, 1, 1] 816
[0, 0, 1, 1, 1, 1] 19
[0, 0, 1, 1, 1, 1] 172
[0, 0, 1, 1, 1, 1] 173
[0, 0, 1, 1, 1, 1] 202
[0, 0, 1, 1, 1, 1] 265
[0, 0, 1, 1, 1, 1] 280
[0, 0, 1, 1, 1, 1] 299
[0, 0, 1, 1, 1, 1] 386
[0, 0, 1, 1, 1, 1] 528
[0, 0, 1, 1, 1, 1] 597
[0, 0, 1, 1, 1, 1] 602
[0, 0, 1, 1, 1, 1] 661
[0, 0, 1, 1, 1, 1] 704
[0, 0, 1, 1, 1, 1] 741
[0, 0, 1, 1, 1, 1] 812
[0, 0, 1, 1, 1, 1] 814
[0, 0, 1, 1, 1, 1] 820
[0, 0, 1, 1, 1, 1] 900
[0, 0, 1, 1, 1, 1] 947
[0, 0, 0, 1, 1, 1] 19
[0, 0, 0, 1, 1, 1] 21
[0, 0, 0, 1, 1, 1] 60
[0, 0, 0, 1, 1, 1] 93
[0, 0, 0, 1, 1, 1] 167
[0, 0, 0, 1, 1, 1] 221
[0, 0, 0, 1, 1, 1] 397
[0, 0, 0, 1, 1, 1] 507
[0, 0, 0, 1, 1, 1] 566
[0, 0, 0, 1, 1, 1] 611
[0, 0, 0, 1, 1, 1] 689
[0, 0, 0, 1, 1, 1] 726
[0, 0, 0, 1, 1, 1] 737
[0, 0, 0, 1, 1, 1] 800
[0, 0, 0, 1, 1, 1] 888
[0, 0, 0, 1, 1, 1] 896
[0, 0, 0, 1, 1, 1] 909
[0, 0, 0, 1, 1, 1] 927
[0, 0, 0, 1, 1, 1] 982
[0, 0, 0, 0, 1, 1] 44
[0, 0, 0, 0, 1, 1] 134
[0, 0, 0, 0, 1, 1] 204
[0, 0, 0, 0, 1, 1] 302
[0, 0, 0, 0, 1, 1] 354
[0, 0, 0, 0, 1, 1] 375
[0, 0, 0, 0, 1, 1] 375
[0, 0, 0, 0, 1, 1] 384
[0, 0, 0, 0, 1, 1] 538
[0, 0, 0, 0, 1, 1] 538
[0, 0, 0, 0, 1, 1] 568
[0, 0, 0, 0, 1, 1] 625
[0, 0, 0, 0, 1, 1] 681
[0, 0, 0, 0, 1, 1] 800
[0, 0, 0, 0, 1, 1] 912
[0, 0, 0, 0, 1, 1] 930
[0, 0, 0, 0, 0, 1] 63
[0, 0, 0, 0, 0, 1] 130
[0, 0, 0, 0, 0, 1] 241
[0, 0, 0, 0, 0, 1] 307
[0, 0, 0, 0, 0, 1] 314
[0, 0, 0, 0, 0, 1] 534
[0, 0, 0, 0, 0, 1] 536
[0, 0, 0, 0, 0, 1] 560
[0, 0, 0, 0, 0, 1] 610
[0, 0, 0, 0, 0, 1] 615
[0, 0, 0, 0, 0, 1] 631
[0, 0, 0, 0, 0, 1] 707
[0, 0, 0, 0, 0, 1] 827
[0, 0, 0, 0, 0, 1] 942
