VARIABLES 100
NB_OBJ 6
ITEMS
[1, 1, 1, 1, 1, 1] 105
[1, 1, 1, 1, 1, 1] 111
[1, 1, 1, 1, 1, 1] 211
[1, 1, 1, 1, 1, 1] 262
[1, 1, 1, 1, 1, 1] 363
[1, 1, 1, 1, 1, 1] 573
[1, 1, 1, 1, 1, 1] 608
[1, 1, 1, 1, 1, 1] 628
[1, 1, 1, 1, 1, 1] 662
[1, 1, 1, 1, 1, 1] 664
[1, 1, 1, 1, 1, 1] 718
[1, 1, 1, 1, 1, 1] 738
[1, 1, 1, 1, 1, 1] 786
[1, 1, 1, 1, 1, 1] 799
[1, 1, 1, 1, 1, 1] 807
[1, 1, 1, 1, 1, 1] 824
[1, 1, 1, 1, 1, 1] 938
[1, 1, 1, 1, 1, 1] 943
[1, 1, 1, 1, 1, 1] 948
[1, 1, 1, 1, 1, 1] 980
[0, 1, 1, 1, 1, 1] 98
[0, 1, 1, 1, 1, 1] 204
[0, 1, 1, 1, 1, 1] 211
[0, 1, 1, 1, 1, 1] 241
[0, 1, 1, 1, 1, 1] 282
[0, 1, 1, 1, 1, 1] 286
[0, 1, 1, 1, 1, 1] 302
[0, 1, 1, 1, 1, 1] 353
[0, 1, 1, 1, 1, 1] 388
[0, 1, 1, 1, 1, 1] 414
[0, 1, 1, 1, 1, 1] 483
[0, 1, 1, 1, 1, 1] 498
[0, 1, 1, 1, 1, 1] 550
[0, 1, 1, 1, 1, 1] 734
[0, 1, 1, 1, 1, 1] 826
[0, 1, 1, 1, 1, 1] 860
[0, 1, 1, 1, 1, 1] 985
[0, 0, 1, 1, 1, 1] 25
[0, 0, 1, 1, 1, 1] 115
[0, 0, 1, 1, 1, 1] 155
[0, 0, 1, 1, 1, 1] 160
[0, 0, 1, 1, 1, 1] 216
[0, 0, 1, 1, 1, 1] 279
[0, 0, 1, 1, 1, 1] 436
[0, 0, 1, 1, 1, 1] 528
[0, 0, 1, 1, 1, 1] 592
[0, 0, 1, 1, 1, 1] 655
[0, 0, 1, 1, 1, 1] 695
[0, 0, 1, 1, 1, 1] 727
[0, 0, 1, 1, 1, 1] 777
[0, 0, 1, 1, 1, 1] 797
[0, 0, 0, 1, 1, 1] 69
[0, 0, 0, 1, 1, 1] 117
[0, 0, 0, 1, 1, 1] 136
[0, 0, 0, 1, 1, 1] 240
[0, 0, 0, 1, 1, 1] 289
[0, 0, 0, 1, 1, 1] 382
[0, 0, 0, 1, 1, 1] 450
[0, 0, 0, 1, 1, 1] 531
[0, 0, 0, 1, 1, 1] 571
[0, 0, 0, 1, 1, 1] 600
[0, 0, 0, 1, 1, 1] 737
[0, 0, 0, 1, 1, 1] 826
[0, 0, 0, 1, 1, 1] 831
[0, 0, 0, 1, 1, 1] 878
[0, 0, 0, 1, 1, 1] 984
[0, 0, 0, 0, 1, 1] 28
[0, 0, 0, 0, 1, 1] 31
[0, 0, 0, 0, 1, 1] 64
[0, 0, 0, 0, 1, 1] 253
[0, 0, 0, 0, 1, 1] 282
[0, 0, 0, 0, 1, 1] 305
[0, 0, 0, 0, 1, 1] 344
[0, 0, 0, 0, 1, 1] 409
[0, 0, 0, 0, 1, 1] 426
[0, 0, 0, 0, 1, 1] 509
[0, 0, 0, 0, 1, 1] 538
[0, 0, 0, 0, 1, 1] 787
[0, 0, 0, 0, 1, 1] 850
[0, 0, 0, 0, 1, 1] 885
[0, 0, 0, 0, 1, 1] 903
[0, 0, 0, 0, 1, 1] 920
[0, 0, 0, 0, 1, 1] 948
[0, 0, 0, 0, 1, 1] 983
[0, 0, 0, 0, 0, 1] 9
[0, 0, 0, 0, 0, 1] 24
[0, 0, 0, 0, 0, 1] 63
[0, 0, 0, 0, 0, 1] 192
[0, 0, 0, 0, 0, 1] 205
[0, 0, 0, 0, 0, 1] 269
[0, 0, 0, 0, 0, 1] 326
[0, 0, 0, 0, 0, 1] 436
[0, 0, 0, 0, 0, 1] 481
[0, 0, 0, 0, 0, 1] 503
[0, 0, 0, 0, 0, 1] 558
[0, 0, 0, 0, 0, 1] 593
[0, 0, 0, 0, 0, 1] 718
[0, 0, 0, 0, 0, 1] 802
[0, 0, 0, 0, 0, 1] 848
[0, 0, 0, 0, 0, 1] 936
