VARIABLES 100
NB_OBJ 6
ITEMS
[1, 1, 1, 1, 1, 1] 61
[1, 1, 1, 1, 1, 1] 62
[1, 1, 1, 1, 1, 1] 144
[1, 1, 1, 1, 1, 1] 283
[1, 1, 1, 1, 1, 1] 321
[1, 1, 1, 1, 1, 1] 372
[1, 1, 1, 1, 1, 1] 431
[1, 1, 1, 1, 1, 1] 462
[1, 1, 1, 1, 1, 1] 467
[1, 1, 1, 1, 1, 1] 533
[1, 1, 1, 1, 1, 1] 628
[1, 1, 1, 1, 1, 1] 787
[1, 1, 1, 1, 1, 1] 825
[1, 1, 1, 1, 1, 1] 888
[1, 1, 1, 1, 1, 1] 997
[0, 1, 1, 1, 1, 1] 11
[0, 1, 1, 1, 1, 1] 108
[0, 1, 1, 1, 1, 1] 143
[0, 1, 1, 1, 1, 1] 366
[0, 1, 1, 1, 1, 1] 412
[0, 1, 1, 1, 1, 1] 472
[0, 1, 1, 1, 1, 1] 512
[0, 1, 1, 1, 1, 1] 545
[0, 1, 1, 1, 1, 1] 600
[0, 1, 1, 1, 1, 1] 770
[0, 1, 1, 1, 1, 1] 803
[0, 1, 1, 1, 1, 1] 927
[0, 1, 1, 1, 1, 1] 930
[0, 1, 1, 1, 1, 1] 938
[0, 1, 1, 1, 1, 1] 945
[0, 1, 1, 1, 1, 1] 964
[0, 0, 1, 1, 1, 1] 94
[0, 0, 1, 1, 1, 1] 107
[0, 0, 1, 1, 1, 1] 151
[0, 0, 1, 1, 1, 1] 227
[0, 0, 1, 1, 1, 1] 483
[0, 0, 1, 1, 1, 1] 550
[0, 0, 1, 1, 1, 1] 569
[0, 0, 1, 1, 1, 1] 583
[0, 0, 1, 1, 1, 1] 750
[0, 0, 1, 1, 1, 1] 840
[0, 0, 1, 1, 1, 1] 871
[0, 0, 1, 1, 1, 1] 890
[0, 0, 1, 1, 1, 1] 961
[0, 0, 1, 1, 1, 1] 987
[0, 0, 0, 1, 1, 1] 6
[0, 0, 0, 1, 1, 1] 8
[0, 0, 0, 1, 1, 1] 46
[0, 0, 0, 1, 1, 1] 53
[0, 0, 0, 1, 1, 1] 275
[0, 0, 0, 1, 1, 1] 318
[0, 0, 0, 1, 1, 1] 555
[0, 0, 0, 1, 1, 1] 671
[0, 0, 0, 1, 1, 1] 680
[0, 0, 0, 1, 1, 1] 706
[0, 0, 0, 1, 1, 1] 708
[0, 0, 0, 1, 1, 1] 759
[0, 0, 0, 1, 1, 1] 779
[0, 0, 0, 1, 1, 1] 841
[0, 0, 0, 0, 1, 1] 10
[0, 0, 0, 0, 1, 1] 31
[0, 0, 0, 0, 1, 1] 33
[0, 0, 0, 0, 1, 1] 112
[0, 0, 0, 0, 1, 1] 155
[0, 0, 0, 0, 1, 1] 195
[0, 0, 0, 0, 1, 1] 392
[0, 0, 0, 0, 1, 1] 444
[0, 0, 0, 0, 1, 1] 451
[0, 0, 0, 0, 1, 1] 523
[0, 0, 0, 0, 1, 1] 599
[0, 0, 0, 0, 1, 1] 632
[0, 0, 0, 0, 1, 1] 793
[0, 0, 0, 0, 1, 1] 793
[0, 0, 0, 0, 1, 1] 809
[0, 0, 0, 0, 1, 1] 823
[0, 0, 0, 0, 1, 1] 859
[0, 0, 0, 0, 1, 1] 924
[0, 0, 0, 0, 1, 1] 956
[0, 0, 0, 0, 0, 1] 29
[0, 0, 0, 0, 0, 1] 49
[0, 0, 0, 0, 0, 1] 50
[0, 0, 0, 0, 0, 1] 101
[0, 0, 0, 0, 0, 1] 111
[0, 0, 0, 0, 0, 1] 151
[0, 0, 0, 0, 0, 1] 182
[0, 0, 0, 0, 0, 1] 243
[0, 0, 0, 0, 0, 1] 287
[0, 0, 0, 0, 0, 1] 306
[0, 0, 0, 0, 0, 1] 307
[0, 0, 0, 0, 0, 1] 527
[0, 0, 0, 0, 0, 1] 539
[0, 0, 0, 0, 0, 1] 562
[0, 0, 0, 0, 0, 1] 627
[0, 0, 0, 0, 0, 1] 674
[0, 0, 0, 0, 0, 1] 808
[0, 0, 0, 0, 0, 1] 891
[0, 0, 0, 0, 0, 1] 969
[0, 0, 0, 0, 0, 1] 983
[0, 0, 0, 0, 0, 1] 997
[0, 0, 0, 0, 0, 1] 999
