VARIABLES 100
NB_OBJ 6
ITEMS
[1, 1, 1, 1, 1, 1] 29
[1, 1, 1, 1, 1, 1] 123
[1, 1, 1, 1, 1, 1] 129
[1, 1, 1, 1, 1, 1] 141
[1, 1, 1, 1, 1, 1] 286
[1, 1, 1, 1, 1, 1] 308
[1, 1, 1, 1, 1, 1] 311
[1, 1, 1, 1, 1, 1] 691
[1, 1, 1, 1, 1, 1] 706
[1, 1, 1, 1, 1, 1] 811
[1, 1, 1, 1, 1, 1] 824
[1, 1, 1, 1, 1, 1] 834
[1, 1, 1, 1, 1, 1] 865
[1, 1, 1, 1, 1, 1] 920
[0, 1, 1, 1, 1, 1] 55
[0, 1, 1, 1, 1, 1] 60
[0, 1, 1, 1, 1, 1] 142
[0, 1, 1, 1, 1, 1] 170
[0, 1, 1, 1, 1, 1] 267
[0, 1, 1, 1, 1, 1] 365
[0, 1, 1, 1, 1, 1] 389
[0, 1, 1, 1, 1, 1] 436
[0, 1, 1, 1, 1, 1] 498
[0, 1, 1, 1, 1, 1] 518
[0, 1, 1, 1, 1, 1] 562
[0, 1, 1, 1, 1, 1] 591
[0, 1, 1, 1, 1, 1] 593
[0, 1, 1, 1, 1, 1] 655
[0, 1, 1, 1, 1, 1] 662
[0, 1, 1, 1, 1, 1] 738
[0, 1, 1, 1, 1, 1] 816
[0, 1, 1, 1, 1, 1] 845
[0, 1, 1, 1, 1, 1] 855
[0, 1, 1, 1, 1, 1] 929
[0, 1, 1, 1, 1, 1] 932
[0, 1, 1, 1, 1, 1] 998
[0, 0, 1, 1, 1, 1] 43
[0, 0, 1, 1, 1, 1] 156
[0, 0, 1, 1, 1, 1] 322
[0, 0, 1, 1, 1, 1] 357
[0, 0, 1, 1, 1, 1] 464
[0, 0, 1, 1, 1, 1] 551
[0, 0, 1, 1, 1, 1] 572
[0, 0, 1, 1, 1, 1] 718
[0, 0, 1, 1, 1, 1] 721
[0, 0, 1, 1, 1, 1] 773
[0, 0, 1, 1, 1, 1] 831
[0, 0, 1, 1, 1, 1] 834
[0, 0, 1, 1, 1, 1] 838
[0, 0, 1, 1, 1, 1] 922
[0, 0, 1, 1, 1, 1] 982
[0, 0, 0, 1, 1, 1] 42
[0, 0, 0, 1, 1, 1] 82
[0, 0, 0, 1, 1, 1] 102
[0, 0, 0, 1, 1, 1] 167
[0, 0, 0, 1, 1, 1] 176
[0, 0, 0, 1, 1, 1] 186
[0, 0, 0, 1, 1, 1] 231
[0, 0, 0, 1, 1, 1] 233
[0, 0, 0, 1, 1, 1] 283
[0, 0, 0, 1, 1, 1] 402
[0, 0, 0, 1, 1, 1] 422
[0, 0, 0, 1, 1, 1] 467
[0, 0, 0, 1, 1, 1] 486
[0, 0, 0, 1, 1, 1] 507
[0, 0, 0, 1, 1, 1] 516
[0, 0, 0, 1, 1, 1] 521
[0, 0, 0, 1, 1, 1] 587
[0, 0, 0, 1, 1, 1] 622
[0, 0, 0, 1, 1, 1] 629
[0, 0, 0, 1, 1, 1] 751
[0, 0, 0, 0, 1, 1] 2
[0, 0, 0, 0, 1, 1] 11
[0, 0, 0, 0, 1, 1] 70
[0, 0, 0, 0, 1, 1] 71
[0, 0, 0, 0, 1, 1] 105
[0, 0, 0, 0, 1, 1] 133
[0, 0, 0, 0, 1, 1] 173
[0, 0, 0, 0, 1, 1] 196
[0, 0, 0, 0, 1, 1] 321
[0, 0, 0, 0, 1, 1] 324
[0, 0, 0, 0, 1, 1] 360
[0, 0, 0, 0, 1, 1] 435
[0, 0, 0, 0, 1, 1] 647
[0, 0, 0, 0, 1, 1] 774
[0, 0, 0, 0, 1, 1] 804
[0, 0, 0, 0, 1, 1] 825
[0, 0, 0, 0, 1, 1] 908
[0, 0, 0, 0, 1, 1] 921
[0, 0, 0, 0, 0, 1] 8
[0, 0, 0, 0, 0, 1] 55
[0, 0, 0, 0, 0, 1] 137
[0, 0, 0, 0, 0, 1] 150
[0, 0, 0, 0, 0, 1] 173
[0, 0, 0, 0, 0, 1] 306
[0, 0, 0, 0, 0, 1] 312
[0, 0, 0, 0, 0, 1] 408
[0, 0, 0, 0, 0, 1] 426
[0, 0, 0, 0, 0, 1] 533
[0, 0, 0, 0, 0, 1] 853
