VARIABLES 100
NB_OBJ 6
ITEMS
[1, 1, 1, 1, 1, 1] 79
[1, 1, 1, 1, 1, 1] 108
[1, 1, 1, 1, 1, 1] 113
[1, 1, 1, 1, 1, 1] 120
[1, 1, 1, 1, 1, 1] 152
[1, 1, 1, 1, 1, 1] 318
[1, 1, 1, 1, 1, 1] 463
[1, 1, 1, 1, 1, 1] 693
[1, 1, 1, 1, 1, 1] 771
[1, 1, 1, 1, 1, 1] 781
[1, 1, 1, 1, 1, 1] 962
[1, 1, 1, 1, 1, 1] 973
[1, 1, 1, 1, 1, 1] 990
[0, 1, 1, 1, 1, 1] 3
[0, 1, 1, 1, 1, 1] 85
[0, 1, 1, 1, 1, 1] 94
[0, 1, 1, 1, 1, 1] 159
[0, 1, 1, 1, 1, 1] 176
[0, 1, 1, 1, 1, 1] 193
[0, 1, 1, 1, 1, 1] 222
[0, 1, 1, 1, 1, 1] 248
[0, 1, 1, 1, 1, 1] 256
[0, 1, 1, 1, 1, 1] 261
[0, 1, 1, 1, 1, 1] 276
[0, 1, 1, 1, 1, 1] 336
[0, 1, 1, 1, 1, 1] 423
[0, 1, 1, 1, 1, 1] 442
[0, 1, 1, 1, 1, 1] 479
[0, 1, 1, 1, 1, 1] 585
[0, 1, 1, 1, 1, 1] 621
[0, 1, 1, 1, 1, 1] 789
[0, 1, 1, 1, 1, 1] 815
[0, 1, 1, 1, 1, 1] 828
[0, 1, 1, 1, 1, 1] 849
[0, 1, 1, 1, 1, 1] 895
[0, 0, 1, 1, 1, 1] 49
[0, 0, 1, 1, 1, 1] 125
[0, 0, 1, 1, 1, 1] 132
[0, 0, 1, 1, 1, 1] 285
[0, 0, 1, 1, 1, 1] 306
[0, 0, 1, 1, 1, 1] 334
[0, 0, 1, 1, 1, 1] 344
[0, 0, 1, 1, 1, 1] 369
[0, 0, 1, 1, 1, 1] 423
[0, 0, 1, 1, 1, 1] 488
[0, 0, 1, 1, 1, 1] 556
[0, 0, 1, 1, 1, 1] 598
[0, 0, 1, 1, 1, 1] 788
[0, 0, 1, 1, 1, 1] 927
[0, 0, 1, 1, 1, 1] 941
[0, 0, 0, 1, 1, 1] 54
[0, 0, 0, 1, 1, 1] 168
[0, 0, 0, 1, 1, 1] 360
[0, 0, 0, 1, 1, 1] 404
[0, 0, 0, 1, 1, 1] 473
[0, 0, 0, 1, 1, 1] 497
[0, 0, 0, 1, 1, 1] 506
[0, 0, 0, 1, 1, 1] 522
[0, 0, 0, 1, 1, 1] 600
[0, 0, 0, 1, 1, 1] 732
[0, 0, 0, 1, 1, 1] 735
[0, 0, 0, 1, 1, 1] 776
[0, 0, 0, 1, 1, 1] 934
[0, 0, 0, 1, 1, 1] 994
[0, 0, 0, 0, 1, 1] 18
[0, 0, 0, 0, 1, 1] 239
[0, 0, 0, 0, 1, 1] 243
[0, 0, 0, 0, 1, 1] 410
[0, 0, 0, 0, 1, 1] 480
[0, 0, 0, 0, 1, 1] 523
[0, 0, 0, 0, 1, 1] 644
[0, 0, 0, 0, 1, 1] 671
[0, 0, 0, 0, 1, 1] 678
[0, 0, 0, 0, 1, 1] 679
[0, 0, 0, 0, 1, 1] 715
[0, 0, 0, 0, 1, 1] 868
[0, 0, 0, 0, 1, 1] 883
[0, 0, 0, 0, 1, 1] 993
[0, 0, 0, 0, 0, 1] 19
[0, 0, 0, 0, 0, 1] 52
[0, 0, 0, 0, 0, 1] 78
[0, 0, 0, 0, 0, 1] 197
[0, 0, 0, 0, 0, 1] 268
[0, 0, 0, 0, 0, 1] 343
[0, 0, 0, 0, 0, 1] 359
[0, 0, 0, 0, 0, 1] 435
[0, 0, 0, 0, 0, 1] 455
[0, 0, 0, 0, 0, 1] 508
[0, 0, 0, 0, 0, 1] 536
[0, 0, 0, 0, 0, 1] 538
[0, 0, 0, 0, 0, 1] 614
[0, 0, 0, 0, 0, 1] 646
[0, 0, 0, 0, 0, 1] 688
[0, 0, 0, 0, 0, 1] 798
[0, 0, 0, 0, 0, 1] 802
[0, 0, 0, 0, 0, 1] 873
[0, 0, 0, 0, 0, 1] 887
[0, 0, 0, 0, 0, 1] 895
[0, 0, 0, 0, 0, 1] 911
[0, 0, 0, 0, 0, 1] 985
