VARIABLES 100
NB_OBJ 6
ITEMS
[1, 1, 1, 1, 1, 1] 143
[1, 1, 1, 1, 1, 1] 170
[1, 1, 1, 1, 1, 1] 192
[1, 1, 1, 1, 1, 1] 254
[1, 1, 1, 1, 1, 1] 315
[1, 1, 1, 1, 1, 1] 439
[1, 1, 1, 1, 1, 1] 564
[1, 1, 1, 1, 1, 1] 645
[1, 1, 1, 1, 1, 1] 658
[1, 1, 1, 1, 1, 1] 971
[0, 1, 1, 1, 1, 1] 128
[0, 1, 1, 1, 1, 1] 267
[0, 1, 1, 1, 1, 1] 321
[0, 1, 1, 1, 1, 1] 471
[0, 1, 1, 1, 1, 1] 497
[0, 1, 1, 1, 1, 1] 568
[0, 1, 1, 1, 1, 1] 683
[0, 1, 1, 1, 1, 1] 733
[0, 1, 1, 1, 1, 1] 775
[0, 1, 1, 1, 1, 1] 779
[0, 1, 1, 1, 1, 1] 814
[0, 1, 1, 1, 1, 1] 851
[0, 1, 1, 1, 1, 1] 859
[0, 1, 1, 1, 1, 1] 888
[0, 1, 1, 1, 1, 1] 945
[0, 1, 1, 1, 1, 1] 973
[0, 0, 1, 1, 1, 1] 219
[0, 0, 1, 1, 1, 1] 280
[0, 0, 1, 1, 1, 1] 409
[0, 0, 1, 1, 1, 1] 460
[0, 0, 1, 1, 1, 1] 479
[0, 0, 1, 1, 1, 1] 518
[0, 0, 1, 1, 1, 1] 593
[0, 0, 1, 1, 1, 1] 612
[0, 0, 1, 1, 1, 1] 736
[0, 0, 1, 1, 1, 1] 736
[0, 0, 1, 1, 1, 1] 888
[0, 0, 1, 1, 1, 1] 945
[0, 0, 1, 1, 1, 1] 994
[0, 0, 0, 1, 1, 1] 31
[0, 0, 0, 1, 1, 1] 40
[0, 0, 0, 1, 1, 1] 86
[0, 0, 0, 1, 1, 1] 98
[0, 0, 0, 1, 1, 1] 111
[0, 0, 0, 1, 1, 1] 138
[0, 0, 0, 1, 1, 1] 150
[0, 0, 0, 1, 1, 1] 315
[0, 0, 0, 1, 1, 1] 364
[0, 0, 0, 1, 1, 1] 373
[0, 0, 0, 1, 1, 1] 469
[0, 0, 0, 1, 1, 1] 501
[0, 0, 0, 1, 1, 1] 555
[0, 0, 0, 1, 1, 1] 563
[0, 0, 0, 1, 1, 1] 616
[0, 0, 0, 1, 1, 1] 652
[0, 0, 0, 1, 1, 1] 685
[0, 0, 0, 1, 1, 1] 685
[0, 0, 0, 1, 1, 1] 724
[0, 0, 0, 1, 1, 1] 922
[0, 0, 0, 1, 1, 1] 938
[0, 0, 0, 0, 1, 1] 187
[0, 0, 0, 0, 1, 1] 223
[0, 0, 0, 0, 1, 1] 264
[0, 0, 0, 0, 1, 1] 277
[0, 0, 0, 0, 1, 1] 277
[0, 0, 0, 0, 1, 1] 283
[0, 0, 0, 0, 1, 1] 305
[0, 0, 0, 0, 1, 1] 331
[0, 0, 0, 0, 1, 1] 357
[0, 0, 0, 0, 1, 1] 404
[0, 0, 0, 0, 1, 1] 442
[0, 0, 0, 0, 1, 1] 442
[0, 0, 0, 0, 1, 1] 527
[0, 0, 0, 0, 1, 1] 592
[0, 0, 0, 0, 1, 1] 600
[0, 0, 0, 0, 1, 1] 674
[0, 0, 0, 0, 1, 1] 820
[0, 0, 0, 0, 1, 1] 863
[0, 0, 0, 0, 1, 1] 920
[0, 0, 0, 0, 1, 1] 981
[0, 0, 0, 0, 0, 1] 78
[0, 0, 0, 0, 0, 1] 128
[0, 0, 0, 0, 0, 1] 165
[0, 0, 0, 0, 0, 1] 182
[0, 0, 0, 0, 0, 1] 224
[0, 0, 0, 0, 0, 1] 232
[0, 0, 0, 0, 0, 1] 254
[0, 0, 0, 0, 0, 1] 265
[0, 0, 0, 0, 0, 1] 279
[0, 0, 0, 0, 0, 1] 280
[0, 0, 0, 0, 0, 1] 383
[0, 0, 0, 0, 0, 1] 520
[0, 0, 0, 0, 0, 1] 537
[0, 0, 0, 0, 0, 1] 562
[0, 0, 0, 0, 0, 1] 609
[0, 0, 0, 0, 0, 1] 656
[0, 0, 0, 0, 0, 1] 667
[0, 0, 0, 0, 0, 1] 684
[0, 0, 0, 0, 0, 1] 740
[0, 0, 0, 0, 0, 1] 910
