VARIABLES 100
NB_OBJ 6
ITEMS
[1, 1, 1, 1, 1, 1] 95
[1, 1, 1, 1, 1, 1] 168
[1, 1, 1, 1, 1, 1] 257
[1, 1, 1, 1, 1, 1] 307
[1, 1, 1, 1, 1, 1] 347
[1, 1, 1, 1, 1, 1] 389
[1, 1, 1, 1, 1, 1] 417
[1, 1, 1, 1, 1, 1] 419
[1, 1, 1, 1, 1, 1] 559
[1, 1, 1, 1, 1, 1] 576
[1, 1, 1, 1, 1, 1] 627
[1, 1, 1, 1, 1, 1] 646
[1, 1, 1, 1, 1, 1] 674
[1, 1, 1, 1, 1, 1] 698
[1, 1, 1, 1, 1, 1] 708
[1, 1, 1, 1, 1, 1] 740
[1, 1, 1, 1, 1, 1] 760
[1, 1, 1, 1, 1, 1] 784
[1, 1, 1, 1, 1, 1] 879
[1, 1, 1, 1, 1, 1] 928
[0, 1, 1, 1, 1, 1] 9
[0, 1, 1, 1, 1, 1] 121
[0, 1, 1, 1, 1, 1] 144
[0, 1, 1, 1, 1, 1] 211
[0, 1, 1, 1, 1, 1] 213
[0, 1, 1, 1, 1, 1] 296
[0, 1, 1, 1, 1, 1] 371
[0, 1, 1, 1, 1, 1] 393
[0, 1, 1, 1, 1, 1] 473
[0, 1, 1, 1, 1, 1] 555
[0, 1, 1, 1, 1, 1] 724
[0, 1, 1, 1, 1, 1] 733
[0, 1, 1, 1, 1, 1] 748
[0, 1, 1, 1, 1, 1] 881
[0, 1, 1, 1, 1, 1] 889
[0, 1, 1, 1, 1, 1] 904
[0, 1, 1, 1, 1, 1] 912
[0, 1, 1, 1, 1, 1] 985
[0, 0, 1, 1, 1, 1] 14
[0, 0, 1, 1, 1, 1] 24
[0, 0, 1, 1, 1, 1] 96
[0, 0, 1, 1, 1, 1] 165
[0, 0, 1, 1, 1, 1] 193
[0, 0, 1, 1, 1, 1] 270
[0, 0, 1, 1, 1, 1] 388
[0, 0, 1, 1, 1, 1] 484
[0, 0, 1, 1, 1, 1] 547
[0, 0, 1, 1, 1, 1] 586
[0, 0, 1, 1, 1, 1] 620
[0, 0, 1, 1, 1, 1] 630
[0, 0, 1, 1, 1, 1] 679
[0, 0, 1, 1, 1, 1] 701
[0, 0, 1, 1, 1, 1] 783
[0, 0, 1, 1, 1, 1] 928
[0, 0, 1, 1, 1, 1] 962
[0, 0, 1, 1, 1, 1] 969
[0, 0, 0, 1, 1, 1] 9
[0, 0, 0, 1, 1, 1] 12
[0, 0, 0, 1, 1, 1] 56
[0, 0, 0, 1, 1, 1] 175
[0, 0, 0, 1, 1, 1] 327
[0, 0, 0, 1, 1, 1] 379
[0, 0, 0, 1, 1, 1] 396
[0, 0, 0, 1, 1, 1] 401
[0, 0, 0, 1, 1, 1] 444
[0, 0, 0, 1, 1, 1] 481
[0, 0, 0, 1, 1, 1] 505
[0, 0, 0, 1, 1, 1] 511
[0, 0, 0, 1, 1, 1] 526
[0, 0, 0, 1, 1, 1] 678
[0, 0, 0, 1, 1, 1] 687
[0, 0, 0, 1, 1, 1] 732
[0, 0, 0, 1, 1, 1] 756
[0, 0, 0, 1, 1, 1] 831
[0, 0, 0, 1, 1, 1] 946
[0, 0, 0, 1, 1, 1] 970
[0, 0, 0, 0, 1, 1] 63
[0, 0, 0, 0, 1, 1] 135
[0, 0, 0, 0, 1, 1] 263
[0, 0, 0, 0, 1, 1] 278
[0, 0, 0, 0, 1, 1] 345
[0, 0, 0, 0, 1, 1] 366
[0, 0, 0, 0, 1, 1] 394
[0, 0, 0, 0, 1, 1] 401
[0, 0, 0, 0, 1, 1] 411
[0, 0, 0, 0, 1, 1] 518
[0, 0, 0, 0, 1, 1] 645
[0, 0, 0, 0, 1, 1] 684
[0, 0, 0, 0, 1, 1] 727
[0, 0, 0, 0, 1, 1] 849
[0, 0, 0, 0, 0, 1] 183
[0, 0, 0, 0, 0, 1] 325
[0, 0, 0, 0, 0, 1] 337
[0, 0, 0, 0, 0, 1] 528
[0, 0, 0, 0, 0, 1] 546
[0, 0, 0, 0, 0, 1] 558
[0, 0, 0, 0, 0, 1] 819
[0, 0, 0, 0, 0, 1] 889
[0, 0, 0, 0, 0, 1] 918
[0, 0, 0, 0, 0, 1] 982
