VARIABLES 100
NB_OBJ 6
ITEMS
[1, 1, 1, 1, 1, 1] 56
[1, 1, 1, 1, 1, 1] 61
[1, 1, 1, 1, 1, 1] 111
[1, 1, 1, 1, 1, 1] 145
[1, 1, 1, 1, 1, 1] 221
[1, 1, 1, 1, 1, 1] 238
[1, 1, 1, 1, 1, 1] 239
[1, 1, 1, 1, 1, 1] 263
[1, 1, 1, 1, 1, 1] 264
[1, 1, 1, 1, 1, 1] 299
[1, 1, 1, 1, 1, 1] 325
[1, 1, 1, 1, 1, 1] 399
[1, 1, 1, 1, 1, 1] 438
[1, 1, 1, 1, 1, 1] 454
[1, 1, 1, 1, 1, 1] 476
[1, 1, 1, 1, 1, 1] 496
[1, 1, 1, 1, 1, 1] 658
[1, 1, 1, 1, 1, 1] 659
[1, 1, 1, 1, 1, 1] 681
[1, 1, 1, 1, 1, 1] 738
[1, 1, 1, 1, 1, 1] 819
[1, 1, 1, 1, 1, 1] 829
[0, 1, 1, 1, 1, 1] 140
[0, 1, 1, 1, 1, 1] 146
[0, 1, 1, 1, 1, 1] 187
[0, 1, 1, 1, 1, 1] 277
[0, 1, 1, 1, 1, 1] 280
[0, 1, 1, 1, 1, 1] 298
[0, 1, 1, 1, 1, 1] 302
[0, 1, 1, 1, 1, 1] 405
[0, 1, 1, 1, 1, 1] 432
[0, 1, 1, 1, 1, 1] 492
[0, 1, 1, 1, 1, 1] 577
[0, 1, 1, 1, 1, 1] 680
[0, 1, 1, 1, 1, 1] 733
[0, 1, 1, 1, 1, 1] 754
[0, 1, 1, 1, 1, 1] 759
[0, 1, 1, 1, 1, 1] 777
[0, 0, 1, 1, 1, 1] 130
[0, 0, 1, 1, 1, 1] 138
[0, 0, 1, 1, 1, 1] 155
[0, 0, 1, 1, 1, 1] 178
[0, 0, 1, 1, 1, 1] 242
[0, 0, 1, 1, 1, 1] 548
[0, 0, 1, 1, 1, 1] 553
[0, 0, 1, 1, 1, 1] 579
[0, 0, 1, 1, 1, 1] 641
[0, 0, 1, 1, 1, 1] 690
[0, 0, 1, 1, 1, 1] 721
[0, 0, 1, 1, 1, 1] 730
[0, 0, 1, 1, 1, 1] 782
[0, 0, 1, 1, 1, 1] 833
[0, 0, 1, 1, 1, 1] 888
[0, 0, 1, 1, 1, 1] 943
[0, 0, 1, 1, 1, 1] 969
[0, 0, 0, 1, 1, 1] 41
[0, 0, 0, 1, 1, 1] 79
[0, 0, 0, 1, 1, 1] 163
[0, 0, 0, 1, 1, 1] 196
[0, 0, 0, 1, 1, 1] 213
[0, 0, 0, 1, 1, 1] 446
[0, 0, 0, 1, 1, 1] 501
[0, 0, 0, 1, 1, 1] 583
[0, 0, 0, 1, 1, 1] 674
[0, 0, 0, 1, 1, 1] 675
[0, 0, 0, 1, 1, 1] 694
[0, 0, 0, 1, 1, 1] 714
[0, 0, 0, 1, 1, 1] 794
[0, 0, 0, 1, 1, 1] 989
[0, 0, 0, 1, 1, 1] 995
[0, 0, 0, 0, 1, 1] 37
[0, 0, 0, 0, 1, 1] 50
[0, 0, 0, 0, 1, 1] 175
[0, 0, 0, 0, 1, 1] 180
[0, 0, 0, 0, 1, 1] 260
[0, 0, 0, 0, 1, 1] 301
[0, 0, 0, 0, 1, 1] 311
[0, 0, 0, 0, 1, 1] 360
[0, 0, 0, 0, 1, 1] 430
[0, 0, 0, 0, 1, 1] 518
[0, 0, 0, 0, 1, 1] 588
[0, 0, 0, 0, 1, 1] 925
[0, 0, 0, 0, 0, 1] 154
[0, 0, 0, 0, 0, 1] 242
[0, 0, 0, 0, 0, 1] 246
[0, 0, 0, 0, 0, 1] 314
[0, 0, 0, 0, 0, 1] 365
[0, 0, 0, 0, 0, 1] 382
[0, 0, 0, 0, 0, 1] 392
[0, 0, 0, 0, 0, 1] 407
[0, 0, 0, 0, 0, 1] 419
[0, 0, 0, 0, 0, 1] 502
[0, 0, 0, 0, 0, 1] 519
[0, 0, 0, 0, 0, 1] 626
[0, 0, 0, 0, 0, 1] 633
[0, 0, 0, 0, 0, 1] 716
[0, 0, 0, 0, 0, 1] 724
[0, 0, 0, 0, 0, 1] 783
[0, 0, 0, 0, 0, 1] 985
[0, 0, 0, 0, 0, 1] 999
