VARIABLES 100
NB_OBJ 6
ITEMS
[1, 1, 1, 1, 1, 1] 126
[1, 1, 1, 1, 1, 1] 155
[1, 1, 1, 1, 1, 1] 180
[1, 1, 1, 1, 1, 1] 182
[1, 1, 1, 1, 1, 1] 282
[1, 1, 1, 1, 1, 1] 289
[1, 1, 1, 1, 1, 1] 304
[1, 1, 1, 1, 1, 1] 349
[1, 1, 1, 1, 1, 1] 422
[1, 1, 1, 1, 1, 1] 596
[1, 1, 1, 1, 1, 1] 613
[1, 1, 1, 1, 1, 1] 615
[1, 1, 1, 1, 1, 1] 636
[1, 1, 1, 1, 1, 1] 759
[1, 1, 1, 1, 1, 1] 763
[1, 1, 1, 1, 1, 1] 775
[1, 1, 1, 1, 1, 1] 841
[1, 1, 1, 1, 1, 1] 875
[1, 1, 1, 1, 1, 1] 881
[1, 1, 1, 1, 1, 1] 911
[1, 1, 1, 1, 1, 1] 986
[0, 1, 1, 1, 1, 1] 30
[0, 1, 1, 1, 1, 1] 171
[0, 1, 1, 1, 1, 1] 195
[0, 1, 1, 1, 1, 1] 204
[0, 1, 1, 1, 1, 1] 249
[0, 1, 1, 1, 1, 1] 312
[0, 1, 1, 1, 1, 1] 318
[0, 1, 1, 1, 1, 1] 318
[0, 1, 1, 1, 1, 1] 353
[0, 1, 1, 1, 1, 1] 382
[0, 1, 1, 1, 1, 1] 390
[0, 1, 1, 1, 1, 1] 408
[0, 1, 1, 1, 1, 1] 533
[0, 1, 1, 1, 1, 1] 809
[0, 1, 1, 1, 1, 1] 824
[0, 1, 1, 1, 1, 1] 930
[0, 1, 1, 1, 1, 1] 941
[0, 1, 1, 1, 1, 1] 995
[0, 0, 1, 1, 1, 1] 45
[0, 0, 1, 1, 1, 1] 129
[0, 0, 1, 1, 1, 1] 133
[0, 0, 1, 1, 1, 1] 259
[0, 0, 1, 1, 1, 1] 295
[0, 0, 1, 1, 1, 1] 347
[0, 0, 1, 1, 1, 1] 887
[0, 0, 1, 1, 1, 1] 903
[0, 0, 1, 1, 1, 1] 965
[0, 0, 0, 1, 1, 1] 70
[0, 0, 0, 1, 1, 1] 77
[0, 0, 0, 1, 1, 1] 90
[0, 0, 0, 1, 1, 1] 180
[0, 0, 0, 1, 1, 1] 202
[0, 0, 0, 1, 1, 1] 215
[0, 0, 0, 1, 1, 1] 256
[0, 0, 0, 1, 1, 1] 303
[0, 0, 0, 1, 1, 1] 323
[0, 0, 0, 1, 1, 1] 329
[0, 0, 0, 1, 1, 1] 345
[0, 0, 0, 1, 1, 1] 389
[0, 0, 0, 1, 1, 1] 525
[0, 0, 0, 1, 1, 1] 553
[0, 0, 0, 1, 1, 1] 660
[0, 0, 0, 1, 1, 1] 765
[0, 0, 0, 1, 1, 1] 775
[0, 0, 0, 1, 1, 1] 783
[0, 0, 0, 1, 1, 1] 829
[0, 0, 0, 1, 1, 1] 846
[0, 0, 0, 1, 1, 1] 892
[0, 0, 0, 1, 1, 1] 951
[0, 0, 0, 0, 1, 1] 76
[0, 0, 0, 0, 1, 1] 258
[0, 0, 0, 0, 1, 1] 331
[0, 0, 0, 0, 1, 1] 497
[0, 0, 0, 0, 1, 1] 615
[0, 0, 0, 0, 1, 1] 717
[0, 0, 0, 0, 1, 1] 814
[0, 0, 0, 0, 1, 1] 842
[0, 0, 0, 0, 1, 1] 892
[0, 0, 0, 0, 1, 1] 931
[0, 0, 0, 0, 0, 1] 27
[0, 0, 0, 0, 0, 1] 189
[0, 0, 0, 0, 0, 1] 207
[0, 0, 0, 0, 0, 1] 263
[0, 0, 0, 0, 0, 1] 354
[0, 0, 0, 0, 0, 1] 431
[0, 0, 0, 0, 0, 1] 459
[0, 0, 0, 0, 0, 1] 496
[0, 0, 0, 0, 0, 1] 516
[0, 0, 0, 0, 0, 1] 563
[0, 0, 0, 0, 0, 1] 626
[0, 0, 0, 0, 0, 1] 734
[0, 0, 0, 0, 0, 1] 755
[0, 0, 0, 0, 0, 1] 805
[0, 0, 0, 0, 0, 1] 817
[0, 0, 0, 0, 0, 1] 826
[0, 0, 0, 0, 0, 1] 892
[0, 0, 0, 0, 0, 1] 941
[0, 0, 0, 0, 0, 1] 948
[0, 0, 0, 0, 0, 1] 976
