VARIABLES 100
NB_OBJ 6
ITEMS
[1, 1, 1, 1, 1, 1] 86
[1, 1, 1, 1, 1, 1] 93
[1, 1, 1, 1, 1, 1] 159
[1, 1, 1, 1, 1, 1] 194
[1, 1, 1, 1, 1, 1] 200
[1, 1, 1, 1, 1, 1] 242
[1, 1, 1, 1, 1, 1] 297
[1, 1, 1, 1, 1, 1] 574
[1, 1, 1, 1, 1, 1] 589
[1, 1, 1, 1, 1, 1] 691
[1, 1, 1, 1, 1, 1] 698
[1, 1, 1, 1, 1, 1] 779
[1, 1, 1, 1, 1, 1] 871
[1, 1, 1, 1, 1, 1] 992
[0, 1, 1, 1, 1, 1] 8
[0, 1, 1, 1, 1, 1] 137
[0, 1, 1, 1, 1, 1] 165
[0, 1, 1, 1, 1, 1] 313
[0, 1, 1, 1, 1, 1] 315
[0, 1, 1, 1, 1, 1] 441
[0, 1, 1, 1, 1, 1] 443
[0, 1, 1, 1, 1, 1] 584
[0, 1, 1, 1, 1, 1] 695
[0, 1, 1, 1, 1, 1] 724
[0, 1, 1, 1, 1, 1] 783
[0, 1, 1, 1, 1, 1] 807
[0, 1, 1, 1, 1, 1] 823
[0, 1, 1, 1, 1, 1] 929
[0, 0, 1, 1, 1, 1] 44
[0, 0, 1, 1, 1, 1] 112
[0, 0, 1, 1, 1, 1] 137
[0, 0, 1, 1, 1, 1] 147
[0, 0, 1, 1, 1, 1] 198
[0, 0, 1, 1, 1, 1] 207
[0, 0, 1, 1, 1, 1] 299
[0, 0, 1, 1, 1, 1] 315
[0, 0, 1, 1, 1, 1] 447
[0, 0, 1, 1, 1, 1] 498
[0, 0, 1, 1, 1, 1] 873
[0, 0, 1, 1, 1, 1] 964
[0, 0, 1, 1, 1, 1] 1000
[0, 0, 0, 1, 1, 1] 16
[0, 0, 0, 1, 1, 1] 75
[0, 0, 0, 1, 1, 1] 259
[0, 0, 0, 1, 1, 1] 273
[0, 0, 0, 1, 1, 1] 459
[0, 0, 0, 1, 1, 1] 482
[0, 0, 0, 1, 1, 1] 569
[0, 0, 0, 1, 1, 1] 618
[0, 0, 0, 1, 1, 1] 650
[0, 0, 0, 1, 1, 1] 661
[0, 0, 0, 1, 1, 1] 690
[0, 0, 0, 1, 1, 1] 754
[0, 0, 0, 1, 1, 1] 762
[0, 0, 0, 1, 1, 1] 767
[0, 0, 0, 1, 1, 1] 795
[0, 0, 0, 1, 1, 1] 823
[0, 0, 0, 1, 1, 1] 863
[0, 0, 0, 1, 1, 1] 911
[0, 0, 0, 1, 1, 1] 964
[0, 0, 0, 0, 1, 1] 36
[0, 0, 0, 0, 1, 1] 72
[0, 0, 0, 0, 1, 1] 84
[0, 0, 0, 0, 1, 1] 99
[0, 0, 0, 0, 1, 1] 133
[0, 0, 0, 0, 1, 1] 148
[0, 0, 0, 0, 1, 1] 153
[0, 0, 0, 0, 1, 1] 251
[0, 0, 0, 0, 1, 1] 273
[0, 0, 0, 0, 1, 1] 455
[0, 0, 0, 0, 1, 1] 502
[0, 0, 0, 0, 1, 1] 503
[0, 0, 0, 0, 1, 1] 541
[0, 0, 0, 0, 1, 1] 633
[0, 0, 0, 0, 1, 1] 641
[0, 0, 0, 0, 1, 1] 708
[0, 0, 0, 0, 1, 1] 767
[0, 0, 0, 0, 1, 1] 821
[0, 0, 0, 0, 1, 1] 841
[0, 0, 0, 0, 1, 1] 887
[0, 0, 0, 0, 1, 1] 914
[0, 0, 0, 0, 0, 1] 87
[0, 0, 0, 0, 0, 1] 116
[0, 0, 0, 0, 0, 1] 127
[0, 0, 0, 0, 0, 1] 163
[0, 0, 0, 0, 0, 1] 165
[0, 0, 0, 0, 0, 1] 240
[0, 0, 0, 0, 0, 1] 241
[0, 0, 0, 0, 0, 1] 379
[0, 0, 0, 0, 0, 1] 381
[0, 0, 0, 0, 0, 1] 449
[0, 0, 0, 0, 0, 1] 495
[0, 0, 0, 0, 0, 1] 577
[0, 0, 0, 0, 0, 1] 654
[0, 0, 0, 0, 0, 1] 703
[0, 0, 0, 0, 0, 1] 707
[0, 0, 0, 0, 0, 1] 745
[0, 0, 0, 0, 0, 1] 825
[0, 0, 0, 0, 0, 1] 927
[0, 0, 0, 0, 0, 1] 983
