VARIABLES 100
NB_OBJ 6
ITEMS
[1, 1, 1, 1, 1, 1] 71
[1, 1, 1, 1, 1, 1] 170
[1, 1, 1, 1, 1, 1] 264
[1, 1, 1, 1, 1, 1] 283
[1, 1, 1, 1, 1, 1] 300
[1, 1, 1, 1, 1, 1] 355
[1, 1, 1, 1, 1, 1] 376
[1, 1, 1, 1, 1, 1] 469
[1, 1, 1, 1, 1, 1] 484
[1, 1, 1, 1, 1, 1] 484
[1, 1, 1, 1, 1, 1] 590
[1, 1, 1, 1, 1, 1] 741
[1, 1, 1, 1, 1, 1] 760
[1, 1, 1, 1, 1, 1] 851
[1, 1, 1, 1, 1, 1] 862
[1, 1, 1, 1, 1, 1] 879
[0, 1, 1, 1, 1, 1] 15
[0, 1, 1, 1, 1, 1] 97
[0, 1, 1, 1, 1, 1] 172
[0, 1, 1, 1, 1, 1] 175
[0, 1, 1, 1, 1, 1] 238
[0, 1, 1, 1, 1, 1] 303
[0, 1, 1, 1, 1, 1] 326
[0, 1, 1, 1, 1, 1] 361
[0, 1, 1, 1, 1, 1] 452
[0, 1, 1, 1, 1, 1] 456
[0, 1, 1, 1, 1, 1] 481
[0, 1, 1, 1, 1, 1] 527
[0, 1, 1, 1, 1, 1] 529
[0, 1, 1, 1, 1, 1] 671
[0, 1, 1, 1, 1, 1] 706
[0, 1, 1, 1, 1, 1] 708
[0, 1, 1, 1, 1, 1] 738
[0, 1, 1, 1, 1, 1] 802
[0, 1, 1, 1, 1, 1] 881
[0, 1, 1, 1, 1, 1] 935
[0, 0, 1, 1, 1, 1] 25
[0, 0, 1, 1, 1, 1] 179
[0, 0, 1, 1, 1, 1] 244
[0, 0, 1, 1, 1, 1] 277
[0, 0, 1, 1, 1, 1] 310
[0, 0, 1, 1, 1, 1] 371
[0, 0, 1, 1, 1, 1] 465
[0, 0, 1, 1, 1, 1] 491
[0, 0, 1, 1, 1, 1] 499
[0, 0, 1, 1, 1, 1] 534
[0, 0, 1, 1, 1, 1] 546
[0, 0, 1, 1, 1, 1] 555
[0, 0, 1, 1, 1, 1] 561
[0, 0, 1, 1, 1, 1] 602
[0, 0, 1, 1, 1, 1] 665
[0, 0, 1, 1, 1, 1] 746
[0, 0, 1, 1, 1, 1] 862
[0, 0, 0, 1, 1, 1] 4
[0, 0, 0, 1, 1, 1] 116
[0, 0, 0, 1, 1, 1] 131
[0, 0, 0, 1, 1, 1] 167
[0, 0, 0, 1, 1, 1] 295
[0, 0, 0, 1, 1, 1] 398
[0, 0, 0, 1, 1, 1] 463
[0, 0, 0, 1, 1, 1] 470
[0, 0, 0, 1, 1, 1] 580
[0, 0, 0, 1, 1, 1] 615
[0, 0, 0, 1, 1, 1] 719
[0, 0, 0, 1, 1, 1] 752
[0, 0, 0, 1, 1, 1] 861
[0, 0, 0, 1, 1, 1] 988
[0, 0, 0, 0, 1, 1] 335
[0, 0, 0, 0, 1, 1] 336
[0, 0, 0, 0, 1, 1] 358
[0, 0, 0, 0, 1, 1] 443
[0, 0, 0, 0, 1, 1] 446
[0, 0, 0, 0, 1, 1] 497
[0, 0, 0, 0, 1, 1] 517
[0, 0, 0, 0, 1, 1] 632
[0, 0, 0, 0, 1, 1] 654
[0, 0, 0, 0, 1, 1] 710
[0, 0, 0, 0, 1, 1] 838
[0, 0, 0, 0, 1, 1] 855
[0, 0, 0, 0, 1, 1] 902
[0, 0, 0, 0, 1, 1] 951
[0, 0, 0, 0, 0, 1] 51
[0, 0, 0, 0, 0, 1] 109
[0, 0, 0, 0, 0, 1] 122
[0, 0, 0, 0, 0, 1] 176
[0, 0, 0, 0, 0, 1] 194
[0, 0, 0, 0, 0, 1] 265
[0, 0, 0, 0, 0, 1] 304
[0, 0, 0, 0, 0, 1] 329
[0, 0, 0, 0, 0, 1] 383
[0, 0, 0, 0, 0, 1] 433
[0, 0, 0, 0, 0, 1] 573
[0, 0, 0, 0, 0, 1] 618
[0, 0, 0, 0, 0, 1] 722
[0, 0, 0, 0, 0, 1] 742
[0, 0, 0, 0, 0, 1] 776
[0, 0, 0, 0, 0, 1] 831
[0, 0, 0, 0, 0, 1] 849
[0, 0, 0, 0, 0, 1] 888
[0, 0, 0, 0, 0, 1] 891
