VARIABLES 100
NB_OBJ 6
ITEMS
[1, 1, 1, 1, 1, 1] 113
[1, 1, 1, 1, 1, 1] 271
[1, 1, 1, 1, 1, 1] 275
[1, 1, 1, 1, 1, 1] 283
[1, 1, 1, 1, 1, 1] 342
[1, 1, 1, 1, 1, 1] 443
[1, 1, 1, 1, 1, 1] 445
[1, 1, 1, 1, 1, 1] 491
[1, 1, 1, 1, 1, 1] 514
[1, 1, 1, 1, 1, 1] 727
[1, 1, 1, 1, 1, 1] 769
[1, 1, 1, 1, 1, 1] 858
[1, 1, 1, 1, 1, 1] 891
[1, 1, 1, 1, 1, 1] 914
[1, 1, 1, 1, 1, 1] 985
[1, 1, 1, 1, 1, 1] 988
[0, 1, 1, 1, 1, 1] 21
[0, 1, 1, 1, 1, 1] 58
[0, 1, 1, 1, 1, 1] 115
[0, 1, 1, 1, 1, 1] 143
[0, 1, 1, 1, 1, 1] 233
[0, 1, 1, 1, 1, 1] 271
[0, 1, 1, 1, 1, 1] 314
[0, 1, 1, 1, 1, 1] 339
[0, 1, 1, 1, 1, 1] 499
[0, 1, 1, 1, 1, 1] 701
[0, 1, 1, 1, 1, 1] 717
[0, 1, 1, 1, 1, 1] 732
[0, 1, 1, 1, 1, 1] 836
[0, 1, 1, 1, 1, 1] 843
[0, 1, 1, 1, 1, 1] 868
[0, 1, 1, 1, 1, 1] 954
[0, 0, 1, 1, 1, 1] 70
[0, 0, 1, 1, 1, 1] 83
[0, 0, 1, 1, 1, 1] 160
[0, 0, 1, 1, 1, 1] 173
[0, 0, 1, 1, 1, 1] 189
[0, 0, 1, 1, 1, 1] 294
[0, 0, 1, 1, 1, 1] 358
[0, 0, 1, 1, 1, 1] 536
[0, 0, 1, 1, 1, 1] 562
[0, 0, 1, 1, 1, 1] 698
[0, 0, 1, 1, 1, 1] 768
[0, 0, 1, 1, 1, 1] 776
[0, 0, 1, 1, 1, 1] 888
[0, 0, 0, 1, 1, 1] 90
[0, 0, 0, 1, 1, 1] 105
[0, 0, 0, 1, 1, 1] 124
[0, 0, 0, 1, 1, 1] 172
[0, 0, 0, 1, 1, 1] 198
[0, 0, 0, 1, 1, 1] 240
[0, 0, 0, 1, 1, 1] 255
[0, 0, 0, 1, 1, 1] 294
[0, 0, 0, 1, 1, 1] 377
[0, 0, 0, 1, 1, 1] 407
[0, 0, 0, 1, 1, 1] 414
[0, 0, 0, 1, 1, 1] 504
[0, 0, 0, 1, 1, 1] 515
[0, 0, 0, 1, 1, 1] 538
[0, 0, 0, 1, 1, 1] 590
[0, 0, 0, 1, 1, 1] 590
[0, 0, 0, 1, 1, 1] 727
[0, 0, 0, 1, 1, 1] 731
[0, 0, 0, 1, 1, 1] 734
[0, 0, 0, 1, 1, 1] 835
[0, 0, 0, 1, 1, 1] 884
[0, 0, 0, 1, 1, 1] 911
[0, 0, 0, 1, 1, 1] 937
[0, 0, 0, 1, 1, 1] 981
[0, 0, 0, 0, 1, 1] 21
[0, 0, 0, 0, 1, 1] 87
[0, 0, 0, 0, 1, 1] 103
[0, 0, 0, 0, 1, 1] 118
[0, 0, 0, 0, 1, 1] 360
[0, 0, 0, 0, 1, 1] 430
[0, 0, 0, 0, 1, 1] 465
[0, 0, 0, 0, 1, 1] 561
[0, 0, 0, 0, 1, 1] 564
[0, 0, 0, 0, 1, 1] 580
[0, 0, 0, 0, 1, 1] 598
[0, 0, 0, 0, 1, 1] 693
[0, 0, 0, 0, 1, 1] 748
[0, 0, 0, 0, 1, 1] 889
[0, 0, 0, 0, 1, 1] 900
[0, 0, 0, 0, 0, 1] 18
[0, 0, 0, 0, 0, 1] 217
[0, 0, 0, 0, 0, 1] 253
[0, 0, 0, 0, 0, 1] 295
[0, 0, 0, 0, 0, 1] 568
[0, 0, 0, 0, 0, 1] 618
[0, 0, 0, 0, 0, 1] 625
[0, 0, 0, 0, 0, 1] 665
[0, 0, 0, 0, 0, 1] 672
[0, 0, 0, 0, 0, 1] 697
[0, 0, 0, 0, 0, 1] 758
[0, 0, 0, 0, 0, 1] 834
[0, 0, 0, 0, 0, 1] 872
[0, 0, 0, 0, 0, 1] 909
[0, 0, 0, 0, 0, 1] 919
[0, 0, 0, 0, 0, 1] 958
