VARIABLES 100
NB_OBJ 6
ITEMS
[1, 1, 1, 1, 1, 1] 13
[1, 1, 1, 1, 1, 1] 172
[1, 1, 1, 1, 1, 1] 186
[1, 1, 1, 1, 1, 1] 261
[1, 1, 1, 1, 1, 1] 276
[1, 1, 1, 1, 1, 1] 351
[1, 1, 1, 1, 1, 1] 358
[1, 1, 1, 1, 1, 1] 441
[1, 1, 1, 1, 1, 1] 507
[1, 1, 1, 1, 1, 1] 591
[1, 1, 1, 1, 1, 1] 718
[1, 1, 1, 1, 1, 1] 748
[0, 1, 1, 1, 1, 1] 88
[0, 1, 1, 1, 1, 1] 142
[0, 1, 1, 1, 1, 1] 181
[0, 1, 1, 1, 1, 1] 184
[0, 1, 1, 1, 1, 1] 200
[0, 1, 1, 1, 1, 1] 343
[0, 1, 1, 1, 1, 1] 486
[0, 1, 1, 1, 1, 1] 616
[0, 1, 1, 1, 1, 1] 741
[0, 1, 1, 1, 1, 1] 821
[0, 1, 1, 1, 1, 1] 840
[0, 1, 1, 1, 1, 1] 886
[0, 1, 1, 1, 1, 1] 986
[0, 0, 1, 1, 1, 1] 29
[0, 0, 1, 1, 1, 1] 140
[0, 0, 1, 1, 1, 1] 153
[0, 0, 1, 1, 1, 1] 155
[0, 0, 1, 1, 1, 1] 174
[0, 0, 1, 1, 1, 1] 177
[0, 0, 1, 1, 1, 1] 250
[0, 0, 1, 1, 1, 1] 270
[0, 0, 1, 1, 1, 1] 395
[0, 0, 1, 1, 1, 1] 401
[0, 0, 1, 1, 1, 1] 403
[0, 0, 1, 1, 1, 1] 424
[0, 0, 1, 1, 1, 1] 431
[0, 0, 1, 1, 1, 1] 479
[0, 0, 1, 1, 1, 1] 497
[0, 0, 1, 1, 1, 1] 505
[0, 0, 1, 1, 1, 1] 507
[0, 0, 1, 1, 1, 1] 515
[0, 0, 1, 1, 1, 1] 629
[0, 0, 1, 1, 1, 1] 754
[0, 0, 1, 1, 1, 1] 835
[0, 0, 1, 1, 1, 1] 891
[0, 0, 1, 1, 1, 1] 920
[0, 0, 1, 1, 1, 1] 972
[0, 0, 0, 1, 1, 1] 1
[0, 0, 0, 1, 1, 1] 29
[0, 0, 0, 1, 1, 1] 57
[0, 0, 0, 1, 1, 1] 86
[0, 0, 0, 1, 1, 1] 157
[0, 0, 0, 1, 1, 1] 203
[0, 0, 0, 1, 1, 1] 342
[0, 0, 0, 1, 1, 1] 411
[0, 0, 0, 1, 1, 1] 418
[0, 0, 0, 1, 1, 1] 467
[0, 0, 0, 1, 1, 1] 515
[0, 0, 0, 1, 1, 1] 596
[0, 0, 0, 1, 1, 1] 712
[0, 0, 0, 1, 1, 1] 778
[0, 0, 0, 1, 1, 1] 812
[0, 0, 0, 1, 1, 1] 827
[0, 0, 0, 1, 1, 1] 876
[0, 0, 0, 1, 1, 1] 895
[0, 0, 0, 1, 1, 1] 998
[0, 0, 0, 0, 1, 1] 130
[0, 0, 0, 0, 1, 1] 191
[0, 0, 0, 0, 1, 1] 226
[0, 0, 0, 0, 1, 1] 261
[0, 0, 0, 0, 1, 1] 284
[0, 0, 0, 0, 1, 1] 492
[0, 0, 0, 0, 1, 1] 508
[0, 0, 0, 0, 1, 1] 556
[0, 0, 0, 0, 1, 1] 664
[0, 0, 0, 0, 1, 1] 743
[0, 0, 0, 0, 1, 1] 798
[0, 0, 0, 0, 1, 1] 806
[0, 0, 0, 0, 1, 1] 834
[0, 0, 0, 0, 1, 1] 855
[0, 0, 0, 0, 1, 1] 963
[0, 0, 0, 0, 0, 1] 23
[0, 0, 0, 0, 0, 1] 71
[0, 0, 0, 0, 0, 1] 112
[0, 0, 0, 0, 0, 1] 184
[0, 0, 0, 0, 0, 1] 206
[0, 0, 0, 0, 0, 1] 235
[0, 0, 0, 0, 0, 1] 272
[0, 0, 0, 0, 0, 1] 282
[0, 0, 0, 0, 0, 1] 326
[0, 0, 0, 0, 0, 1] 407
[0, 0, 0, 0, 0, 1] 513
[0, 0, 0, 0, 0, 1] 535
[0, 0, 0, 0, 0, 1] 549
[0, 0, 0, 0, 0, 1] 667
[0, 0, 0, 0, 0, 1] 802
[0, 0, 0, 0, 0, 1] 862
[0, 0, 0, 0, 0, 1] 897
