VARIABLES 100
NB_OBJ 6
ITEMS
[1, 1, 1, 1, 1, 1] 80
[1, 1, 1, 1, 1, 1] 157
[1, 1, 1, 1, 1, 1] 306
[1, 1, 1, 1, 1, 1] 353
[1, 1, 1, 1, 1, 1] 362
[1, 1, 1, 1, 1, 1] 479
[1, 1, 1, 1, 1, 1] 651
[1, 1, 1, 1, 1, 1] 664
[1, 1, 1, 1, 1, 1] 792
[1, 1, 1, 1, 1, 1] 893
[1, 1, 1, 1, 1, 1] 894
[0, 1, 1, 1, 1, 1] 2
[0, 1, 1, 1, 1, 1] 3
[0, 1, 1, 1, 1, 1] 46
[0, 1, 1, 1, 1, 1] 170
[0, 1, 1, 1, 1, 1] 207
[0, 1, 1, 1, 1, 1] 260
[0, 1, 1, 1, 1, 1] 286
[0, 1, 1, 1, 1, 1] 314
[0, 1, 1, 1, 1, 1] 327
[0, 1, 1, 1, 1, 1] 360
[0, 1, 1, 1, 1, 1] 411
[0, 1, 1, 1, 1, 1] 426
[0, 1, 1, 1, 1, 1] 534
[0, 1, 1, 1, 1, 1] 582
[0, 1, 1, 1, 1, 1] 633
[0, 1, 1, 1, 1, 1] 733
[0, 1, 1, 1, 1, 1] 778
[0, 1, 1, 1, 1, 1] 804
[0, 1, 1, 1, 1, 1] 877
[0, 0, 1, 1, 1, 1] 131
[0, 0, 1, 1, 1, 1] 162
[0, 0, 1, 1, 1, 1] 166
[0, 0, 1, 1, 1, 1] 166
[0, 0, 1, 1, 1, 1] 230
[0, 0, 1, 1, 1, 1] 265
[0, 0, 1, 1, 1, 1] 287
[0, 0, 1, 1, 1, 1] 393
[0, 0, 1, 1, 1, 1] 406
[0, 0, 1, 1, 1, 1] 529
[0, 0, 1, 1, 1, 1] 591
[0, 0, 1, 1, 1, 1] 672
[0, 0, 1, 1, 1, 1] 688
[0, 0, 1, 1, 1, 1] 736
[0, 0, 1, 1, 1, 1] 899
[0, 0, 1, 1, 1, 1] 957
[0, 0, 1, 1, 1, 1] 958
[0, 0, 0, 1, 1, 1] 5
[0, 0, 0, 1, 1, 1] 72
[0, 0, 0, 1, 1, 1] 129
[0, 0, 0, 1, 1, 1] 151
[0, 0, 0, 1, 1, 1] 253
[0, 0, 0, 1, 1, 1] 324
[0, 0, 0, 1, 1, 1] 355
[0, 0, 0, 1, 1, 1] 382
[0, 0, 0, 1, 1, 1] 415
[0, 0, 0, 1, 1, 1] 483
[0, 0, 0, 1, 1, 1] 490
[0, 0, 0, 1, 1, 1] 497
[0, 0, 0, 1, 1, 1] 513
[0, 0, 0, 1, 1, 1] 543
[0, 0, 0, 1, 1, 1] 558
[0, 0, 0, 1, 1, 1] 660
[0, 0, 0, 1, 1, 1] 720
[0, 0, 0, 1, 1, 1] 767
[0, 0, 0, 1, 1, 1] 783
[0, 0, 0, 1, 1, 1] 827
[0, 0, 0, 1, 1, 1] 950
[0, 0, 0, 0, 1, 1] 73
[0, 0, 0, 0, 1, 1] 78
[0, 0, 0, 0, 1, 1] 265
[0, 0, 0, 0, 1, 1] 286
[0, 0, 0, 0, 1, 1] 469
[0, 0, 0, 0, 1, 1] 541
[0, 0, 0, 0, 1, 1] 591
[0, 0, 0, 0, 1, 1] 619
[0, 0, 0, 0, 1, 1] 737
[0, 0, 0, 0, 1, 1] 738
[0, 0, 0, 0, 1, 1] 788
[0, 0, 0, 0, 1, 1] 795
[0, 0, 0, 0, 1, 1] 827
[0, 0, 0, 0, 1, 1] 858
[0, 0, 0, 0, 1, 1] 866
[0, 0, 0, 0, 1, 1] 886
[0, 0, 0, 0, 1, 1] 957
[0, 0, 0, 0, 0, 1] 64
[0, 0, 0, 0, 0, 1] 89
[0, 0, 0, 0, 0, 1] 271
[0, 0, 0, 0, 0, 1] 314
[0, 0, 0, 0, 0, 1] 386
[0, 0, 0, 0, 0, 1] 444
[0, 0, 0, 0, 0, 1] 475
[0, 0, 0, 0, 0, 1] 479
[0, 0, 0, 0, 0, 1] 601
[0, 0, 0, 0, 0, 1] 629
[0, 0, 0, 0, 0, 1] 642
[0, 0, 0, 0, 0, 1] 666
[0, 0, 0, 0, 0, 1] 750
[0, 0, 0, 0, 0, 1] 867
[0, 0, 0, 0, 0, 1] 941
