VARIABLES 100
NB_OBJ 6
ITEMS
[1, 1, 1, 1, 1, 1] 58
[1, 1, 1, 1, 1, 1] 106
[1, 1, 1, 1, 1, 1] 247
[1, 1, 1, 1, 1, 1] 461
[1, 1, 1, 1, 1, 1] 509
[1, 1, 1, 1, 1, 1] 750
[1, 1, 1, 1, 1, 1] 766
[1, 1, 1, 1, 1, 1] 888
[1, 1, 1, 1, 1, 1] 934
[1, 1, 1, 1, 1, 1] 948
[0, 1, 1, 1, 1, 1] 62
[0, 1, 1, 1, 1, 1] 222
[0, 1, 1, 1, 1, 1] 314
[0, 1, 1, 1, 1, 1] 388
[0, 1, 1, 1, 1, 1] 416
[0, 1, 1, 1, 1, 1] 450
[0, 1, 1, 1, 1, 1] 460
[0, 1, 1, 1, 1, 1] 547
[0, 1, 1, 1, 1, 1] 549
[0, 1, 1, 1, 1, 1] 559
[0, 1, 1, 1, 1, 1] 564
[0, 1, 1, 1, 1, 1] 668
[0, 1, 1, 1, 1, 1] 714
[0, 1, 1, 1, 1, 1] 727
[0, 1, 1, 1, 1, 1] 747
[0, 1, 1, 1, 1, 1] 785
[0, 1, 1, 1, 1, 1] 811
[0, 1, 1, 1, 1, 1] 875
[0, 1, 1, 1, 1, 1] 920
[0, 0, 1, 1, 1, 1] 41
[0, 0, 1, 1, 1, 1] 42
[0, 0, 1, 1, 1, 1] 97
[0, 0, 1, 1, 1, 1] 103
[0, 0, 1, 1, 1, 1] 151
[0, 0, 1, 1, 1, 1] 169
[0, 0, 1, 1, 1, 1] 222
[0, 0, 1, 1, 1, 1] 252
[0, 0, 1, 1, 1, 1] 388
[0, 0, 1, 1, 1, 1] 460
[0, 0, 1, 1, 1, 1] 616
[0, 0, 1, 1, 1, 1] 621
[0, 0, 1, 1, 1, 1] 635
[0, 0, 1, 1, 1, 1] 725
[0, 0, 1, 1, 1, 1] 796
[0, 0, 1, 1, 1, 1] 818
[0, 0, 1, 1, 1, 1] 948
[0, 0, 1, 1, 1, 1] 969
[0, 0, 1, 1, 1, 1] 970
[0, 0, 1, 1, 1, 1] 978
[0, 0, 0, 1, 1, 1] 15
[0, 0, 0, 1, 1, 1] 24
[0, 0, 0, 1, 1, 1] 39
[0, 0, 0, 1, 1, 1] 170
[0, 0, 0, 1, 1, 1] 367
[0, 0, 0, 1, 1, 1] 429
[0, 0, 0, 1, 1, 1] 434
[0, 0, 0, 1, 1, 1] 506
[0, 0, 0, 1, 1, 1] 531
[0, 0, 0, 1, 1, 1] 618
[0, 0, 0, 1, 1, 1] 731
[0, 0, 0, 1, 1, 1] 782
[0, 0, 0, 1, 1, 1] 820
[0, 0, 0, 1, 1, 1] 840
[0, 0, 0, 1, 1, 1] 935
[0, 0, 0, 1, 1, 1] 943
[0, 0, 0, 1, 1, 1] 955
[0, 0, 0, 0, 1, 1] 91
[0, 0, 0, 0, 1, 1] 143
[0, 0, 0, 0, 1, 1] 168
[0, 0, 0, 0, 1, 1] 285
[0, 0, 0, 0, 1, 1] 324
[0, 0, 0, 0, 1, 1] 334
[0, 0, 0, 0, 1, 1] 409
[0, 0, 0, 0, 1, 1] 411
[0, 0, 0, 0, 1, 1] 560
[0, 0, 0, 0, 1, 1] 592
[0, 0, 0, 0, 1, 1] 637
[0, 0, 0, 0, 1, 1] 701
[0, 0, 0, 0, 1, 1] 729
[0, 0, 0, 0, 1, 1] 818
[0, 0, 0, 0, 1, 1] 934
[0, 0, 0, 0, 0, 1] 35
[0, 0, 0, 0, 0, 1] 96
[0, 0, 0, 0, 0, 1] 115
[0, 0, 0, 0, 0, 1] 159
[0, 0, 0, 0, 0, 1] 163
[0, 0, 0, 0, 0, 1] 172
[0, 0, 0, 0, 0, 1] 246
[0, 0, 0, 0, 0, 1] 258
[0, 0, 0, 0, 0, 1] 284
[0, 0, 0, 0, 0, 1] 419
[0, 0, 0, 0, 0, 1] 422
[0, 0, 0, 0, 0, 1] 462
[0, 0, 0, 0, 0, 1] 551
[0, 0, 0, 0, 0, 1] 579
[0, 0, 0, 0, 0, 1] 670
[0, 0, 0, 0, 0, 1] 809
[0, 0, 0, 0, 0, 1] 908
[0, 0, 0, 0, 0, 1] 929
[0, 0, 0, 0, 0, 1] 970
