VARIABLES 100
NB_OBJ 6
ITEMS
[1, 1, 1, 1, 1, 1] 43
[1, 1, 1, 1, 1, 1] 52
[1, 1, 1, 1, 1, 1] 70
[1, 1, 1, 1, 1, 1] 174
[1, 1, 1, 1, 1, 1] 184
[1, 1, 1, 1, 1, 1] 346
[1, 1, 1, 1, 1, 1] 356
[1, 1, 1, 1, 1, 1] 503
[1, 1, 1, 1, 1, 1] 634
[1, 1, 1, 1, 1, 1] 757
[1, 1, 1, 1, 1, 1] 764
[1, 1, 1, 1, 1, 1] 795
[1, 1, 1, 1, 1, 1] 811
[1, 1, 1, 1, 1, 1] 922
[1, 1, 1, 1, 1, 1] 961
[0, 1, 1, 1, 1, 1] 49
[0, 1, 1, 1, 1, 1] 213
[0, 1, 1, 1, 1, 1] 237
[0, 1, 1, 1, 1, 1] 251
[0, 1, 1, 1, 1, 1] 280
[0, 1, 1, 1, 1, 1] 295
[0, 1, 1, 1, 1, 1] 308
[0, 1, 1, 1, 1, 1] 316
[0, 1, 1, 1, 1, 1] 347
[0, 1, 1, 1, 1, 1] 396
[0, 1, 1, 1, 1, 1] 560
[0, 1, 1, 1, 1, 1] 580
[0, 1, 1, 1, 1, 1] 623
[0, 1, 1, 1, 1, 1] 751
[0, 1, 1, 1, 1, 1] 804
[0, 1, 1, 1, 1, 1] 818
[0, 1, 1, 1, 1, 1] 978
[0, 0, 1, 1, 1, 1] 19
[0, 0, 1, 1, 1, 1] 35
[0, 0, 1, 1, 1, 1] 46
[0, 0, 1, 1, 1, 1] 48
[0, 0, 1, 1, 1, 1] 53
[0, 0, 1, 1, 1, 1] 72
[0, 0, 1, 1, 1, 1] 120
[0, 0, 1, 1, 1, 1] 158
[0, 0, 1, 1, 1, 1] 314
[0, 0, 1, 1, 1, 1] 336
[0, 0, 1, 1, 1, 1] 465
[0, 0, 1, 1, 1, 1] 565
[0, 0, 1, 1, 1, 1] 571
[0, 0, 1, 1, 1, 1] 606
[0, 0, 1, 1, 1, 1] 612
[0, 0, 1, 1, 1, 1] 654
[0, 0, 1, 1, 1, 1] 671
[0, 0, 1, 1, 1, 1] 718
[0, 0, 1, 1, 1, 1] 775
[0, 0, 1, 1, 1, 1] 819
[0, 0, 1, 1, 1, 1] 902
[0, 0, 1, 1, 1, 1] 953
[0, 0, 0, 1, 1, 1] 81
[0, 0, 0, 1, 1, 1] 132
[0, 0, 0, 1, 1, 1] 273
[0, 0, 0, 1, 1, 1] 418
[0, 0, 0, 1, 1, 1] 430
[0, 0, 0, 1, 1, 1] 459
[0, 0, 0, 1, 1, 1] 477
[0, 0, 0, 1, 1, 1] 494
[0, 0, 0, 1, 1, 1] 566
[0, 0, 0, 1, 1, 1] 568
[0, 0, 0, 1, 1, 1] 619
[0, 0, 0, 1, 1, 1] 664
[0, 0, 0, 1, 1, 1] 826
[0, 0, 0, 1, 1, 1] 833
[0, 0, 0, 1, 1, 1] 840
[0, 0, 0, 1, 1, 1] 853
[0, 0, 0, 1, 1, 1] 909
[0, 0, 0, 1, 1, 1] 985
[0, 0, 0, 0, 1, 1] 139
[0, 0, 0, 0, 1, 1] 262
[0, 0, 0, 0, 1, 1] 267
[0, 0, 0, 0, 1, 1] 399
[0, 0, 0, 0, 1, 1] 486
[0, 0, 0, 0, 1, 1] 548
[0, 0, 0, 0, 1, 1] 604
[0, 0, 0, 0, 1, 1] 696
[0, 0, 0, 0, 1, 1] 701
[0, 0, 0, 0, 1, 1] 708
[0, 0, 0, 0, 1, 1] 785
[0, 0, 0, 0, 1, 1] 899
[0, 0, 0, 0, 1, 1] 948
[0, 0, 0, 0, 1, 1] 993
[0, 0, 0, 0, 1, 1] 998
[0, 0, 0, 0, 0, 1] 44
[0, 0, 0, 0, 0, 1] 78
[0, 0, 0, 0, 0, 1] 79
[0, 0, 0, 0, 0, 1] 243
[0, 0, 0, 0, 0, 1] 301
[0, 0, 0, 0, 0, 1] 450
[0, 0, 0, 0, 0, 1] 499
[0, 0, 0, 0, 0, 1] 504
[0, 0, 0, 0, 0, 1] 594
[0, 0, 0, 0, 0, 1] 629
[0, 0, 0, 0, 0, 1] 732
[0, 0, 0, 0, 0, 1] 890
[0, 0, 0, 0, 0, 1] 928
