VARIABLES 100
NB_OBJ 6
ITEMS
[1, 1, 1, 1, 1, 1] 75
[1, 1, 1, 1, 1, 1] 109
[1, 1, 1, 1, 1, 1] 112
[1, 1, 1, 1, 1, 1] 228
[1, 1, 1, 1, 1, 1] 302
[1, 1, 1, 1, 1, 1] 326
[1, 1, 1, 1, 1, 1] 385
[1, 1, 1, 1, 1, 1] 404
[1, 1, 1, 1, 1, 1] 434
[1, 1, 1, 1, 1, 1] 440
[1, 1, 1, 1, 1, 1] 464
[1, 1, 1, 1, 1, 1] 538
[1, 1, 1, 1, 1, 1] 670
[1, 1, 1, 1, 1, 1] 813
[1, 1, 1, 1, 1, 1] 997
[0, 1, 1, 1, 1, 1] 36
[0, 1, 1, 1, 1, 1] 55
[0, 1, 1, 1, 1, 1] 152
[0, 1, 1, 1, 1, 1] 157
[0, 1, 1, 1, 1, 1] 199
[0, 1, 1, 1, 1, 1] 292
[0, 1, 1, 1, 1, 1] 409
[0, 1, 1, 1, 1, 1] 472
[0, 1, 1, 1, 1, 1] 472
[0, 1, 1, 1, 1, 1] 489
[0, 1, 1, 1, 1, 1] 621
[0, 1, 1, 1, 1, 1] 647
[0, 1, 1, 1, 1, 1] 692
[0, 1, 1, 1, 1, 1] 737
[0, 1, 1, 1, 1, 1] 741
[0, 1, 1, 1, 1, 1] 746
[0, 1, 1, 1, 1, 1] 856
[0, 1, 1, 1, 1, 1] 887
[0, 1, 1, 1, 1, 1] 906
[0, 1, 1, 1, 1, 1] 935
[0, 1, 1, 1, 1, 1] 953
[0, 1, 1, 1, 1, 1] 960
[0, 1, 1, 1, 1, 1] 983
[0, 0, 1, 1, 1, 1] 12
[0, 0, 1, 1, 1, 1] 139
[0, 0, 1, 1, 1, 1] 208
[0, 0, 1, 1, 1, 1] 296
[0, 0, 1, 1, 1, 1] 346
[0, 0, 1, 1, 1, 1] 530
[0, 0, 1, 1, 1, 1] 560
[0, 0, 1, 1, 1, 1] 610
[0, 0, 1, 1, 1, 1] 686
[0, 0, 1, 1, 1, 1] 696
[0, 0, 1, 1, 1, 1] 809
[0, 0, 1, 1, 1, 1] 823
[0, 0, 1, 1, 1, 1] 851
[0, 0, 1, 1, 1, 1] 892
[0, 0, 1, 1, 1, 1] 977
[0, 0, 0, 1, 1, 1] 13
[0, 0, 0, 1, 1, 1] 144
[0, 0, 0, 1, 1, 1] 236
[0, 0, 0, 1, 1, 1] 266
[0, 0, 0, 1, 1, 1] 322
[0, 0, 0, 1, 1, 1] 346
[0, 0, 0, 1, 1, 1] 418
[0, 0, 0, 1, 1, 1] 446
[0, 0, 0, 1, 1, 1] 634
[0, 0, 0, 1, 1, 1] 642
[0, 0, 0, 1, 1, 1] 797
[0, 0, 0, 0, 1, 1] 107
[0, 0, 0, 0, 1, 1] 121
[0, 0, 0, 0, 1, 1] 199
[0, 0, 0, 0, 1, 1] 248
[0, 0, 0, 0, 1, 1] 267
[0, 0, 0, 0, 1, 1] 291
[0, 0, 0, 0, 1, 1] 459
[0, 0, 0, 0, 1, 1] 496
[0, 0, 0, 0, 1, 1] 551
[0, 0, 0, 0, 1, 1] 607
[0, 0, 0, 0, 1, 1] 621
[0, 0, 0, 0, 1, 1] 706
[0, 0, 0, 0, 1, 1] 711
[0, 0, 0, 0, 1, 1] 814
[0, 0, 0, 0, 1, 1] 824
[0, 0, 0, 0, 1, 1] 827
[0, 0, 0, 0, 1, 1] 882
[0, 0, 0, 0, 1, 1] 962
[0, 0, 0, 0, 0, 1] 4
[0, 0, 0, 0, 0, 1] 21
[0, 0, 0, 0, 0, 1] 96
[0, 0, 0, 0, 0, 1] 196
[0, 0, 0, 0, 0, 1] 215
[0, 0, 0, 0, 0, 1] 398
[0, 0, 0, 0, 0, 1] 416
[0, 0, 0, 0, 0, 1] 420
[0, 0, 0, 0, 0, 1] 469
[0, 0, 0, 0, 0, 1] 482
[0, 0, 0, 0, 0, 1] 585
[0, 0, 0, 0, 0, 1] 599
[0, 0, 0, 0, 0, 1] 734
[0, 0, 0, 0, 0, 1] 834
[0, 0, 0, 0, 0, 1] 852
[0, 0, 0, 0, 0, 1] 877
[0, 0, 0, 0, 0, 1] 901
[0, 0, 0, 0, 0, 1] 956
