VARIABLES 100
NB_OBJ 6
ITEMS
[1, 1, 1, 1, 1, 1] 38
[1, 1, 1, 1, 1, 1] 38
[1, 1, 1, 1, 1, 1] 92
[1, 1, 1, 1, 1, 1] 115
[1, 1, 1, 1, 1, 1] 160
[1, 1, 1, 1, 1, 1] 224
[1, 1, 1, 1, 1, 1] 242
[1, 1, 1, 1, 1, 1] 433
[1, 1, 1, 1, 1, 1] 498
[1, 1, 1, 1, 1, 1] 527
[1, 1, 1, 1, 1, 1] 647
[1, 1, 1, 1, 1, 1] 689
[1, 1, 1, 1, 1, 1] 693
[1, 1, 1, 1, 1, 1] 696
[1, 1, 1, 1, 1, 1] 714
[1, 1, 1, 1, 1, 1] 784
[1, 1, 1, 1, 1, 1] 840
[1, 1, 1, 1, 1, 1] 998
[0, 1, 1, 1, 1, 1] 1
[0, 1, 1, 1, 1, 1] 12
[0, 1, 1, 1, 1, 1] 117
[0, 1, 1, 1, 1, 1] 143
[0, 1, 1, 1, 1, 1] 232
[0, 1, 1, 1, 1, 1] 321
[0, 1, 1, 1, 1, 1] 426
[0, 1, 1, 1, 1, 1] 427
[0, 1, 1, 1, 1, 1] 434
[0, 1, 1, 1, 1, 1] 556
[0, 1, 1, 1, 1, 1] 576
[0, 1, 1, 1, 1, 1] 680
[0, 1, 1, 1, 1, 1] 818
[0, 1, 1, 1, 1, 1] 869
[0, 1, 1, 1, 1, 1] 899
[0, 0, 1, 1, 1, 1] 4
[0, 0, 1, 1, 1, 1] 35
[0, 0, 1, 1, 1, 1] 192
[0, 0, 1, 1, 1, 1] 204
[0, 0, 1, 1, 1, 1] 565
[0, 0, 1, 1, 1, 1] 630
[0, 0, 1, 1, 1, 1] 641
[0, 0, 1, 1, 1, 1] 655
[0, 0, 1, 1, 1, 1] 784
[0, 0, 1, 1, 1, 1] 845
[0, 0, 1, 1, 1, 1] 869
[0, 0, 0, 1, 1, 1] 34
[0, 0, 0, 1, 1, 1] 149
[0, 0, 0, 1, 1, 1] 271
[0, 0, 0, 1, 1, 1] 315
[0, 0, 0, 1, 1, 1] 530
[0, 0, 0, 1, 1, 1] 605
[0, 0, 0, 1, 1, 1] 617
[0, 0, 0, 1, 1, 1] 665
[0, 0, 0, 1, 1, 1] 931
[0, 0, 0, 1, 1, 1] 932
[0, 0, 0, 1, 1, 1] 943
[0, 0, 0, 1, 1, 1] 948
[0, 0, 0, 1, 1, 1] 959
[0, 0, 0, 0, 1, 1] 116
[0, 0, 0, 0, 1, 1] 217
[0, 0, 0, 0, 1, 1] 243
[0, 0, 0, 0, 1, 1] 323
[0, 0, 0, 0, 1, 1] 362
[0, 0, 0, 0, 1, 1] 390
[0, 0, 0, 0, 1, 1] 403
[0, 0, 0, 0, 1, 1] 466
[0, 0, 0, 0, 1, 1] 509
[0, 0, 0, 0, 1, 1] 558
[0, 0, 0, 0, 1, 1] 578
[0, 0, 0, 0, 1, 1] 670
[0, 0, 0, 0, 1, 1] 766
[0, 0, 0, 0, 1, 1] 780
[0, 0, 0, 0, 1, 1] 888
[0, 0, 0, 0, 1, 1] 915
[0, 0, 0, 0, 1, 1] 948
[0, 0, 0, 0, 1, 1] 961
[0, 0, 0, 0, 1, 1] 961
[0, 0, 0, 0, 1, 1] 999
[0, 0, 0, 0, 0, 1] 75
[0, 0, 0, 0, 0, 1] 144
[0, 0, 0, 0, 0, 1] 209
[0, 0, 0, 0, 0, 1] 225
[0, 0, 0, 0, 0, 1] 262
[0, 0, 0, 0, 0, 1] 355
[0, 0, 0, 0, 0, 1] 435
[0, 0, 0, 0, 0, 1] 441
[0, 0, 0, 0, 0, 1] 447
[0, 0, 0, 0, 0, 1] 604
[0, 0, 0, 0, 0, 1] 644
[0, 0, 0, 0, 0, 1] 686
[0, 0, 0, 0, 0, 1] 699
[0, 0, 0, 0, 0, 1] 728
[0, 0, 0, 0, 0, 1] 729
[0, 0, 0, 0, 0, 1] 779
[0, 0, 0, 0, 0, 1] 798
[0, 0, 0, 0, 0, 1] 819
[0, 0, 0, 0, 0, 1] 820
[0, 0, 0, 0, 0, 1] 854
[0, 0, 0, 0, 0, 1] 917
[0, 0, 0, 0, 0, 1] 920
[0, 0, 0, 0, 0, 1] 922
