VARIABLES 100
NB_OBJ 6
ITEMS
[1, 1, 1, 1, 1, 1] 28
[1, 1, 1, 1, 1, 1] 31
[1, 1, 1, 1, 1, 1] 101
[1, 1, 1, 1, 1, 1] 107
[1, 1, 1, 1, 1, 1] 202
[1, 1, 1, 1, 1, 1] 348
[1, 1, 1, 1, 1, 1] 393
[1, 1, 1, 1, 1, 1] 444
[1, 1, 1, 1, 1, 1] 501
[1, 1, 1, 1, 1, 1] 544
[1, 1, 1, 1, 1, 1] 585
[1, 1, 1, 1, 1, 1] 610
[1, 1, 1, 1, 1, 1] 677
[1, 1, 1, 1, 1, 1] 694
[1, 1, 1, 1, 1, 1] 752
[1, 1, 1, 1, 1, 1] 763
[1, 1, 1, 1, 1, 1] 766
[1, 1, 1, 1, 1, 1] 868
[0, 1, 1, 1, 1, 1] 109
[0, 1, 1, 1, 1, 1] 110
[0, 1, 1, 1, 1, 1] 134
[0, 1, 1, 1, 1, 1] 134
[0, 1, 1, 1, 1, 1] 142
[0, 1, 1, 1, 1, 1] 346
[0, 1, 1, 1, 1, 1] 464
[0, 1, 1, 1, 1, 1] 567
[0, 1, 1, 1, 1, 1] 653
[0, 1, 1, 1, 1, 1] 670
[0, 1, 1, 1, 1, 1] 927
[0, 0, 1, 1, 1, 1] 29
[0, 0, 1, 1, 1, 1] 142
[0, 0, 1, 1, 1, 1] 302
[0, 0, 1, 1, 1, 1] 450
[0, 0, 1, 1, 1, 1] 562
[0, 0, 1, 1, 1, 1] 606
[0, 0, 1, 1, 1, 1] 641
[0, 0, 1, 1, 1, 1] 650
[0, 0, 1, 1, 1, 1] 664
[0, 0, 1, 1, 1, 1] 699
[0, 0, 1, 1, 1, 1] 794
[0, 0, 1, 1, 1, 1] 850
[0, 0, 1, 1, 1, 1] 908
[0, 0, 0, 1, 1, 1] 6
[0, 0, 0, 1, 1, 1] 49
[0, 0, 0, 1, 1, 1] 64
[0, 0, 0, 1, 1, 1] 83
[0, 0, 0, 1, 1, 1] 216
[0, 0, 0, 1, 1, 1] 240
[0, 0, 0, 1, 1, 1] 296
[0, 0, 0, 1, 1, 1] 553
[0, 0, 0, 1, 1, 1] 576
[0, 0, 0, 1, 1, 1] 770
[0, 0, 0, 1, 1, 1] 780
[0, 0, 0, 1, 1, 1] 786
[0, 0, 0, 1, 1, 1] 829
[0, 0, 0, 1, 1, 1] 903
[0, 0, 0, 1, 1, 1] 906
[0, 0, 0, 1, 1, 1] 913
[0, 0, 0, 0, 1, 1] 78
[0, 0, 0, 0, 1, 1] 110
[0, 0, 0, 0, 1, 1] 139
[0, 0, 0, 0, 1, 1] 322
[0, 0, 0, 0, 1, 1] 333
[0, 0, 0, 0, 1, 1] 371
[0, 0, 0, 0, 1, 1] 391
[0, 0, 0, 0, 1, 1] 407
[0, 0, 0, 0, 1, 1] 421
[0, 0, 0, 0, 1, 1] 443
[0, 0, 0, 0, 1, 1] 467
[0, 0, 0, 0, 1, 1] 529
[0, 0, 0, 0, 1, 1] 537
[0, 0, 0, 0, 1, 1] 592
[0, 0, 0, 0, 1, 1] 612
[0, 0, 0, 0, 1, 1] 715
[0, 0, 0, 0, 1, 1] 761
[0, 0, 0, 0, 1, 1] 770
[0, 0, 0, 0, 1, 1] 775
[0, 0, 0, 0, 1, 1] 812
[0, 0, 0, 0, 1, 1] 859
[0, 0, 0, 0, 1, 1] 870
[0, 0, 0, 0, 1, 1] 962
[0, 0, 0, 0, 0, 1] 40
[0, 0, 0, 0, 0, 1] 91
[0, 0, 0, 0, 0, 1] 128
[0, 0, 0, 0, 0, 1] 131
[0, 0, 0, 0, 0, 1] 140
[0, 0, 0, 0, 0, 1] 208
[0, 0, 0, 0, 0, 1] 245
[0, 0, 0, 0, 0, 1] 303
[0, 0, 0, 0, 0, 1] 545
[0, 0, 0, 0, 0, 1] 581
[0, 0, 0, 0, 0, 1] 600
[0, 0, 0, 0, 0, 1] 608
[0, 0, 0, 0, 0, 1] 608
[0, 0, 0, 0, 0, 1] 655
[0, 0, 0, 0, 0, 1] 820
[0, 0, 0, 0, 0, 1] 862
[0, 0, 0, 0, 0, 1] 874
[0, 0, 0, 0, 0, 1] 911
[0, 0, 0, 0, 0, 1] 985
