VARIABLES 100
NB_OBJ 6
ITEMS
[1, 1, 1, 1, 1, 1] 49
[1, 1, 1, 1, 1, 1] 370
[1, 1, 1, 1, 1, 1] 425
[1, 1, 1, 1, 1, 1] 454
[1, 1, 1, 1, 1, 1] 461
[1, 1, 1, 1, 1, 1] 533
[1, 1, 1, 1, 1, 1] 689
[1, 1, 1, 1, 1, 1] 692
[1, 1, 1, 1, 1, 1] 695
[1, 1, 1, 1, 1, 1] 739
[1, 1, 1, 1, 1, 1] 747
[1, 1, 1, 1, 1, 1] 765
[1, 1, 1, 1, 1, 1] 779
[1, 1, 1, 1, 1, 1] 875
[1, 1, 1, 1, 1, 1] 938
[1, 1, 1, 1, 1, 1] 963
[1, 1, 1, 1, 1, 1] 963
[1, 1, 1, 1, 1, 1] 965
[0, 1, 1, 1, 1, 1] 174
[0, 1, 1, 1, 1, 1] 313
[0, 1, 1, 1, 1, 1] 339
[0, 1, 1, 1, 1, 1] 422
[0, 1, 1, 1, 1, 1] 430
[0, 1, 1, 1, 1, 1] 448
[0, 1, 1, 1, 1, 1] 475
[0, 1, 1, 1, 1, 1] 495
[0, 1, 1, 1, 1, 1] 654
[0, 1, 1, 1, 1, 1] 720
[0, 1, 1, 1, 1, 1] 725
[0, 1, 1, 1, 1, 1] 874
[0, 1, 1, 1, 1, 1] 967
[0, 0, 1, 1, 1, 1] 75
[0, 0, 1, 1, 1, 1] 221
[0, 0, 1, 1, 1, 1] 324
[0, 0, 1, 1, 1, 1] 337
[0, 0, 1, 1, 1, 1] 382
[0, 0, 1, 1, 1, 1] 604
[0, 0, 1, 1, 1, 1] 614
[0, 0, 1, 1, 1, 1] 625
[0, 0, 1, 1, 1, 1] 663
[0, 0, 1, 1, 1, 1] 752
[0, 0, 1, 1, 1, 1] 779
[0, 0, 0, 1, 1, 1] 30
[0, 0, 0, 1, 1, 1] 55
[0, 0, 0, 1, 1, 1] 96
[0, 0, 0, 1, 1, 1] 156
[0, 0, 0, 1, 1, 1] 183
[0, 0, 0, 1, 1, 1] 216
[0, 0, 0, 1, 1, 1] 285
[0, 0, 0, 1, 1, 1] 400
[0, 0, 0, 1, 1, 1] 447
[0, 0, 0, 1, 1, 1] 462
[0, 0, 0, 1, 1, 1] 493
[0, 0, 0, 1, 1, 1] 528
[0, 0, 0, 1, 1, 1] 736
[0, 0, 0, 1, 1, 1] 771
[0, 0, 0, 1, 1, 1] 787
[0, 0, 0, 1, 1, 1] 811
[0, 0, 0, 1, 1, 1] 889
[0, 0, 0, 1, 1, 1] 890
[0, 0, 0, 1, 1, 1] 898
[0, 0, 0, 1, 1, 1] 926
[0, 0, 0, 0, 1, 1] 23
[0, 0, 0, 0, 1, 1] 104
[0, 0, 0, 0, 1, 1] 167
[0, 0, 0, 0, 1, 1] 171
[0, 0, 0, 0, 1, 1] 213
[0, 0, 0, 0, 1, 1] 335
[0, 0, 0, 0, 1, 1] 352
[0, 0, 0, 0, 1, 1] 367
[0, 0, 0, 0, 1, 1] 422
[0, 0, 0, 0, 1, 1] 449
[0, 0, 0, 0, 1, 1] 557
[0, 0, 0, 0, 1, 1] 575
[0, 0, 0, 0, 1, 1] 601
[0, 0, 0, 0, 1, 1] 611
[0, 0, 0, 0, 1, 1] 772
[0, 0, 0, 0, 1, 1] 789
[0, 0, 0, 0, 1, 1] 812
[0, 0, 0, 0, 1, 1] 843
[0, 0, 0, 0, 1, 1] 968
[0, 0, 0, 0, 1, 1] 980
[0, 0, 0, 0, 0, 1] 215
[0, 0, 0, 0, 0, 1] 225
[0, 0, 0, 0, 0, 1] 225
[0, 0, 0, 0, 0, 1] 230
[0, 0, 0, 0, 0, 1] 305
[0, 0, 0, 0, 0, 1] 341
[0, 0, 0, 0, 0, 1] 400
[0, 0, 0, 0, 0, 1] 405
[0, 0, 0, 0, 0, 1] 423
[0, 0, 0, 0, 0, 1] 560
[0, 0, 0, 0, 0, 1] 606
[0, 0, 0, 0, 0, 1] 619
[0, 0, 0, 0, 0, 1] 658
[0, 0, 0, 0, 0, 1] 672
[0, 0, 0, 0, 0, 1] 680
[0, 0, 0, 0, 0, 1] 741
[0, 0, 0, 0, 0, 1] 857
[0, 0, 0, 0, 0, 1] 999
