VARIABLES 100
NB_OBJ 6
ITEMS
[1, 1, 1, 1, 1, 1] 200
[1, 1, 1, 1, 1, 1] 206
[1, 1, 1, 1, 1, 1] 211
[1, 1, 1, 1, 1, 1] 307
[1, 1, 1, 1, 1, 1] 333
[1, 1, 1, 1, 1, 1] 417
[1, 1, 1, 1, 1, 1] 489
[1, 1, 1, 1, 1, 1] 543
[1, 1, 1, 1, 1, 1] 578
[1, 1, 1, 1, 1, 1] 706
[1, 1, 1, 1, 1, 1] 710
[1, 1, 1, 1, 1, 1] 867
[1, 1, 1, 1, 1, 1] 985
[0, 1, 1, 1, 1, 1] 64
[0, 1, 1, 1, 1, 1] 111
[0, 1, 1, 1, 1, 1] 239
[0, 1, 1, 1, 1, 1] 243
[0, 1, 1, 1, 1, 1] 283
[0, 1, 1, 1, 1, 1] 358
[0, 1, 1, 1, 1, 1] 397
[0, 1, 1, 1, 1, 1] 400
[0, 1, 1, 1, 1, 1] 431
[0, 1, 1, 1, 1, 1] 454
[0, 1, 1, 1, 1, 1] 505
[0, 1, 1, 1, 1, 1] 514
[0, 1, 1, 1, 1, 1] 520
[0, 1, 1, 1, 1, 1] 520
[0, 1, 1, 1, 1, 1] 532
[0, 1, 1, 1, 1, 1] 614
[0, 1, 1, 1, 1, 1] 628
[0, 1, 1, 1, 1, 1] 884
[0, 1, 1, 1, 1, 1] 897
[0, 1, 1, 1, 1, 1] 910
[0, 0, 1, 1, 1, 1] 135
[0, 0, 1, 1, 1, 1] 196
[0, 0, 1, 1, 1, 1] 236
[0, 0, 1, 1, 1, 1] 312
[0, 0, 1, 1, 1, 1] 325
[0, 0, 1, 1, 1, 1] 352
[0, 0, 1, 1, 1, 1] 432
[0, 0, 1, 1, 1, 1] 457
[0, 0, 1, 1, 1, 1] 495
[0, 0, 1, 1, 1, 1] 512
[0, 0, 1, 1, 1, 1] 535
[0, 0, 1, 1, 1, 1] 580
[0, 0, 1, 1, 1, 1] 674
[0, 0, 1, 1, 1, 1] 724
[0, 0, 1, 1, 1, 1] 754
[0, 0, 1, 1, 1, 1] 760
[0, 0, 1, 1, 1, 1] 783
[0, 0, 1, 1, 1, 1] 893
[0, 0, 0, 1, 1, 1] 108
[0, 0, 0, 1, 1, 1] 517
[0, 0, 0, 1, 1, 1] 590
[0, 0, 0, 1, 1, 1] 702
[0, 0, 0, 1, 1, 1] 759
[0, 0, 0, 1, 1, 1] 781
[0, 0, 0, 1, 1, 1] 806
[0, 0, 0, 1, 1, 1] 841
[0, 0, 0, 1, 1, 1] 843
[0, 0, 0, 1, 1, 1] 853
[0, 0, 0, 1, 1, 1] 886
[0, 0, 0, 1, 1, 1] 976
[0, 0, 0, 0, 1, 1] 6
[0, 0, 0, 0, 1, 1] 33
[0, 0, 0, 0, 1, 1] 203
[0, 0, 0, 0, 1, 1] 319
[0, 0, 0, 0, 1, 1] 343
[0, 0, 0, 0, 1, 1] 347
[0, 0, 0, 0, 1, 1] 363
[0, 0, 0, 0, 1, 1] 517
[0, 0, 0, 0, 1, 1] 596
[0, 0, 0, 0, 1, 1] 634
[0, 0, 0, 0, 1, 1] 783
[0, 0, 0, 0, 1, 1] 803
[0, 0, 0, 0, 1, 1] 892
[0, 0, 0, 0, 1, 1] 937
[0, 0, 0, 0, 1, 1] 950
[0, 0, 0, 0, 1, 1] 980
[0, 0, 0, 0, 0, 1] 95
[0, 0, 0, 0, 0, 1] 108
[0, 0, 0, 0, 0, 1] 136
[0, 0, 0, 0, 0, 1] 149
[0, 0, 0, 0, 0, 1] 188
[0, 0, 0, 0, 0, 1] 190
[0, 0, 0, 0, 0, 1] 227
[0, 0, 0, 0, 0, 1] 313
[0, 0, 0, 0, 0, 1] 343
[0, 0, 0, 0, 0, 1] 537
[0, 0, 0, 0, 0, 1] 538
[0, 0, 0, 0, 0, 1] 549
[0, 0, 0, 0, 0, 1] 650
[0, 0, 0, 0, 0, 1] 685
[0, 0, 0, 0, 0, 1] 793
[0, 0, 0, 0, 0, 1] 825
[0, 0, 0, 0, 0, 1] 829
[0, 0, 0, 0, 0, 1] 832
[0, 0, 0, 0, 0, 1] 956
[0, 0, 0, 0, 0, 1] 976
[0, 0, 0, 0, 0, 1] 996
