VARIABLES 100
NB_OBJ 6
ITEMS
[1, 1, 1, 1, 1, 1] 82
[1, 1, 1, 1, 1, 1] 105
[1, 1, 1, 1, 1, 1] 117
[1, 1, 1, 1, 1, 1] 227
[1, 1, 1, 1, 1, 1] 230
[1, 1, 1, 1, 1, 1] 242
[1, 1, 1, 1, 1, 1] 364
[1, 1, 1, 1, 1, 1] 514
[1, 1, 1, 1, 1, 1] 520
[1, 1, 1, 1, 1, 1] 627
[1, 1, 1, 1, 1, 1] 644
[1, 1, 1, 1, 1, 1] 670
[1, 1, 1, 1, 1, 1] 739
[1, 1, 1, 1, 1, 1] 809
[1, 1, 1, 1, 1, 1] 943
[0, 1, 1, 1, 1, 1] 13
[0, 1, 1, 1, 1, 1] 25
[0, 1, 1, 1, 1, 1] 31
[0, 1, 1, 1, 1, 1] 189
[0, 1, 1, 1, 1, 1] 283
[0, 1, 1, 1, 1, 1] 296
[0, 1, 1, 1, 1, 1] 333
[0, 1, 1, 1, 1, 1] 344
[0, 1, 1, 1, 1, 1] 402
[0, 1, 1, 1, 1, 1] 436
[0, 1, 1, 1, 1, 1] 513
[0, 1, 1, 1, 1, 1] 548
[0, 1, 1, 1, 1, 1] 626
[0, 1, 1, 1, 1, 1] 785
[0, 1, 1, 1, 1, 1] 872
[0, 1, 1, 1, 1, 1] 985
[0, 1, 1, 1, 1, 1] 991
[0, 0, 1, 1, 1, 1] 52
[0, 0, 1, 1, 1, 1] 86
[0, 0, 1, 1, 1, 1] 125
[0, 0, 1, 1, 1, 1] 265
[0, 0, 1, 1, 1, 1] 266
[0, 0, 1, 1, 1, 1] 301
[0, 0, 1, 1, 1, 1] 325
[0, 0, 1, 1, 1, 1] 524
[0, 0, 1, 1, 1, 1] 568
[0, 0, 1, 1, 1, 1] 659
[0, 0, 1, 1, 1, 1] 681
[0, 0, 1, 1, 1, 1] 705
[0, 0, 1, 1, 1, 1] 733
[0, 0, 1, 1, 1, 1] 771
[0, 0, 1, 1, 1, 1] 781
[0, 0, 1, 1, 1, 1] 797
[0, 0, 1, 1, 1, 1] 818
[0, 0, 1, 1, 1, 1] 850
[0, 0, 1, 1, 1, 1] 880
[0, 0, 1, 1, 1, 1] 943
[0, 0, 1, 1, 1, 1] 967
[0, 0, 0, 1, 1, 1] 206
[0, 0, 0, 1, 1, 1] 279
[0, 0, 0, 1, 1, 1] 580
[0, 0, 0, 1, 1, 1] 610
[0, 0, 0, 1, 1, 1] 648
[0, 0, 0, 1, 1, 1] 716
[0, 0, 0, 1, 1, 1] 814
[0, 0, 0, 1, 1, 1] 843
[0, 0, 0, 1, 1, 1] 871
[0, 0, 0, 1, 1, 1] 916
[0, 0, 0, 1, 1, 1] 922
[0, 0, 0, 0, 1, 1] 25
[0, 0, 0, 0, 1, 1] 74
[0, 0, 0, 0, 1, 1] 96
[0, 0, 0, 0, 1, 1] 193
[0, 0, 0, 0, 1, 1] 208
[0, 0, 0, 0, 1, 1] 218
[0, 0, 0, 0, 1, 1] 277
[0, 0, 0, 0, 1, 1] 492
[0, 0, 0, 0, 1, 1] 502
[0, 0, 0, 0, 1, 1] 537
[0, 0, 0, 0, 1, 1] 550
[0, 0, 0, 0, 1, 1] 585
[0, 0, 0, 0, 1, 1] 679
[0, 0, 0, 0, 1, 1] 699
[0, 0, 0, 0, 1, 1] 700
[0, 0, 0, 0, 1, 1] 713
[0, 0, 0, 0, 1, 1] 732
[0, 0, 0, 0, 1, 1] 827
[0, 0, 0, 0, 1, 1] 841
[0, 0, 0, 0, 1, 1] 849
[0, 0, 0, 0, 1, 1] 860
[0, 0, 0, 0, 1, 1] 979
[0, 0, 0, 0, 0, 1] 37
[0, 0, 0, 0, 0, 1] 140
[0, 0, 0, 0, 0, 1] 199
[0, 0, 0, 0, 0, 1] 266
[0, 0, 0, 0, 0, 1] 305
[0, 0, 0, 0, 0, 1] 345
[0, 0, 0, 0, 0, 1] 413
[0, 0, 0, 0, 0, 1] 492
[0, 0, 0, 0, 0, 1] 540
[0, 0, 0, 0, 0, 1] 598
[0, 0, 0, 0, 0, 1] 662
[0, 0, 0, 0, 0, 1] 744
[0, 0, 0, 0, 0, 1] 790
[0, 0, 0, 0, 0, 1] 864
