165 191 191 229 207
169 188 198 219 228
187 185 206 201 207
181 179 192 202 233
155 184 202 198 230
179 179 205 209 218
164 165 208 217 207
156 193 205 200 206
158 189 202 189 209
165 189 185 199 226
191 187 185 233 235
176 188 187 197 219
182 167 199 213 231
169 181 224 211 226
191 177 208 215 225
192 199 181 213 237
219 182 196 201 234
204 210 213 180 233
218 211 174 192 225
202 219 187 178 233
192 213 178 187 227
173 225 192 210 207
192 206 182 214 220
183 212 173 213 219
188 207 184 194 221
188 244 181 199 223
177 237 204 198 197
186 230 202 211 195
183 228 232 180 230
156 233 208 213 203
177 250 215 212 189
169 232 209 176 216
168 240 200 188 211
171 230 201 205 210
168 206 203 181 216
153 250 248 213 216
193 230 243 180 221
150 211 195 204 222
155 212 207 208 213
166 229 193 197 221
155 221 205 218 216
203 192 179 182 211
203 189 192 197 211
215 192 189 197 193
212 185 189 204 210
200 199 197 235 198
196 185 210 222 203
184 189 167 235 203
179 173 212 198 204
189 197 210 198 175
189 203 208 217 184
184 203 211 210 197
181 197 203 212 191
200 194 200 198 187
199 209 181 219 216
209 215 196 204 200
190 207 201 215 196
176 208 195 210 203
181 199 207 210 199
185 204 197 218 199
198 213 197 217 196
182 205 187 219 200
174 192 185 182 204
171 214 216 184 200
186 217 205 204 195
179 225 220 203 196
192 224 203 206 195
189 218 205 194 193
197 241 238 193 197
201 206 215 181 207
181 212 210 202 202
192 212 220 188 201
174 237 240 204 196
204 224 224 173 207
185 216 189 185 198
172 225 220 228 191
177 218 230 215 199
174 220 216 210 189
166 209 216 224 204
173 199 226 232 201
181 216 200 226 202
164 225 212 206 194
176 216 223 218 193
172 208 202 216 203
173 213 213 219 197
212 176 190 222 216
199 169 193 210 205
209 184 221 226 193
186 200 184 221 245
182 212 176 220 242
153 205 210 225 251
