VARIABLES 100
NB_OBJ 10
ITEMS
[1, 1, 1, 1, 1, 1, 1, 1, 1, 1] 260
[1, 1, 1, 1, 1, 1, 1, 1, 1, 1] 328
[1, 1, 1, 1, 1, 1, 1, 1, 1, 1] 418
[1, 1, 1, 1, 1, 1, 1, 1, 1, 1] 481
[1, 1, 1, 1, 1, 1, 1, 1, 1, 1] 645
[1, 1, 1, 1, 1, 1, 1, 1, 1, 1] 647
[0, 1, 1, 1, 1, 1, 1, 1, 1, 1] 83
[0, 1, 1, 1, 1, 1, 1, 1, 1, 1] 272
[0, 1, 1, 1, 1, 1, 1, 1, 1, 1] 285
[0, 1, 1, 1, 1, 1, 1, 1, 1, 1] 326
[0, 1, 1, 1, 1, 1, 1, 1, 1, 1] 350
[0, 1, 1, 1, 1, 1, 1, 1, 1, 1] 589
[0, 1, 1, 1, 1, 1, 1, 1, 1, 1] 621
[0, 1, 1, 1, 1, 1, 1, 1, 1, 1] 635
[0, 1, 1, 1, 1, 1, 1, 1, 1, 1] 836
[0, 1, 1, 1, 1, 1, 1, 1, 1, 1] 870
[0, 0, 1, 1, 1, 1, 1, 1, 1, 1] 32
[0, 0, 1, 1, 1, 1, 1, 1, 1, 1] 65
[0, 0, 1, 1, 1, 1, 1, 1, 1, 1] 82
[0, 0, 1, 1, 1, 1, 1, 1, 1, 1] 186
[0, 0, 1, 1, 1, 1, 1, 1, 1, 1] 405
[0, 0, 1, 1, 1, 1, 1, 1, 1, 1] 680
[0, 0, 1, 1, 1, 1, 1, 1, 1, 1] 797
[0, 0, 1, 1, 1, 1, 1, 1, 1, 1] 833
[0, 0, 1, 1, 1, 1, 1, 1, 1, 1] 879
[0, 0, 0, 1, 1, 1, 1, 1, 1, 1] 270
[0, 0, 0, 1, 1, 1, 1, 1, 1, 1] 292
[0, 0, 0, 1, 1, 1, 1, 1, 1, 1] 498
[0, 0, 0, 1, 1, 1, 1, 1, 1, 1] 653
[0, 0, 0, 1, 1, 1, 1, 1, 1, 1] 676
[0, 0, 0, 1, 1, 1, 1, 1, 1, 1] 825
[0, 0, 0, 1, 1, 1, 1, 1, 1, 1] 897
[0, 0, 0, 1, 1, 1, 1, 1, 1, 1] 918
[0, 0, 0, 0, 1, 1, 1, 1, 1, 1] 141
[0, 0, 0, 0, 1, 1, 1, 1, 1, 1] 215
[0, 0, 0, 0, 1, 1, 1, 1, 1, 1] 273
[0, 0, 0, 0, 1, 1, 1, 1, 1, 1] 490
[0, 0, 0, 0, 1, 1, 1, 1, 1, 1] 595
[0, 0, 0, 0, 1, 1, 1, 1, 1, 1] 764
[0, 0, 0, 0, 1, 1, 1, 1, 1, 1] 791
[0, 0, 0, 0, 1, 1, 1, 1, 1, 1] 801
[0, 0, 0, 0, 1, 1, 1, 1, 1, 1] 813
[0, 0, 0, 0, 1, 1, 1, 1, 1, 1] 816
[0, 0, 0, 0, 1, 1, 1, 1, 1, 1] 836
[0, 0, 0, 0, 1, 1, 1, 1, 1, 1] 954
[0, 0, 0, 0, 0, 1, 1, 1, 1, 1] 38
[0, 0, 0, 0, 0, 1, 1, 1, 1, 1] 74
[0, 0, 0, 0, 0, 1, 1, 1, 1, 1] 76
[0, 0, 0, 0, 0, 1, 1, 1, 1, 1] 389
[0, 0, 0, 0, 0, 1, 1, 1, 1, 1] 406
[0, 0, 0, 0, 0, 1, 1, 1, 1, 1] 480
[0, 0, 0, 0, 0, 1, 1, 1, 1, 1] 542
[0, 0, 0, 0, 0, 1, 1, 1, 1, 1] 578
[0, 0, 0, 0, 0, 1, 1, 1, 1, 1] 740
[0, 0, 0, 0, 0, 1, 1, 1, 1, 1] 796
[0, 0, 0, 0, 0, 1, 1, 1, 1, 1] 826
[0, 0, 0, 0, 0, 1, 1, 1, 1, 1] 934
[0, 0, 0, 0, 0, 0, 1, 1, 1, 1] 2
[0, 0, 0, 0, 0, 0, 1, 1, 1, 1] 69
[0, 0, 0, 0, 0, 0, 1, 1, 1, 1] 103
[0, 0, 0, 0, 0, 0, 1, 1, 1, 1] 151
[0, 0, 0, 0, 0, 0, 1, 1, 1, 1] 250
[0, 0, 0, 0, 0, 0, 1, 1, 1, 1] 641
[0, 0, 0, 0, 0, 0, 1, 1, 1, 1] 658
[0, 0, 0, 0, 0, 0, 1, 1, 1, 1] 748
[0, 0, 0, 0, 0, 0, 1, 1, 1, 1] 755
[0, 0, 0, 0, 0, 0, 1, 1, 1, 1] 756
[0, 0, 0, 0, 0, 0, 1, 1, 1, 1] 802
[0, 0, 0, 0, 0, 0, 1, 1, 1, 1] 937
[0, 0, 0, 0, 0, 0, 1, 1, 1, 1] 956
[0, 0, 0, 0, 0, 0, 1, 1, 1, 1] 980
[0, 0, 0, 0, 0, 0, 0, 1, 1, 1] 141
[0, 0, 0, 0, 0, 0, 0, 1, 1, 1] 470
[0, 0, 0, 0, 0, 0, 0, 1, 1, 1] 493
[0, 0, 0, 0, 0, 0, 0, 1, 1, 1] 567
[0, 0, 0, 0, 0, 0, 0, 1, 1, 1] 637
[0, 0, 0, 0, 0, 0, 0, 1, 1, 1] 719
[0, 0, 0, 0, 0, 0, 0, 1, 1, 1] 727
[0, 0, 0, 0, 0, 0, 0, 1, 1, 1] 766
[0, 0, 0, 0, 0, 0, 0, 1, 1, 1] 769
[0, 0, 0, 0, 0, 0, 0, 1, 1, 1] 922
[0, 0, 0, 0, 0, 0, 0, 1, 1, 1] 946
[0, 0, 0, 0, 0, 0, 0, 1, 1, 1] 997
[0, 0, 0, 0, 0, 0, 0, 0, 1, 1] 12
[0, 0, 0, 0, 0, 0, 0, 0, 1, 1] 306
[0, 0, 0, 0, 0, 0, 0, 0, 1, 1] 359
[0, 0, 0, 0, 0, 0, 0, 0, 1, 1] 465
[0, 0, 0, 0, 0, 0, 0, 0, 1, 1] 551
[0, 0, 0, 0, 0, 0, 0, 0, 1, 1] 657
[0, 0, 0, 0, 0, 0, 0, 0, 1, 1] 675
[0, 0, 0, 0, 0, 0, 0, 0, 1, 1] 763
[0, 0, 0, 0, 0, 0, 0, 0, 1, 1] 838
[0, 0, 0, 0, 0, 0, 0, 0, 0, 1] 105
[0, 0, 0, 0, 0, 0, 0, 0, 0, 1] 241
[0, 0, 0, 0, 0, 0, 0, 0, 0, 1] 339
[0, 0, 0, 0, 0, 0, 0, 0, 0, 1] 471
[0, 0, 0, 0, 0, 0, 0, 0, 0, 1] 568
[0, 0, 0, 0, 0, 0, 0, 0, 0, 1] 698
[0, 0, 0, 0, 0, 0, 0, 0, 0, 1] 725
[0, 0, 0, 0, 0, 0, 0, 0, 0, 1] 888
