VARIABLES 100
NB_OBJ 10
ITEMS
[1, 1, 1, 1, 1, 1, 1, 1, 1, 1] 20
[1, 1, 1, 1, 1, 1, 1, 1, 1, 1] 56
[1, 1, 1, 1, 1, 1, 1, 1, 1, 1] 130
[1, 1, 1, 1, 1, 1, 1, 1, 1, 1] 228
[1, 1, 1, 1, 1, 1, 1, 1, 1, 1] 288
[1, 1, 1, 1, 1, 1, 1, 1, 1, 1] 332
[1, 1, 1, 1, 1, 1, 1, 1, 1, 1] 371
[1, 1, 1, 1, 1, 1, 1, 1, 1, 1] 372
[1, 1, 1, 1, 1, 1, 1, 1, 1, 1] 412
[1, 1, 1, 1, 1, 1, 1, 1, 1, 1] 441
[1, 1, 1, 1, 1, 1, 1, 1, 1, 1] 504
[1, 1, 1, 1, 1, 1, 1, 1, 1, 1] 581
[1, 1, 1, 1, 1, 1, 1, 1, 1, 1] 769
[1, 1, 1, 1, 1, 1, 1, 1, 1, 1] 810
[1, 1, 1, 1, 1, 1, 1, 1, 1, 1] 813
[0, 1, 1, 1, 1, 1, 1, 1, 1, 1] 15
[0, 1, 1, 1, 1, 1, 1, 1, 1, 1] 156
[0, 1, 1, 1, 1, 1, 1, 1, 1, 1] 366
[0, 1, 1, 1, 1, 1, 1, 1, 1, 1] 442
[0, 1, 1, 1, 1, 1, 1, 1, 1, 1] 525
[0, 1, 1, 1, 1, 1, 1, 1, 1, 1] 538
[0, 1, 1, 1, 1, 1, 1, 1, 1, 1] 632
[0, 1, 1, 1, 1, 1, 1, 1, 1, 1] 741
[0, 1, 1, 1, 1, 1, 1, 1, 1, 1] 800
[0, 1, 1, 1, 1, 1, 1, 1, 1, 1] 838
[0, 1, 1, 1, 1, 1, 1, 1, 1, 1] 913
[0, 0, 1, 1, 1, 1, 1, 1, 1, 1] 86
[0, 0, 1, 1, 1, 1, 1, 1, 1, 1] 204
[0, 0, 1, 1, 1, 1, 1, 1, 1, 1] 264
[0, 0, 1, 1, 1, 1, 1, 1, 1, 1] 345
[0, 0, 1, 1, 1, 1, 1, 1, 1, 1] 583
[0, 0, 1, 1, 1, 1, 1, 1, 1, 1] 710
[0, 0, 1, 1, 1, 1, 1, 1, 1, 1] 737
[0, 0, 1, 1, 1, 1, 1, 1, 1, 1] 849
[0, 0, 1, 1, 1, 1, 1, 1, 1, 1] 914
[0, 0, 1, 1, 1, 1, 1, 1, 1, 1] 931
[0, 0, 0, 1, 1, 1, 1, 1, 1, 1] 7
[0, 0, 0, 1, 1, 1, 1, 1, 1, 1] 20
[0, 0, 0, 1, 1, 1, 1, 1, 1, 1] 293
[0, 0, 0, 1, 1, 1, 1, 1, 1, 1] 411
[0, 0, 0, 1, 1, 1, 1, 1, 1, 1] 436
[0, 0, 0, 1, 1, 1, 1, 1, 1, 1] 723
[0, 0, 0, 1, 1, 1, 1, 1, 1, 1] 750
[0, 0, 0, 1, 1, 1, 1, 1, 1, 1] 832
[0, 0, 0, 1, 1, 1, 1, 1, 1, 1] 892
[0, 0, 0, 0, 1, 1, 1, 1, 1, 1] 120
[0, 0, 0, 0, 1, 1, 1, 1, 1, 1] 665
[0, 0, 0, 0, 1, 1, 1, 1, 1, 1] 695
[0, 0, 0, 0, 1, 1, 1, 1, 1, 1] 959
[0, 0, 0, 0, 0, 1, 1, 1, 1, 1] 88
[0, 0, 0, 0, 0, 1, 1, 1, 1, 1] 159
[0, 0, 0, 0, 0, 1, 1, 1, 1, 1] 182
[0, 0, 0, 0, 0, 1, 1, 1, 1, 1] 219
[0, 0, 0, 0, 0, 1, 1, 1, 1, 1] 278
[0, 0, 0, 0, 0, 1, 1, 1, 1, 1] 308
[0, 0, 0, 0, 0, 1, 1, 1, 1, 1] 309
[0, 0, 0, 0, 0, 1, 1, 1, 1, 1] 368
[0, 0, 0, 0, 0, 1, 1, 1, 1, 1] 415
[0, 0, 0, 0, 0, 1, 1, 1, 1, 1] 488
[0, 0, 0, 0, 0, 1, 1, 1, 1, 1] 612
[0, 0, 0, 0, 0, 1, 1, 1, 1, 1] 613
[0, 0, 0, 0, 0, 1, 1, 1, 1, 1] 798
[0, 0, 0, 0, 0, 0, 1, 1, 1, 1] 18
[0, 0, 0, 0, 0, 0, 1, 1, 1, 1] 28
[0, 0, 0, 0, 0, 0, 1, 1, 1, 1] 186
[0, 0, 0, 0, 0, 0, 1, 1, 1, 1] 205
[0, 0, 0, 0, 0, 0, 1, 1, 1, 1] 376
[0, 0, 0, 0, 0, 0, 1, 1, 1, 1] 421
[0, 0, 0, 0, 0, 0, 1, 1, 1, 1] 590
[0, 0, 0, 0, 0, 0, 1, 1, 1, 1] 715
[0, 0, 0, 0, 0, 0, 1, 1, 1, 1] 810
[0, 0, 0, 0, 0, 0, 1, 1, 1, 1] 911
[0, 0, 0, 0, 0, 0, 0, 1, 1, 1] 22
[0, 0, 0, 0, 0, 0, 0, 1, 1, 1] 40
[0, 0, 0, 0, 0, 0, 0, 1, 1, 1] 100
[0, 0, 0, 0, 0, 0, 0, 1, 1, 1] 168
[0, 0, 0, 0, 0, 0, 0, 1, 1, 1] 393
[0, 0, 0, 0, 0, 0, 0, 1, 1, 1] 439
[0, 0, 0, 0, 0, 0, 0, 1, 1, 1] 553
[0, 0, 0, 0, 0, 0, 0, 1, 1, 1] 641
[0, 0, 0, 0, 0, 0, 0, 1, 1, 1] 966
[0, 0, 0, 0, 0, 0, 0, 0, 1, 1] 145
[0, 0, 0, 0, 0, 0, 0, 0, 1, 1] 345
[0, 0, 0, 0, 0, 0, 0, 0, 1, 1] 493
[0, 0, 0, 0, 0, 0, 0, 0, 1, 1] 587
[0, 0, 0, 0, 0, 0, 0, 0, 1, 1] 595
[0, 0, 0, 0, 0, 0, 0, 0, 1, 1] 642
[0, 0, 0, 0, 0, 0, 0, 0, 1, 1] 825
[0, 0, 0, 0, 0, 0, 0, 0, 1, 1] 945
[0, 0, 0, 0, 0, 0, 0, 0, 0, 1] 68
[0, 0, 0, 0, 0, 0, 0, 0, 0, 1] 80
[0, 0, 0, 0, 0, 0, 0, 0, 0, 1] 202
[0, 0, 0, 0, 0, 0, 0, 0, 0, 1] 247
[0, 0, 0, 0, 0, 0, 0, 0, 0, 1] 325
[0, 0, 0, 0, 0, 0, 0, 0, 0, 1] 412
[0, 0, 0, 0, 0, 0, 0, 0, 0, 1] 460
[0, 0, 0, 0, 0, 0, 0, 0, 0, 1] 611
[0, 0, 0, 0, 0, 0, 0, 0, 0, 1] 937
[0, 0, 0, 0, 0, 0, 0, 0, 0, 1] 964
[0, 0, 0, 0, 0, 0, 0, 0, 0, 1] 985
