VARIABLES 100
NB_OBJ 4
ITEMS
[1, 1, 1, 1] 758
[1, 1, 1, 1] 790
[1, 1, 1, 1] 793
[1, 1, 1, 1] 795
[1, 1, 1, 1] 803
[1, 1, 1, 1] 805
[1, 1, 1, 1] 805
[1, 1, 1, 1] 843
[1, 1, 1, 1] 848
[1, 1, 1, 1] 849
[1, 1, 1, 1] 865
[1, 1, 1, 1] 903
[1, 1, 1, 1] 905
[1, 1, 1, 1] 906
[1, 1, 1, 1] 910
[1, 1, 1, 1] 915
[1, 1, 1, 1] 918
[1, 1, 1, 1] 929
[1, 1, 1, 1] 932
[1, 1, 1, 1] 935
[1, 1, 1, 1] 951
[1, 1, 1, 1] 960
[1, 1, 1, 1] 988
[1, 1, 1, 1] 989
[1, 1, 1, 1] 991
[1, 1, 1, 1] 992
[1, 1, 1, 1] 999
[0, 1, 1, 1] 503
[0, 1, 1, 1] 524
[0, 1, 1, 1] 533
[0, 1, 1, 1] 563
[0, 1, 1, 1] 567
[0, 1, 1, 1] 576
[0, 1, 1, 1] 587
[0, 1, 1, 1] 614
[0, 1, 1, 1] 644
[0, 1, 1, 1] 645
[0, 1, 1, 1] 672
[0, 1, 1, 1] 672
[0, 1, 1, 1] 723
[0, 1, 1, 1] 728
[0, 1, 1, 1] 733
[0, 1, 1, 1] 735
[0, 1, 1, 1] 745
[0, 0, 1, 1] 253
[0, 0, 1, 1] 276
[0, 0, 1, 1] 288
[0, 0, 1, 1] 288
[0, 0, 1, 1] 289
[0, 0, 1, 1] 291
[0, 0, 1, 1] 292
[0, 0, 1, 1] 295
[0, 0, 1, 1] 304
[0, 0, 1, 1] 306
[0, 0, 1, 1] 322
[0, 0, 1, 1] 357
[0, 0, 1, 1] 359
[0, 0, 1, 1] 360
[0, 0, 1, 1] 363
[0, 0, 1, 1] 372
[0, 0, 1, 1] 372
[0, 0, 1, 1] 376
[0, 0, 1, 1] 376
[0, 0, 1, 1] 396
[0, 0, 1, 1] 401
[0, 0, 1, 1] 408
[0, 0, 1, 1] 408
[0, 0, 1, 1] 449
[0, 0, 1, 1] 449
[0, 0, 1, 1] 456
[0, 0, 1, 1] 464
[0, 0, 1, 1] 469
[0, 0, 1, 1] 480
[0, 0, 1, 1] 491
[0, 0, 1, 1] 496
[0, 0, 1, 1] 499
[0, 0, 0, 1] 1
[0, 0, 0, 1] 43
[0, 0, 0, 1] 64
[0, 0, 0, 1] 65
[0, 0, 0, 1] 71
[0, 0, 0, 1] 71
[0, 0, 0, 1] 99
[0, 0, 0, 1] 128
[0, 0, 0, 1] 136
[0, 0, 0, 1] 154
[0, 0, 0, 1] 160
[0, 0, 0, 1] 166
[0, 0, 0, 1] 170
[0, 0, 0, 1] 173
[0, 0, 0, 1] 182
[0, 0, 0, 1] 192
[0, 0, 0, 1] 197
[0, 0, 0, 1] 208
[0, 0, 0, 1] 209
[0, 0, 0, 1] 209
[0, 0, 0, 1] 220
[0, 0, 0, 1] 236
[0, 0, 0, 1] 236
[0, 0, 0, 1] 238
