VARIABLES 100
NB_OBJ 4
ITEMS
[1, 1, 1, 1] 753
[1, 1, 1, 1] 759
[1, 1, 1, 1] 766
[1, 1, 1, 1] 778
[1, 1, 1, 1] 789
[1, 1, 1, 1] 790
[1, 1, 1, 1] 794
[1, 1, 1, 1] 800
[1, 1, 1, 1] 804
[1, 1, 1, 1] 811
[1, 1, 1, 1] 822
[1, 1, 1, 1] 833
[1, 1, 1, 1] 839
[1, 1, 1, 1] 841
[1, 1, 1, 1] 858
[1, 1, 1, 1] 884
[1, 1, 1, 1] 922
[1, 1, 1, 1] 934
[1, 1, 1, 1] 936
[1, 1, 1, 1] 936
[1, 1, 1, 1] 940
[1, 1, 1, 1] 946
[1, 1, 1, 1] 957
[1, 1, 1, 1] 958
[1, 1, 1, 1] 965
[1, 1, 1, 1] 968
[1, 1, 1, 1] 975
[1, 1, 1, 1] 979
[1, 1, 1, 1] 993
[1, 1, 1, 1] 999
[0, 1, 1, 1] 520
[0, 1, 1, 1] 530
[0, 1, 1, 1] 543
[0, 1, 1, 1] 546
[0, 1, 1, 1] 553
[0, 1, 1, 1] 560
[0, 1, 1, 1] 573
[0, 1, 1, 1] 576
[0, 1, 1, 1] 581
[0, 1, 1, 1] 592
[0, 1, 1, 1] 594
[0, 1, 1, 1] 612
[0, 1, 1, 1] 621
[0, 1, 1, 1] 621
[0, 1, 1, 1] 633
[0, 1, 1, 1] 636
[0, 1, 1, 1] 670
[0, 1, 1, 1] 673
[0, 1, 1, 1] 675
[0, 1, 1, 1] 675
[0, 1, 1, 1] 685
[0, 1, 1, 1] 696
[0, 1, 1, 1] 714
[0, 1, 1, 1] 738
[0, 0, 1, 1] 256
[0, 0, 1, 1] 273
[0, 0, 1, 1] 281
[0, 0, 1, 1] 285
[0, 0, 1, 1] 290
[0, 0, 1, 1] 296
[0, 0, 1, 1] 297
[0, 0, 1, 1] 298
[0, 0, 1, 1] 312
[0, 0, 1, 1] 314
[0, 0, 1, 1] 326
[0, 0, 1, 1] 342
[0, 0, 1, 1] 347
[0, 0, 1, 1] 351
[0, 0, 1, 1] 383
[0, 0, 1, 1] 392
[0, 0, 1, 1] 397
[0, 0, 1, 1] 419
[0, 0, 1, 1] 419
[0, 0, 1, 1] 430
[0, 0, 1, 1] 442
[0, 0, 1, 1] 463
[0, 0, 1, 1] 465
[0, 0, 1, 1] 477
[0, 0, 0, 1] 11
[0, 0, 0, 1] 12
[0, 0, 0, 1] 21
[0, 0, 0, 1] 27
[0, 0, 0, 1] 34
[0, 0, 0, 1] 41
[0, 0, 0, 1] 51
[0, 0, 0, 1] 71
[0, 0, 0, 1] 73
[0, 0, 0, 1] 77
[0, 0, 0, 1] 93
[0, 0, 0, 1] 99
[0, 0, 0, 1] 122
[0, 0, 0, 1] 138
[0, 0, 0, 1] 138
[0, 0, 0, 1] 139
[0, 0, 0, 1] 140
[0, 0, 0, 1] 141
[0, 0, 0, 1] 180
[0, 0, 0, 1] 181
[0, 0, 0, 1] 209
[0, 0, 0, 1] 249
