VARIABLES 100
NB_OBJ 4
ITEMS
[1, 1, 1, 1] 750
[1, 1, 1, 1] 752
[1, 1, 1, 1] 755
[1, 1, 1, 1] 759
[1, 1, 1, 1] 762
[1, 1, 1, 1] 766
[1, 1, 1, 1] 774
[1, 1, 1, 1] 776
[1, 1, 1, 1] 843
[1, 1, 1, 1] 843
[1, 1, 1, 1] 861
[1, 1, 1, 1] 864
[1, 1, 1, 1] 868
[1, 1, 1, 1] 879
[1, 1, 1, 1] 883
[1, 1, 1, 1] 913
[1, 1, 1, 1] 921
[1, 1, 1, 1] 930
[1, 1, 1, 1] 948
[1, 1, 1, 1] 951
[1, 1, 1, 1] 959
[1, 1, 1, 1] 975
[1, 1, 1, 1] 978
[1, 1, 1, 1] 990
[0, 1, 1, 1] 501
[0, 1, 1, 1] 508
[0, 1, 1, 1] 514
[0, 1, 1, 1] 547
[0, 1, 1, 1] 562
[0, 1, 1, 1] 570
[0, 1, 1, 1] 577
[0, 1, 1, 1] 581
[0, 1, 1, 1] 581
[0, 1, 1, 1] 588
[0, 1, 1, 1] 604
[0, 1, 1, 1] 661
[0, 1, 1, 1] 679
[0, 1, 1, 1] 689
[0, 1, 1, 1] 701
[0, 1, 1, 1] 704
[0, 1, 1, 1] 707
[0, 1, 1, 1] 715
[0, 1, 1, 1] 734
[0, 1, 1, 1] 749
[0, 0, 1, 1] 256
[0, 0, 1, 1] 274
[0, 0, 1, 1] 281
[0, 0, 1, 1] 287
[0, 0, 1, 1] 291
[0, 0, 1, 1] 293
[0, 0, 1, 1] 296
[0, 0, 1, 1] 314
[0, 0, 1, 1] 316
[0, 0, 1, 1] 316
[0, 0, 1, 1] 318
[0, 0, 1, 1] 319
[0, 0, 1, 1] 320
[0, 0, 1, 1] 334
[0, 0, 1, 1] 346
[0, 0, 1, 1] 361
[0, 0, 1, 1] 390
[0, 0, 1, 1] 400
[0, 0, 1, 1] 414
[0, 0, 1, 1] 415
[0, 0, 1, 1] 422
[0, 0, 1, 1] 428
[0, 0, 1, 1] 452
[0, 0, 1, 1] 456
[0, 0, 1, 1] 467
[0, 0, 1, 1] 472
[0, 0, 1, 1] 480
[0, 0, 1, 1] 484
[0, 0, 0, 1] 4
[0, 0, 0, 1] 14
[0, 0, 0, 1] 21
[0, 0, 0, 1] 29
[0, 0, 0, 1] 30
[0, 0, 0, 1] 36
[0, 0, 0, 1] 44
[0, 0, 0, 1] 44
[0, 0, 0, 1] 52
[0, 0, 0, 1] 53
[0, 0, 0, 1] 59
[0, 0, 0, 1] 63
[0, 0, 0, 1] 84
[0, 0, 0, 1] 85
[0, 0, 0, 1] 87
[0, 0, 0, 1] 95
[0, 0, 0, 1] 98
[0, 0, 0, 1] 117
[0, 0, 0, 1] 130
[0, 0, 0, 1] 136
[0, 0, 0, 1] 146
[0, 0, 0, 1] 147
[0, 0, 0, 1] 160
[0, 0, 0, 1] 170
[0, 0, 0, 1] 175
[0, 0, 0, 1] 219
[0, 0, 0, 1] 221
[0, 0, 0, 1] 224
