VARIABLES 100
NB_OBJ 4
ITEMS
[1, 1, 1, 1] 789
[1, 1, 1, 1] 794
[1, 1, 1, 1] 803
[1, 1, 1, 1] 818
[1, 1, 1, 1] 819
[1, 1, 1, 1] 826
[1, 1, 1, 1] 838
[1, 1, 1, 1] 843
[1, 1, 1, 1] 851
[1, 1, 1, 1] 855
[1, 1, 1, 1] 860
[1, 1, 1, 1] 861
[1, 1, 1, 1] 873
[1, 1, 1, 1] 885
[1, 1, 1, 1] 886
[1, 1, 1, 1] 892
[1, 1, 1, 1] 933
[1, 1, 1, 1] 957
[1, 1, 1, 1] 964
[1, 1, 1, 1] 964
[1, 1, 1, 1] 982
[1, 1, 1, 1] 988
[1, 1, 1, 1] 989
[1, 1, 1, 1] 990
[1, 1, 1, 1] 996
[1, 1, 1, 1] 997
[0, 1, 1, 1] 528
[0, 1, 1, 1] 541
[0, 1, 1, 1] 544
[0, 1, 1, 1] 548
[0, 1, 1, 1] 561
[0, 1, 1, 1] 561
[0, 1, 1, 1] 565
[0, 1, 1, 1] 570
[0, 1, 1, 1] 584
[0, 1, 1, 1] 636
[0, 1, 1, 1] 637
[0, 1, 1, 1] 649
[0, 1, 1, 1] 649
[0, 1, 1, 1] 688
[0, 1, 1, 1] 712
[0, 1, 1, 1] 714
[0, 1, 1, 1] 728
[0, 1, 1, 1] 731
[0, 1, 1, 1] 740
[0, 1, 1, 1] 750
[0, 0, 1, 1] 263
[0, 0, 1, 1] 263
[0, 0, 1, 1] 272
[0, 0, 1, 1] 276
[0, 0, 1, 1] 290
[0, 0, 1, 1] 295
[0, 0, 1, 1] 308
[0, 0, 1, 1] 313
[0, 0, 1, 1] 319
[0, 0, 1, 1] 326
[0, 0, 1, 1] 359
[0, 0, 1, 1] 392
[0, 0, 1, 1] 402
[0, 0, 1, 1] 405
[0, 0, 1, 1] 409
[0, 0, 1, 1] 438
[0, 0, 1, 1] 450
[0, 0, 1, 1] 459
[0, 0, 1, 1] 475
[0, 0, 1, 1] 478
[0, 0, 0, 1] 3
[0, 0, 0, 1] 9
[0, 0, 0, 1] 26
[0, 0, 0, 1] 36
[0, 0, 0, 1] 37
[0, 0, 0, 1] 54
[0, 0, 0, 1] 71
[0, 0, 0, 1] 77
[0, 0, 0, 1] 84
[0, 0, 0, 1] 85
[0, 0, 0, 1] 87
[0, 0, 0, 1] 97
[0, 0, 0, 1] 104
[0, 0, 0, 1] 130
[0, 0, 0, 1] 134
[0, 0, 0, 1] 135
[0, 0, 0, 1] 145
[0, 0, 0, 1] 148
[0, 0, 0, 1] 155
[0, 0, 0, 1] 160
[0, 0, 0, 1] 164
[0, 0, 0, 1] 168
[0, 0, 0, 1] 170
[0, 0, 0, 1] 176
[0, 0, 0, 1] 183
[0, 0, 0, 1] 184
[0, 0, 0, 1] 191
[0, 0, 0, 1] 210
[0, 0, 0, 1] 238
[0, 0, 0, 1] 239
[0, 0, 0, 1] 243
[0, 0, 0, 1] 244
[0, 0, 0, 1] 245
[0, 0, 0, 1] 246
