VARIABLES 100
NB_OBJ 4
ITEMS
[1, 1, 1, 1] 770
[1, 1, 1, 1] 773
[1, 1, 1, 1] 775
[1, 1, 1, 1] 775
[1, 1, 1, 1] 776
[1, 1, 1, 1] 845
[1, 1, 1, 1] 847
[1, 1, 1, 1] 849
[1, 1, 1, 1] 851
[1, 1, 1, 1] 880
[1, 1, 1, 1] 883
[1, 1, 1, 1] 897
[1, 1, 1, 1] 900
[1, 1, 1, 1] 904
[1, 1, 1, 1] 915
[1, 1, 1, 1] 916
[1, 1, 1, 1] 918
[1, 1, 1, 1] 936
[1, 1, 1, 1] 940
[1, 1, 1, 1] 952
[1, 1, 1, 1] 952
[1, 1, 1, 1] 960
[1, 1, 1, 1] 962
[1, 1, 1, 1] 968
[1, 1, 1, 1] 985
[1, 1, 1, 1] 986
[1, 1, 1, 1] 988
[1, 1, 1, 1] 989
[1, 1, 1, 1] 997
[0, 1, 1, 1] 500
[0, 1, 1, 1] 532
[0, 1, 1, 1] 542
[0, 1, 1, 1] 548
[0, 1, 1, 1] 552
[0, 1, 1, 1] 558
[0, 1, 1, 1] 560
[0, 1, 1, 1] 561
[0, 1, 1, 1] 593
[0, 1, 1, 1] 599
[0, 1, 1, 1] 604
[0, 1, 1, 1] 608
[0, 1, 1, 1] 609
[0, 1, 1, 1] 610
[0, 1, 1, 1] 612
[0, 1, 1, 1] 615
[0, 1, 1, 1] 623
[0, 1, 1, 1] 627
[0, 1, 1, 1] 627
[0, 1, 1, 1] 640
[0, 1, 1, 1] 648
[0, 1, 1, 1] 649
[0, 1, 1, 1] 650
[0, 1, 1, 1] 666
[0, 1, 1, 1] 667
[0, 1, 1, 1] 685
[0, 1, 1, 1] 695
[0, 1, 1, 1] 703
[0, 1, 1, 1] 704
[0, 1, 1, 1] 713
[0, 1, 1, 1] 738
[0, 0, 1, 1] 256
[0, 0, 1, 1] 256
[0, 0, 1, 1] 271
[0, 0, 1, 1] 319
[0, 0, 1, 1] 332
[0, 0, 1, 1] 332
[0, 0, 1, 1] 333
[0, 0, 1, 1] 346
[0, 0, 1, 1] 349
[0, 0, 1, 1] 367
[0, 0, 1, 1] 369
[0, 0, 1, 1] 383
[0, 0, 1, 1] 433
[0, 0, 1, 1] 434
[0, 0, 1, 1] 440
[0, 0, 1, 1] 448
[0, 0, 1, 1] 454
[0, 0, 1, 1] 460
[0, 0, 1, 1] 466
[0, 0, 0, 1] 4
[0, 0, 0, 1] 7
[0, 0, 0, 1] 31
[0, 0, 0, 1] 66
[0, 0, 0, 1] 69
[0, 0, 0, 1] 75
[0, 0, 0, 1] 98
[0, 0, 0, 1] 105
[0, 0, 0, 1] 166
[0, 0, 0, 1] 187
[0, 0, 0, 1] 198
[0, 0, 0, 1] 199
[0, 0, 0, 1] 199
[0, 0, 0, 1] 201
[0, 0, 0, 1] 204
[0, 0, 0, 1] 206
[0, 0, 0, 1] 206
[0, 0, 0, 1] 216
[0, 0, 0, 1] 230
[0, 0, 0, 1] 237
[0, 0, 0, 1] 244
