VARIABLES 100
NB_OBJ 4
ITEMS
[1, 1, 1, 1] 756
[1, 1, 1, 1] 759
[1, 1, 1, 1] 772
[1, 1, 1, 1] 794
[1, 1, 1, 1] 808
[1, 1, 1, 1] 824
[1, 1, 1, 1] 833
[1, 1, 1, 1] 845
[1, 1, 1, 1] 851
[1, 1, 1, 1] 860
[1, 1, 1, 1] 864
[1, 1, 1, 1] 872
[1, 1, 1, 1] 875
[1, 1, 1, 1] 879
[1, 1, 1, 1] 890
[1, 1, 1, 1] 895
[1, 1, 1, 1] 911
[1, 1, 1, 1] 918
[1, 1, 1, 1] 921
[1, 1, 1, 1] 928
[1, 1, 1, 1] 942
[1, 1, 1, 1] 945
[1, 1, 1, 1] 973
[1, 1, 1, 1] 975
[1, 1, 1, 1] 979
[1, 1, 1, 1] 980
[1, 1, 1, 1] 988
[1, 1, 1, 1] 1000
[0, 1, 1, 1] 504
[0, 1, 1, 1] 506
[0, 1, 1, 1] 511
[0, 1, 1, 1] 517
[0, 1, 1, 1] 535
[0, 1, 1, 1] 537
[0, 1, 1, 1] 577
[0, 1, 1, 1] 586
[0, 1, 1, 1] 597
[0, 1, 1, 1] 635
[0, 1, 1, 1] 637
[0, 1, 1, 1] 637
[0, 1, 1, 1] 648
[0, 1, 1, 1] 655
[0, 1, 1, 1] 678
[0, 1, 1, 1] 689
[0, 1, 1, 1] 691
[0, 1, 1, 1] 697
[0, 1, 1, 1] 704
[0, 1, 1, 1] 711
[0, 1, 1, 1] 715
[0, 1, 1, 1] 719
[0, 1, 1, 1] 725
[0, 1, 1, 1] 731
[0, 1, 1, 1] 731
[0, 1, 1, 1] 732
[0, 1, 1, 1] 743
[0, 1, 1, 1] 745
[0, 0, 1, 1] 252
[0, 0, 1, 1] 264
[0, 0, 1, 1] 271
[0, 0, 1, 1] 284
[0, 0, 1, 1] 285
[0, 0, 1, 1] 293
[0, 0, 1, 1] 296
[0, 0, 1, 1] 314
[0, 0, 1, 1] 321
[0, 0, 1, 1] 336
[0, 0, 1, 1] 353
[0, 0, 1, 1] 367
[0, 0, 1, 1] 367
[0, 0, 1, 1] 375
[0, 0, 1, 1] 392
[0, 0, 1, 1] 408
[0, 0, 1, 1] 412
[0, 0, 1, 1] 412
[0, 0, 1, 1] 429
[0, 0, 1, 1] 431
[0, 0, 1, 1] 451
[0, 0, 1, 1] 457
[0, 0, 1, 1] 474
[0, 0, 1, 1] 483
[0, 0, 1, 1] 487
[0, 0, 1, 1] 491
[0, 0, 1, 1] 493
[0, 0, 1, 1] 494
[0, 0, 1, 1] 496
[0, 0, 0, 1] 4
[0, 0, 0, 1] 21
[0, 0, 0, 1] 25
[0, 0, 0, 1] 26
[0, 0, 0, 1] 30
[0, 0, 0, 1] 36
[0, 0, 0, 1] 58
[0, 0, 0, 1] 58
[0, 0, 0, 1] 79
[0, 0, 0, 1] 82
[0, 0, 0, 1] 87
[0, 0, 0, 1] 133
[0, 0, 0, 1] 138
[0, 0, 0, 1] 212
[0, 0, 0, 1] 233
