VARIABLES 100
NB_OBJ 4
ITEMS
[1, 1, 1, 1] 759
[1, 1, 1, 1] 765
[1, 1, 1, 1] 772
[1, 1, 1, 1] 787
[1, 1, 1, 1] 793
[1, 1, 1, 1] 798
[1, 1, 1, 1] 808
[1, 1, 1, 1] 839
[1, 1, 1, 1] 840
[1, 1, 1, 1] 848
[1, 1, 1, 1] 850
[1, 1, 1, 1] 854
[1, 1, 1, 1] 861
[1, 1, 1, 1] 862
[1, 1, 1, 1] 870
[1, 1, 1, 1] 876
[1, 1, 1, 1] 881
[1, 1, 1, 1] 886
[1, 1, 1, 1] 888
[1, 1, 1, 1] 888
[1, 1, 1, 1] 894
[1, 1, 1, 1] 894
[1, 1, 1, 1] 905
[1, 1, 1, 1] 923
[1, 1, 1, 1] 926
[1, 1, 1, 1] 927
[1, 1, 1, 1] 933
[1, 1, 1, 1] 948
[1, 1, 1, 1] 950
[1, 1, 1, 1] 955
[1, 1, 1, 1] 963
[1, 1, 1, 1] 972
[1, 1, 1, 1] 985
[1, 1, 1, 1] 987
[1, 1, 1, 1] 1000
[0, 1, 1, 1] 517
[0, 1, 1, 1] 523
[0, 1, 1, 1] 524
[0, 1, 1, 1] 528
[0, 1, 1, 1] 536
[0, 1, 1, 1] 542
[0, 1, 1, 1] 582
[0, 1, 1, 1] 598
[0, 1, 1, 1] 599
[0, 1, 1, 1] 630
[0, 1, 1, 1] 632
[0, 1, 1, 1] 635
[0, 1, 1, 1] 643
[0, 1, 1, 1] 649
[0, 1, 1, 1] 652
[0, 1, 1, 1] 664
[0, 1, 1, 1] 678
[0, 1, 1, 1] 684
[0, 1, 1, 1] 691
[0, 1, 1, 1] 694
[0, 1, 1, 1] 722
[0, 1, 1, 1] 731
[0, 1, 1, 1] 741
[0, 0, 1, 1] 265
[0, 0, 1, 1] 334
[0, 0, 1, 1] 336
[0, 0, 1, 1] 338
[0, 0, 1, 1] 344
[0, 0, 1, 1] 346
[0, 0, 1, 1] 359
[0, 0, 1, 1] 377
[0, 0, 1, 1] 393
[0, 0, 1, 1] 396
[0, 0, 1, 1] 398
[0, 0, 1, 1] 401
[0, 0, 1, 1] 401
[0, 0, 1, 1] 411
[0, 0, 1, 1] 421
[0, 0, 1, 1] 427
[0, 0, 1, 1] 449
[0, 0, 1, 1] 466
[0, 0, 0, 1] 3
[0, 0, 0, 1] 23
[0, 0, 0, 1] 29
[0, 0, 0, 1] 36
[0, 0, 0, 1] 37
[0, 0, 0, 1] 38
[0, 0, 0, 1] 71
[0, 0, 0, 1] 97
[0, 0, 0, 1] 104
[0, 0, 0, 1] 110
[0, 0, 0, 1] 132
[0, 0, 0, 1] 142
[0, 0, 0, 1] 169
[0, 0, 0, 1] 178
[0, 0, 0, 1] 187
[0, 0, 0, 1] 190
[0, 0, 0, 1] 195
[0, 0, 0, 1] 199
[0, 0, 0, 1] 201
[0, 0, 0, 1] 206
[0, 0, 0, 1] 207
[0, 0, 0, 1] 208
[0, 0, 0, 1] 227
[0, 0, 0, 1] 237
