VARIABLES 100
NB_OBJ 4
ITEMS
[1, 1, 1, 1] 756
[1, 1, 1, 1] 763
[1, 1, 1, 1] 770
[1, 1, 1, 1] 772
[1, 1, 1, 1] 776
[1, 1, 1, 1] 784
[1, 1, 1, 1] 796
[1, 1, 1, 1] 798
[1, 1, 1, 1] 805
[1, 1, 1, 1] 805
[1, 1, 1, 1] 812
[1, 1, 1, 1] 812
[1, 1, 1, 1] 816
[1, 1, 1, 1] 836
[1, 1, 1, 1] 839
[1, 1, 1, 1] 859
[1, 1, 1, 1] 877
[1, 1, 1, 1] 915
[1, 1, 1, 1] 916
[1, 1, 1, 1] 927
[1, 1, 1, 1] 933
[1, 1, 1, 1] 993
[1, 1, 1, 1] 997
[0, 1, 1, 1] 502
[0, 1, 1, 1] 505
[0, 1, 1, 1] 505
[0, 1, 1, 1] 521
[0, 1, 1, 1] 536
[0, 1, 1, 1] 543
[0, 1, 1, 1] 553
[0, 1, 1, 1] 574
[0, 1, 1, 1] 595
[0, 1, 1, 1] 609
[0, 1, 1, 1] 617
[0, 1, 1, 1] 619
[0, 1, 1, 1] 647
[0, 1, 1, 1] 661
[0, 1, 1, 1] 675
[0, 1, 1, 1] 691
[0, 1, 1, 1] 697
[0, 1, 1, 1] 699
[0, 1, 1, 1] 707
[0, 1, 1, 1] 711
[0, 1, 1, 1] 712
[0, 1, 1, 1] 727
[0, 0, 1, 1] 260
[0, 0, 1, 1] 264
[0, 0, 1, 1] 265
[0, 0, 1, 1] 283
[0, 0, 1, 1] 285
[0, 0, 1, 1] 291
[0, 0, 1, 1] 304
[0, 0, 1, 1] 323
[0, 0, 1, 1] 326
[0, 0, 1, 1] 336
[0, 0, 1, 1] 345
[0, 0, 1, 1] 346
[0, 0, 1, 1] 354
[0, 0, 1, 1] 356
[0, 0, 1, 1] 360
[0, 0, 1, 1] 362
[0, 0, 1, 1] 368
[0, 0, 1, 1] 387
[0, 0, 1, 1] 391
[0, 0, 1, 1] 430
[0, 0, 1, 1] 430
[0, 0, 1, 1] 437
[0, 0, 1, 1] 452
[0, 0, 1, 1] 458
[0, 0, 1, 1] 495
[0, 0, 0, 1] 2
[0, 0, 0, 1] 19
[0, 0, 0, 1] 30
[0, 0, 0, 1] 34
[0, 0, 0, 1] 42
[0, 0, 0, 1] 62
[0, 0, 0, 1] 63
[0, 0, 0, 1] 85
[0, 0, 0, 1] 88
[0, 0, 0, 1] 89
[0, 0, 0, 1] 113
[0, 0, 0, 1] 124
[0, 0, 0, 1] 128
[0, 0, 0, 1] 129
[0, 0, 0, 1] 156
[0, 0, 0, 1] 157
[0, 0, 0, 1] 161
[0, 0, 0, 1] 162
[0, 0, 0, 1] 193
[0, 0, 0, 1] 204
[0, 0, 0, 1] 207
[0, 0, 0, 1] 210
[0, 0, 0, 1] 214
[0, 0, 0, 1] 217
[0, 0, 0, 1] 220
[0, 0, 0, 1] 223
[0, 0, 0, 1] 227
[0, 0, 0, 1] 231
[0, 0, 0, 1] 244
[0, 0, 0, 1] 245
