VARIABLES 100
NB_OBJ 4
ITEMS
[1, 1, 1, 1] 785
[1, 1, 1, 1] 815
[1, 1, 1, 1] 818
[1, 1, 1, 1] 831
[1, 1, 1, 1] 840
[1, 1, 1, 1] 848
[1, 1, 1, 1] 856
[1, 1, 1, 1] 865
[1, 1, 1, 1] 875
[1, 1, 1, 1] 876
[1, 1, 1, 1] 880
[1, 1, 1, 1] 885
[1, 1, 1, 1] 909
[1, 1, 1, 1] 913
[1, 1, 1, 1] 920
[1, 1, 1, 1] 927
[1, 1, 1, 1] 953
[1, 1, 1, 1] 964
[1, 1, 1, 1] 972
[1, 1, 1, 1] 980
[1, 1, 1, 1] 988
[1, 1, 1, 1] 992
[1, 1, 1, 1] 992
[1, 1, 1, 1] 996
[0, 1, 1, 1] 527
[0, 1, 1, 1] 545
[0, 1, 1, 1] 559
[0, 1, 1, 1] 567
[0, 1, 1, 1] 573
[0, 1, 1, 1] 576
[0, 1, 1, 1] 580
[0, 1, 1, 1] 589
[0, 1, 1, 1] 612
[0, 1, 1, 1] 619
[0, 1, 1, 1] 634
[0, 1, 1, 1] 644
[0, 1, 1, 1] 661
[0, 1, 1, 1] 677
[0, 1, 1, 1] 679
[0, 1, 1, 1] 687
[0, 1, 1, 1] 721
[0, 1, 1, 1] 723
[0, 1, 1, 1] 736
[0, 1, 1, 1] 742
[0, 1, 1, 1] 750
[0, 0, 1, 1] 250
[0, 0, 1, 1] 269
[0, 0, 1, 1] 275
[0, 0, 1, 1] 276
[0, 0, 1, 1] 285
[0, 0, 1, 1] 288
[0, 0, 1, 1] 311
[0, 0, 1, 1] 317
[0, 0, 1, 1] 321
[0, 0, 1, 1] 322
[0, 0, 1, 1] 323
[0, 0, 1, 1] 329
[0, 0, 1, 1] 338
[0, 0, 1, 1] 342
[0, 0, 1, 1] 345
[0, 0, 1, 1] 360
[0, 0, 1, 1] 367
[0, 0, 1, 1] 401
[0, 0, 1, 1] 402
[0, 0, 1, 1] 403
[0, 0, 1, 1] 411
[0, 0, 1, 1] 422
[0, 0, 1, 1] 423
[0, 0, 1, 1] 429
[0, 0, 1, 1] 467
[0, 0, 1, 1] 472
[0, 0, 1, 1] 495
[0, 0, 1, 1] 499
[0, 0, 0, 1] 20
[0, 0, 0, 1] 32
[0, 0, 0, 1] 39
[0, 0, 0, 1] 40
[0, 0, 0, 1] 41
[0, 0, 0, 1] 64
[0, 0, 0, 1] 65
[0, 0, 0, 1] 79
[0, 0, 0, 1] 88
[0, 0, 0, 1] 97
[0, 0, 0, 1] 98
[0, 0, 0, 1] 108
[0, 0, 0, 1] 131
[0, 0, 0, 1] 142
[0, 0, 0, 1] 144
[0, 0, 0, 1] 149
[0, 0, 0, 1] 157
[0, 0, 0, 1] 175
[0, 0, 0, 1] 182
[0, 0, 0, 1] 188
[0, 0, 0, 1] 191
[0, 0, 0, 1] 194
[0, 0, 0, 1] 202
[0, 0, 0, 1] 208
[0, 0, 0, 1] 220
[0, 0, 0, 1] 223
[0, 0, 0, 1] 243
