VARIABLES 100
NB_OBJ 4
ITEMS
[1, 1, 1, 1] 755
[1, 1, 1, 1] 761
[1, 1, 1, 1] 761
[1, 1, 1, 1] 769
[1, 1, 1, 1] 782
[1, 1, 1, 1] 786
[1, 1, 1, 1] 787
[1, 1, 1, 1] 788
[1, 1, 1, 1] 795
[1, 1, 1, 1] 802
[1, 1, 1, 1] 812
[1, 1, 1, 1] 813
[1, 1, 1, 1] 820
[1, 1, 1, 1] 821
[1, 1, 1, 1] 826
[1, 1, 1, 1] 836
[1, 1, 1, 1] 842
[1, 1, 1, 1] 876
[1, 1, 1, 1] 878
[1, 1, 1, 1] 909
[1, 1, 1, 1] 911
[1, 1, 1, 1] 923
[1, 1, 1, 1] 928
[1, 1, 1, 1] 932
[1, 1, 1, 1] 935
[1, 1, 1, 1] 936
[1, 1, 1, 1] 938
[1, 1, 1, 1] 967
[1, 1, 1, 1] 979
[1, 1, 1, 1] 985
[1, 1, 1, 1] 1000
[0, 1, 1, 1] 520
[0, 1, 1, 1] 521
[0, 1, 1, 1] 522
[0, 1, 1, 1] 527
[0, 1, 1, 1] 564
[0, 1, 1, 1] 569
[0, 1, 1, 1] 572
[0, 1, 1, 1] 575
[0, 1, 1, 1] 594
[0, 1, 1, 1] 597
[0, 1, 1, 1] 599
[0, 1, 1, 1] 606
[0, 1, 1, 1] 614
[0, 1, 1, 1] 623
[0, 1, 1, 1] 631
[0, 1, 1, 1] 633
[0, 1, 1, 1] 643
[0, 1, 1, 1] 660
[0, 1, 1, 1] 663
[0, 1, 1, 1] 686
[0, 1, 1, 1] 701
[0, 1, 1, 1] 712
[0, 1, 1, 1] 733
[0, 1, 1, 1] 734
[0, 0, 1, 1] 251
[0, 0, 1, 1] 253
[0, 0, 1, 1] 274
[0, 0, 1, 1] 279
[0, 0, 1, 1] 299
[0, 0, 1, 1] 306
[0, 0, 1, 1] 322
[0, 0, 1, 1] 331
[0, 0, 1, 1] 358
[0, 0, 1, 1] 359
[0, 0, 1, 1] 359
[0, 0, 1, 1] 361
[0, 0, 1, 1] 369
[0, 0, 1, 1] 372
[0, 0, 1, 1] 373
[0, 0, 1, 1] 378
[0, 0, 1, 1] 385
[0, 0, 1, 1] 413
[0, 0, 1, 1] 430
[0, 0, 1, 1] 443
[0, 0, 1, 1] 454
[0, 0, 1, 1] 458
[0, 0, 1, 1] 464
[0, 0, 1, 1] 465
[0, 0, 1, 1] 485
[0, 0, 1, 1] 498
[0, 0, 0, 1] 24
[0, 0, 0, 1] 34
[0, 0, 0, 1] 35
[0, 0, 0, 1] 41
[0, 0, 0, 1] 45
[0, 0, 0, 1] 48
[0, 0, 0, 1] 54
[0, 0, 0, 1] 80
[0, 0, 0, 1] 99
[0, 0, 0, 1] 105
[0, 0, 0, 1] 108
[0, 0, 0, 1] 124
[0, 0, 0, 1] 135
[0, 0, 0, 1] 139
[0, 0, 0, 1] 180
[0, 0, 0, 1] 200
[0, 0, 0, 1] 218
[0, 0, 0, 1] 219
[0, 0, 0, 1] 245
