VARIABLES 100
NB_OBJ 4
ITEMS
[1, 1, 1, 1] 755
[1, 1, 1, 1] 770
[1, 1, 1, 1] 784
[1, 1, 1, 1] 786
[1, 1, 1, 1] 798
[1, 1, 1, 1] 798
[1, 1, 1, 1] 826
[1, 1, 1, 1] 830
[1, 1, 1, 1] 834
[1, 1, 1, 1] 849
[1, 1, 1, 1] 869
[1, 1, 1, 1] 872
[1, 1, 1, 1] 878
[1, 1, 1, 1] 887
[1, 1, 1, 1] 901
[1, 1, 1, 1] 917
[1, 1, 1, 1] 920
[1, 1, 1, 1] 929
[1, 1, 1, 1] 945
[1, 1, 1, 1] 953
[1, 1, 1, 1] 963
[1, 1, 1, 1] 968
[1, 1, 1, 1] 974
[1, 1, 1, 1] 979
[1, 1, 1, 1] 980
[0, 1, 1, 1] 529
[0, 1, 1, 1] 537
[0, 1, 1, 1] 538
[0, 1, 1, 1] 541
[0, 1, 1, 1] 543
[0, 1, 1, 1] 546
[0, 1, 1, 1] 547
[0, 1, 1, 1] 551
[0, 1, 1, 1] 553
[0, 1, 1, 1] 589
[0, 1, 1, 1] 627
[0, 1, 1, 1] 630
[0, 1, 1, 1] 640
[0, 1, 1, 1] 645
[0, 1, 1, 1] 657
[0, 1, 1, 1] 659
[0, 1, 1, 1] 666
[0, 1, 1, 1] 672
[0, 1, 1, 1] 694
[0, 1, 1, 1] 715
[0, 1, 1, 1] 718
[0, 1, 1, 1] 728
[0, 1, 1, 1] 732
[0, 0, 1, 1] 252
[0, 0, 1, 1] 264
[0, 0, 1, 1] 277
[0, 0, 1, 1] 283
[0, 0, 1, 1] 292
[0, 0, 1, 1] 295
[0, 0, 1, 1] 297
[0, 0, 1, 1] 317
[0, 0, 1, 1] 326
[0, 0, 1, 1] 328
[0, 0, 1, 1] 390
[0, 0, 1, 1] 393
[0, 0, 1, 1] 405
[0, 0, 1, 1] 406
[0, 0, 1, 1] 413
[0, 0, 1, 1] 430
[0, 0, 1, 1] 433
[0, 0, 1, 1] 445
[0, 0, 1, 1] 447
[0, 0, 1, 1] 467
[0, 0, 1, 1] 483
[0, 0, 1, 1] 500
[0, 0, 0, 1] 7
[0, 0, 0, 1] 10
[0, 0, 0, 1] 20
[0, 0, 0, 1] 28
[0, 0, 0, 1] 29
[0, 0, 0, 1] 50
[0, 0, 0, 1] 55
[0, 0, 0, 1] 63
[0, 0, 0, 1] 79
[0, 0, 0, 1] 86
[0, 0, 0, 1] 91
[0, 0, 0, 1] 99
[0, 0, 0, 1] 123
[0, 0, 0, 1] 126
[0, 0, 0, 1] 131
[0, 0, 0, 1] 131
[0, 0, 0, 1] 133
[0, 0, 0, 1] 133
[0, 0, 0, 1] 134
[0, 0, 0, 1] 136
[0, 0, 0, 1] 142
[0, 0, 0, 1] 153
[0, 0, 0, 1] 164
[0, 0, 0, 1] 190
[0, 0, 0, 1] 194
[0, 0, 0, 1] 211
[0, 0, 0, 1] 216
[0, 0, 0, 1] 224
[0, 0, 0, 1] 238
[0, 0, 0, 1] 243
