VARIABLES 100
NB_OBJ 4
ITEMS
[1, 1, 1, 1] 769
[1, 1, 1, 1] 771
[1, 1, 1, 1] 786
[1, 1, 1, 1] 796
[1, 1, 1, 1] 806
[1, 1, 1, 1] 819
[1, 1, 1, 1] 823
[1, 1, 1, 1] 839
[1, 1, 1, 1] 839
[1, 1, 1, 1] 847
[1, 1, 1, 1] 849
[1, 1, 1, 1] 853
[1, 1, 1, 1] 858
[1, 1, 1, 1] 867
[1, 1, 1, 1] 870
[1, 1, 1, 1] 871
[1, 1, 1, 1] 873
[1, 1, 1, 1] 879
[1, 1, 1, 1] 891
[1, 1, 1, 1] 899
[1, 1, 1, 1] 915
[1, 1, 1, 1] 918
[1, 1, 1, 1] 922
[1, 1, 1, 1] 926
[1, 1, 1, 1] 928
[1, 1, 1, 1] 953
[1, 1, 1, 1] 958
[1, 1, 1, 1] 981
[1, 1, 1, 1] 981
[0, 1, 1, 1] 517
[0, 1, 1, 1] 522
[0, 1, 1, 1] 524
[0, 1, 1, 1] 528
[0, 1, 1, 1] 552
[0, 1, 1, 1] 572
[0, 1, 1, 1] 581
[0, 1, 1, 1] 581
[0, 1, 1, 1] 593
[0, 1, 1, 1] 596
[0, 1, 1, 1] 598
[0, 1, 1, 1] 626
[0, 1, 1, 1] 634
[0, 1, 1, 1] 653
[0, 1, 1, 1] 659
[0, 1, 1, 1] 667
[0, 1, 1, 1] 668
[0, 1, 1, 1] 670
[0, 1, 1, 1] 690
[0, 1, 1, 1] 706
[0, 1, 1, 1] 718
[0, 0, 1, 1] 265
[0, 0, 1, 1] 269
[0, 0, 1, 1] 289
[0, 0, 1, 1] 289
[0, 0, 1, 1] 291
[0, 0, 1, 1] 301
[0, 0, 1, 1] 330
[0, 0, 1, 1] 334
[0, 0, 1, 1] 335
[0, 0, 1, 1] 349
[0, 0, 1, 1] 351
[0, 0, 1, 1] 353
[0, 0, 1, 1] 370
[0, 0, 1, 1] 377
[0, 0, 1, 1] 417
[0, 0, 1, 1] 429
[0, 0, 1, 1] 436
[0, 0, 1, 1] 450
[0, 0, 1, 1] 451
[0, 0, 1, 1] 459
[0, 0, 1, 1] 460
[0, 0, 1, 1] 474
[0, 0, 1, 1] 487
[0, 0, 1, 1] 497
[0, 0, 1, 1] 497
[0, 0, 0, 1] 5
[0, 0, 0, 1] 6
[0, 0, 0, 1] 11
[0, 0, 0, 1] 12
[0, 0, 0, 1] 17
[0, 0, 0, 1] 38
[0, 0, 0, 1] 72
[0, 0, 0, 1] 81
[0, 0, 0, 1] 82
[0, 0, 0, 1] 89
[0, 0, 0, 1] 105
[0, 0, 0, 1] 105
[0, 0, 0, 1] 125
[0, 0, 0, 1] 125
[0, 0, 0, 1] 128
[0, 0, 0, 1] 139
[0, 0, 0, 1] 173
[0, 0, 0, 1] 173
[0, 0, 0, 1] 179
[0, 0, 0, 1] 195
[0, 0, 0, 1] 211
[0, 0, 0, 1] 212
[0, 0, 0, 1] 239
[0, 0, 0, 1] 247
[0, 0, 0, 1] 248
