VARIABLES 100
NB_OBJ 4
ITEMS
[1, 1, 1, 1] 753
[1, 1, 1, 1] 761
[1, 1, 1, 1] 764
[1, 1, 1, 1] 768
[1, 1, 1, 1] 770
[1, 1, 1, 1] 779
[1, 1, 1, 1] 799
[1, 1, 1, 1] 799
[1, 1, 1, 1] 802
[1, 1, 1, 1] 807
[1, 1, 1, 1] 829
[1, 1, 1, 1] 837
[1, 1, 1, 1] 841
[1, 1, 1, 1] 849
[1, 1, 1, 1] 865
[1, 1, 1, 1] 868
[1, 1, 1, 1] 874
[1, 1, 1, 1] 876
[1, 1, 1, 1] 903
[1, 1, 1, 1] 907
[1, 1, 1, 1] 917
[1, 1, 1, 1] 920
[1, 1, 1, 1] 928
[1, 1, 1, 1] 945
[1, 1, 1, 1] 948
[1, 1, 1, 1] 956
[1, 1, 1, 1] 964
[1, 1, 1, 1] 973
[1, 1, 1, 1] 991
[1, 1, 1, 1] 997
[0, 1, 1, 1] 512
[0, 1, 1, 1] 515
[0, 1, 1, 1] 517
[0, 1, 1, 1] 539
[0, 1, 1, 1] 546
[0, 1, 1, 1] 548
[0, 1, 1, 1] 564
[0, 1, 1, 1] 567
[0, 1, 1, 1] 568
[0, 1, 1, 1] 570
[0, 1, 1, 1] 570
[0, 1, 1, 1] 591
[0, 1, 1, 1] 592
[0, 1, 1, 1] 596
[0, 1, 1, 1] 604
[0, 1, 1, 1] 606
[0, 1, 1, 1] 615
[0, 1, 1, 1] 624
[0, 1, 1, 1] 626
[0, 1, 1, 1] 633
[0, 1, 1, 1] 634
[0, 1, 1, 1] 647
[0, 1, 1, 1] 653
[0, 1, 1, 1] 654
[0, 1, 1, 1] 657
[0, 1, 1, 1] 661
[0, 1, 1, 1] 688
[0, 1, 1, 1] 696
[0, 1, 1, 1] 747
[0, 0, 1, 1] 263
[0, 0, 1, 1] 283
[0, 0, 1, 1] 284
[0, 0, 1, 1] 296
[0, 0, 1, 1] 297
[0, 0, 1, 1] 305
[0, 0, 1, 1] 332
[0, 0, 1, 1] 333
[0, 0, 1, 1] 341
[0, 0, 1, 1] 345
[0, 0, 1, 1] 360
[0, 0, 1, 1] 369
[0, 0, 1, 1] 374
[0, 0, 1, 1] 408
[0, 0, 1, 1] 416
[0, 0, 1, 1] 416
[0, 0, 1, 1] 420
[0, 0, 1, 1] 464
[0, 0, 1, 1] 482
[0, 0, 0, 1] 1
[0, 0, 0, 1] 21
[0, 0, 0, 1] 44
[0, 0, 0, 1] 48
[0, 0, 0, 1] 53
[0, 0, 0, 1] 69
[0, 0, 0, 1] 75
[0, 0, 0, 1] 89
[0, 0, 0, 1] 94
[0, 0, 0, 1] 109
[0, 0, 0, 1] 127
[0, 0, 0, 1] 129
[0, 0, 0, 1] 143
[0, 0, 0, 1] 153
[0, 0, 0, 1] 157
[0, 0, 0, 1] 159
[0, 0, 0, 1] 161
[0, 0, 0, 1] 162
[0, 0, 0, 1] 179
[0, 0, 0, 1] 206
[0, 0, 0, 1] 212
[0, 0, 0, 1] 237
