VARIABLES 100
NB_OBJ 4
ITEMS
[1, 1, 1, 1] 752
[1, 1, 1, 1] 758
[1, 1, 1, 1] 771
[1, 1, 1, 1] 783
[1, 1, 1, 1] 784
[1, 1, 1, 1] 795
[1, 1, 1, 1] 815
[1, 1, 1, 1] 832
[1, 1, 1, 1] 834
[1, 1, 1, 1] 844
[1, 1, 1, 1] 862
[1, 1, 1, 1] 875
[1, 1, 1, 1] 875
[1, 1, 1, 1] 876
[1, 1, 1, 1] 880
[1, 1, 1, 1] 889
[1, 1, 1, 1] 896
[1, 1, 1, 1] 927
[1, 1, 1, 1] 937
[1, 1, 1, 1] 944
[1, 1, 1, 1] 950
[1, 1, 1, 1] 970
[1, 1, 1, 1] 982
[1, 1, 1, 1] 983
[1, 1, 1, 1] 988
[1, 1, 1, 1] 993
[1, 1, 1, 1] 997
[0, 1, 1, 1] 500
[0, 1, 1, 1] 518
[0, 1, 1, 1] 519
[0, 1, 1, 1] 522
[0, 1, 1, 1] 526
[0, 1, 1, 1] 537
[0, 1, 1, 1] 545
[0, 1, 1, 1] 553
[0, 1, 1, 1] 557
[0, 1, 1, 1] 573
[0, 1, 1, 1] 579
[0, 1, 1, 1] 613
[0, 1, 1, 1] 619
[0, 1, 1, 1] 636
[0, 1, 1, 1] 641
[0, 1, 1, 1] 651
[0, 1, 1, 1] 667
[0, 1, 1, 1] 672
[0, 1, 1, 1] 690
[0, 1, 1, 1] 691
[0, 1, 1, 1] 697
[0, 1, 1, 1] 714
[0, 1, 1, 1] 730
[0, 1, 1, 1] 732
[0, 1, 1, 1] 735
[0, 0, 1, 1] 254
[0, 0, 1, 1] 256
[0, 0, 1, 1] 270
[0, 0, 1, 1] 276
[0, 0, 1, 1] 305
[0, 0, 1, 1] 324
[0, 0, 1, 1] 354
[0, 0, 1, 1] 369
[0, 0, 1, 1] 375
[0, 0, 1, 1] 382
[0, 0, 1, 1] 390
[0, 0, 1, 1] 398
[0, 0, 1, 1] 423
[0, 0, 1, 1] 446
[0, 0, 1, 1] 454
[0, 0, 1, 1] 484
[0, 0, 1, 1] 485
[0, 0, 1, 1] 488
[0, 0, 0, 1] 3
[0, 0, 0, 1] 6
[0, 0, 0, 1] 8
[0, 0, 0, 1] 13
[0, 0, 0, 1] 27
[0, 0, 0, 1] 28
[0, 0, 0, 1] 29
[0, 0, 0, 1] 53
[0, 0, 0, 1] 56
[0, 0, 0, 1] 70
[0, 0, 0, 1] 76
[0, 0, 0, 1] 77
[0, 0, 0, 1] 88
[0, 0, 0, 1] 92
[0, 0, 0, 1] 99
[0, 0, 0, 1] 121
[0, 0, 0, 1] 158
[0, 0, 0, 1] 163
[0, 0, 0, 1] 166
[0, 0, 0, 1] 182
[0, 0, 0, 1] 192
[0, 0, 0, 1] 195
[0, 0, 0, 1] 204
[0, 0, 0, 1] 206
[0, 0, 0, 1] 215
[0, 0, 0, 1] 216
[0, 0, 0, 1] 227
[0, 0, 0, 1] 231
[0, 0, 0, 1] 233
[0, 0, 0, 1] 241
