VARIABLES 100
NB_OBJ 4
ITEMS
[1, 1, 1, 1] 750
[1, 1, 1, 1] 753
[1, 1, 1, 1] 760
[1, 1, 1, 1] 791
[1, 1, 1, 1] 792
[1, 1, 1, 1] 803
[1, 1, 1, 1] 810
[1, 1, 1, 1] 812
[1, 1, 1, 1] 813
[1, 1, 1, 1] 828
[1, 1, 1, 1] 838
[1, 1, 1, 1] 855
[1, 1, 1, 1] 864
[1, 1, 1, 1] 869
[1, 1, 1, 1] 880
[1, 1, 1, 1] 880
[1, 1, 1, 1] 882
[1, 1, 1, 1] 901
[1, 1, 1, 1] 906
[1, 1, 1, 1] 914
[1, 1, 1, 1] 943
[1, 1, 1, 1] 955
[1, 1, 1, 1] 989
[0, 1, 1, 1] 502
[0, 1, 1, 1] 508
[0, 1, 1, 1] 518
[0, 1, 1, 1] 520
[0, 1, 1, 1] 524
[0, 1, 1, 1] 569
[0, 1, 1, 1] 575
[0, 1, 1, 1] 576
[0, 1, 1, 1] 601
[0, 1, 1, 1] 601
[0, 1, 1, 1] 605
[0, 1, 1, 1] 624
[0, 1, 1, 1] 625
[0, 1, 1, 1] 632
[0, 1, 1, 1] 636
[0, 1, 1, 1] 644
[0, 1, 1, 1] 654
[0, 1, 1, 1] 663
[0, 1, 1, 1] 667
[0, 1, 1, 1] 674
[0, 1, 1, 1] 688
[0, 1, 1, 1] 694
[0, 1, 1, 1] 696
[0, 1, 1, 1] 696
[0, 1, 1, 1] 696
[0, 1, 1, 1] 708
[0, 1, 1, 1] 721
[0, 1, 1, 1] 722
[0, 1, 1, 1] 732
[0, 1, 1, 1] 748
[0, 0, 1, 1] 254
[0, 0, 1, 1] 257
[0, 0, 1, 1] 273
[0, 0, 1, 1] 285
[0, 0, 1, 1] 287
[0, 0, 1, 1] 310
[0, 0, 1, 1] 324
[0, 0, 1, 1] 353
[0, 0, 1, 1] 357
[0, 0, 1, 1] 359
[0, 0, 1, 1] 361
[0, 0, 1, 1] 375
[0, 0, 1, 1] 383
[0, 0, 1, 1] 409
[0, 0, 1, 1] 412
[0, 0, 1, 1] 426
[0, 0, 1, 1] 432
[0, 0, 1, 1] 446
[0, 0, 1, 1] 448
[0, 0, 1, 1] 459
[0, 0, 1, 1] 465
[0, 0, 1, 1] 479
[0, 0, 1, 1] 486
[0, 0, 1, 1] 496
[0, 0, 0, 1] 13
[0, 0, 0, 1] 15
[0, 0, 0, 1] 16
[0, 0, 0, 1] 57
[0, 0, 0, 1] 75
[0, 0, 0, 1] 76
[0, 0, 0, 1] 78
[0, 0, 0, 1] 79
[0, 0, 0, 1] 94
[0, 0, 0, 1] 99
[0, 0, 0, 1] 137
[0, 0, 0, 1] 145
[0, 0, 0, 1] 156
[0, 0, 0, 1] 159
[0, 0, 0, 1] 168
[0, 0, 0, 1] 178
[0, 0, 0, 1] 192
[0, 0, 0, 1] 199
[0, 0, 0, 1] 210
[0, 0, 0, 1] 215
[0, 0, 0, 1] 217
[0, 0, 0, 1] 228
[0, 0, 0, 1] 240
