VARIABLES 100
NB_OBJ 4
ITEMS
[1, 1, 1, 1] 755
[1, 1, 1, 1] 756
[1, 1, 1, 1] 756
[1, 1, 1, 1] 764
[1, 1, 1, 1] 771
[1, 1, 1, 1] 786
[1, 1, 1, 1] 789
[1, 1, 1, 1] 806
[1, 1, 1, 1] 810
[1, 1, 1, 1] 812
[1, 1, 1, 1] 816
[1, 1, 1, 1] 832
[1, 1, 1, 1] 838
[1, 1, 1, 1] 847
[1, 1, 1, 1] 852
[1, 1, 1, 1] 854
[1, 1, 1, 1] 873
[1, 1, 1, 1] 881
[1, 1, 1, 1] 886
[1, 1, 1, 1] 901
[1, 1, 1, 1] 925
[1, 1, 1, 1] 935
[1, 1, 1, 1] 952
[1, 1, 1, 1] 955
[1, 1, 1, 1] 964
[1, 1, 1, 1] 972
[1, 1, 1, 1] 983
[1, 1, 1, 1] 986
[1, 1, 1, 1] 995
[0, 1, 1, 1] 511
[0, 1, 1, 1] 528
[0, 1, 1, 1] 534
[0, 1, 1, 1] 541
[0, 1, 1, 1] 554
[0, 1, 1, 1] 560
[0, 1, 1, 1] 571
[0, 1, 1, 1] 573
[0, 1, 1, 1] 582
[0, 1, 1, 1] 595
[0, 1, 1, 1] 604
[0, 1, 1, 1] 640
[0, 1, 1, 1] 656
[0, 1, 1, 1] 668
[0, 1, 1, 1] 680
[0, 1, 1, 1] 701
[0, 1, 1, 1] 704
[0, 1, 1, 1] 717
[0, 1, 1, 1] 720
[0, 1, 1, 1] 729
[0, 1, 1, 1] 737
[0, 1, 1, 1] 738
[0, 1, 1, 1] 738
[0, 1, 1, 1] 748
[0, 0, 1, 1] 250
[0, 0, 1, 1] 258
[0, 0, 1, 1] 265
[0, 0, 1, 1] 265
[0, 0, 1, 1] 274
[0, 0, 1, 1] 290
[0, 0, 1, 1] 295
[0, 0, 1, 1] 319
[0, 0, 1, 1] 324
[0, 0, 1, 1] 339
[0, 0, 1, 1] 351
[0, 0, 1, 1] 354
[0, 0, 1, 1] 360
[0, 0, 1, 1] 371
[0, 0, 1, 1] 393
[0, 0, 1, 1] 400
[0, 0, 1, 1] 408
[0, 0, 1, 1] 411
[0, 0, 1, 1] 455
[0, 0, 1, 1] 480
[0, 0, 1, 1] 482
[0, 0, 1, 1] 485
[0, 0, 1, 1] 487
[0, 0, 0, 1] 1
[0, 0, 0, 1] 2
[0, 0, 0, 1] 14
[0, 0, 0, 1] 20
[0, 0, 0, 1] 37
[0, 0, 0, 1] 38
[0, 0, 0, 1] 61
[0, 0, 0, 1] 64
[0, 0, 0, 1] 65
[0, 0, 0, 1] 103
[0, 0, 0, 1] 104
[0, 0, 0, 1] 112
[0, 0, 0, 1] 115
[0, 0, 0, 1] 139
[0, 0, 0, 1] 151
[0, 0, 0, 1] 159
[0, 0, 0, 1] 172
[0, 0, 0, 1] 186
[0, 0, 0, 1] 194
[0, 0, 0, 1] 210
[0, 0, 0, 1] 213
[0, 0, 0, 1] 247
[0, 0, 0, 1] 248
[0, 0, 0, 1] 250
