VARIABLES 100
NB_OBJ 4
ITEMS
[1, 1, 1, 1] 753
[1, 1, 1, 1] 761
[1, 1, 1, 1] 771
[1, 1, 1, 1] 792
[1, 1, 1, 1] 810
[1, 1, 1, 1] 817
[1, 1, 1, 1] 819
[1, 1, 1, 1] 823
[1, 1, 1, 1] 838
[1, 1, 1, 1] 848
[1, 1, 1, 1] 854
[1, 1, 1, 1] 854
[1, 1, 1, 1] 854
[1, 1, 1, 1] 855
[1, 1, 1, 1] 856
[1, 1, 1, 1] 866
[1, 1, 1, 1] 882
[1, 1, 1, 1] 900
[1, 1, 1, 1] 907
[1, 1, 1, 1] 916
[1, 1, 1, 1] 919
[1, 1, 1, 1] 936
[1, 1, 1, 1] 939
[1, 1, 1, 1] 956
[1, 1, 1, 1] 963
[1, 1, 1, 1] 963
[1, 1, 1, 1] 965
[1, 1, 1, 1] 975
[1, 1, 1, 1] 975
[1, 1, 1, 1] 998
[1, 1, 1, 1] 999
[1, 1, 1, 1] 999
[1, 1, 1, 1] 999
[0, 1, 1, 1] 502
[0, 1, 1, 1] 519
[0, 1, 1, 1] 529
[0, 1, 1, 1] 535
[0, 1, 1, 1] 554
[0, 1, 1, 1] 557
[0, 1, 1, 1] 559
[0, 1, 1, 1] 568
[0, 1, 1, 1] 574
[0, 1, 1, 1] 576
[0, 1, 1, 1] 597
[0, 1, 1, 1] 600
[0, 1, 1, 1] 613
[0, 1, 1, 1] 614
[0, 1, 1, 1] 624
[0, 1, 1, 1] 660
[0, 1, 1, 1] 671
[0, 1, 1, 1] 692
[0, 1, 1, 1] 702
[0, 1, 1, 1] 723
[0, 1, 1, 1] 731
[0, 1, 1, 1] 742
[0, 0, 1, 1] 258
[0, 0, 1, 1] 261
[0, 0, 1, 1] 261
[0, 0, 1, 1] 272
[0, 0, 1, 1] 283
[0, 0, 1, 1] 307
[0, 0, 1, 1] 330
[0, 0, 1, 1] 342
[0, 0, 1, 1] 347
[0, 0, 1, 1] 357
[0, 0, 1, 1] 359
[0, 0, 1, 1] 377
[0, 0, 1, 1] 382
[0, 0, 1, 1] 398
[0, 0, 1, 1] 417
[0, 0, 1, 1] 424
[0, 0, 1, 1] 435
[0, 0, 1, 1] 438
[0, 0, 1, 1] 448
[0, 0, 1, 1] 455
[0, 0, 1, 1] 455
[0, 0, 1, 1] 463
[0, 0, 1, 1] 469
[0, 0, 1, 1] 486
[0, 0, 1, 1] 494
[0, 0, 0, 1] 2
[0, 0, 0, 1] 6
[0, 0, 0, 1] 13
[0, 0, 0, 1] 57
[0, 0, 0, 1] 67
[0, 0, 0, 1] 81
[0, 0, 0, 1] 106
[0, 0, 0, 1] 106
[0, 0, 0, 1] 125
[0, 0, 0, 1] 127
[0, 0, 0, 1] 128
[0, 0, 0, 1] 148
[0, 0, 0, 1] 172
[0, 0, 0, 1] 189
[0, 0, 0, 1] 201
[0, 0, 0, 1] 204
[0, 0, 0, 1] 205
[0, 0, 0, 1] 213
[0, 0, 0, 1] 217
[0, 0, 0, 1] 241
