VARIABLES 100
NB_OBJ 4
ITEMS
[1, 1, 1, 1] 763
[1, 1, 1, 1] 771
[1, 1, 1, 1] 807
[1, 1, 1, 1] 811
[1, 1, 1, 1] 835
[1, 1, 1, 1] 841
[1, 1, 1, 1] 892
[1, 1, 1, 1] 894
[1, 1, 1, 1] 902
[1, 1, 1, 1] 905
[1, 1, 1, 1] 907
[1, 1, 1, 1] 908
[1, 1, 1, 1] 912
[1, 1, 1, 1] 919
[1, 1, 1, 1] 933
[1, 1, 1, 1] 958
[1, 1, 1, 1] 973
[1, 1, 1, 1] 989
[1, 1, 1, 1] 994
[1, 1, 1, 1] 994
[0, 1, 1, 1] 524
[0, 1, 1, 1] 543
[0, 1, 1, 1] 563
[0, 1, 1, 1] 583
[0, 1, 1, 1] 588
[0, 1, 1, 1] 594
[0, 1, 1, 1] 595
[0, 1, 1, 1] 607
[0, 1, 1, 1] 647
[0, 1, 1, 1] 655
[0, 1, 1, 1] 663
[0, 1, 1, 1] 681
[0, 1, 1, 1] 687
[0, 1, 1, 1] 688
[0, 1, 1, 1] 701
[0, 1, 1, 1] 727
[0, 1, 1, 1] 744
[0, 0, 1, 1] 265
[0, 0, 1, 1] 270
[0, 0, 1, 1] 272
[0, 0, 1, 1] 289
[0, 0, 1, 1] 291
[0, 0, 1, 1] 308
[0, 0, 1, 1] 316
[0, 0, 1, 1] 323
[0, 0, 1, 1] 325
[0, 0, 1, 1] 339
[0, 0, 1, 1] 357
[0, 0, 1, 1] 358
[0, 0, 1, 1] 365
[0, 0, 1, 1] 367
[0, 0, 1, 1] 387
[0, 0, 1, 1] 392
[0, 0, 1, 1] 403
[0, 0, 1, 1] 427
[0, 0, 1, 1] 439
[0, 0, 1, 1] 439
[0, 0, 1, 1] 448
[0, 0, 1, 1] 462
[0, 0, 1, 1] 465
[0, 0, 1, 1] 468
[0, 0, 1, 1] 482
[0, 0, 1, 1] 483
[0, 0, 1, 1] 486
[0, 0, 1, 1] 489
[0, 0, 1, 1] 493
[0, 0, 1, 1] 495
[0, 0, 1, 1] 495
[0, 0, 1, 1] 496
[0, 0, 1, 1] 496
[0, 0, 0, 1] 3
[0, 0, 0, 1] 4
[0, 0, 0, 1] 7
[0, 0, 0, 1] 49
[0, 0, 0, 1] 56
[0, 0, 0, 1] 60
[0, 0, 0, 1] 70
[0, 0, 0, 1] 70
[0, 0, 0, 1] 72
[0, 0, 0, 1] 95
[0, 0, 0, 1] 98
[0, 0, 0, 1] 104
[0, 0, 0, 1] 110
[0, 0, 0, 1] 116
[0, 0, 0, 1] 138
[0, 0, 0, 1] 148
[0, 0, 0, 1] 157
[0, 0, 0, 1] 158
[0, 0, 0, 1] 160
[0, 0, 0, 1] 163
[0, 0, 0, 1] 165
[0, 0, 0, 1] 179
[0, 0, 0, 1] 197
[0, 0, 0, 1] 231
[0, 0, 0, 1] 234
[0, 0, 0, 1] 238
[0, 0, 0, 1] 244
[0, 0, 0, 1] 246
[0, 0, 0, 1] 246
[0, 0, 0, 1] 249
