VARIABLES 100
NB_OBJ 4
ITEMS
[1, 1, 1, 1] 764
[1, 1, 1, 1] 783
[1, 1, 1, 1] 786
[1, 1, 1, 1] 816
[1, 1, 1, 1] 818
[1, 1, 1, 1] 826
[1, 1, 1, 1] 834
[1, 1, 1, 1] 839
[1, 1, 1, 1] 844
[1, 1, 1, 1] 850
[1, 1, 1, 1] 854
[1, 1, 1, 1] 873
[1, 1, 1, 1] 892
[1, 1, 1, 1] 894
[1, 1, 1, 1] 922
[1, 1, 1, 1] 925
[1, 1, 1, 1] 936
[1, 1, 1, 1] 943
[1, 1, 1, 1] 970
[1, 1, 1, 1] 989
[1, 1, 1, 1] 996
[0, 1, 1, 1] 504
[0, 1, 1, 1] 504
[0, 1, 1, 1] 505
[0, 1, 1, 1] 517
[0, 1, 1, 1] 522
[0, 1, 1, 1] 532
[0, 1, 1, 1] 566
[0, 1, 1, 1] 567
[0, 1, 1, 1] 567
[0, 1, 1, 1] 573
[0, 1, 1, 1] 583
[0, 1, 1, 1] 586
[0, 1, 1, 1] 587
[0, 1, 1, 1] 588
[0, 1, 1, 1] 591
[0, 1, 1, 1] 604
[0, 1, 1, 1] 606
[0, 1, 1, 1] 613
[0, 1, 1, 1] 622
[0, 1, 1, 1] 628
[0, 1, 1, 1] 650
[0, 1, 1, 1] 653
[0, 1, 1, 1] 660
[0, 1, 1, 1] 660
[0, 1, 1, 1] 663
[0, 1, 1, 1] 667
[0, 1, 1, 1] 670
[0, 1, 1, 1] 694
[0, 1, 1, 1] 704
[0, 0, 1, 1] 267
[0, 0, 1, 1] 274
[0, 0, 1, 1] 289
[0, 0, 1, 1] 291
[0, 0, 1, 1] 306
[0, 0, 1, 1] 307
[0, 0, 1, 1] 308
[0, 0, 1, 1] 328
[0, 0, 1, 1] 339
[0, 0, 1, 1] 348
[0, 0, 1, 1] 349
[0, 0, 1, 1] 353
[0, 0, 1, 1] 354
[0, 0, 1, 1] 356
[0, 0, 1, 1] 358
[0, 0, 1, 1] 374
[0, 0, 1, 1] 393
[0, 0, 1, 1] 411
[0, 0, 1, 1] 432
[0, 0, 1, 1] 448
[0, 0, 1, 1] 460
[0, 0, 1, 1] 467
[0, 0, 1, 1] 488
[0, 0, 0, 1] 3
[0, 0, 0, 1] 13
[0, 0, 0, 1] 17
[0, 0, 0, 1] 30
[0, 0, 0, 1] 33
[0, 0, 0, 1] 34
[0, 0, 0, 1] 41
[0, 0, 0, 1] 45
[0, 0, 0, 1] 47
[0, 0, 0, 1] 54
[0, 0, 0, 1] 76
[0, 0, 0, 1] 82
[0, 0, 0, 1] 83
[0, 0, 0, 1] 106
[0, 0, 0, 1] 114
[0, 0, 0, 1] 117
[0, 0, 0, 1] 135
[0, 0, 0, 1] 148
[0, 0, 0, 1] 153
[0, 0, 0, 1] 154
[0, 0, 0, 1] 155
[0, 0, 0, 1] 163
[0, 0, 0, 1] 163
[0, 0, 0, 1] 192
[0, 0, 0, 1] 205
[0, 0, 0, 1] 224
[0, 0, 0, 1] 234
