VARIABLES 100
NB_OBJ 4
ITEMS
[1, 1, 1, 1] 751
[1, 1, 1, 1] 756
[1, 1, 1, 1] 762
[1, 1, 1, 1] 777
[1, 1, 1, 1] 789
[1, 1, 1, 1] 789
[1, 1, 1, 1] 790
[1, 1, 1, 1] 830
[1, 1, 1, 1] 881
[1, 1, 1, 1] 892
[1, 1, 1, 1] 899
[1, 1, 1, 1] 907
[1, 1, 1, 1] 946
[1, 1, 1, 1] 966
[1, 1, 1, 1] 979
[0, 1, 1, 1] 504
[0, 1, 1, 1] 512
[0, 1, 1, 1] 513
[0, 1, 1, 1] 515
[0, 1, 1, 1] 528
[0, 1, 1, 1] 537
[0, 1, 1, 1] 542
[0, 1, 1, 1] 548
[0, 1, 1, 1] 561
[0, 1, 1, 1] 563
[0, 1, 1, 1] 565
[0, 1, 1, 1] 600
[0, 1, 1, 1] 614
[0, 1, 1, 1] 624
[0, 1, 1, 1] 626
[0, 1, 1, 1] 646
[0, 1, 1, 1] 660
[0, 1, 1, 1] 660
[0, 1, 1, 1] 664
[0, 1, 1, 1] 672
[0, 1, 1, 1] 676
[0, 1, 1, 1] 677
[0, 1, 1, 1] 707
[0, 1, 1, 1] 713
[0, 1, 1, 1] 722
[0, 1, 1, 1] 733
[0, 0, 1, 1] 255
[0, 0, 1, 1] 256
[0, 0, 1, 1] 257
[0, 0, 1, 1] 269
[0, 0, 1, 1] 285
[0, 0, 1, 1] 296
[0, 0, 1, 1] 306
[0, 0, 1, 1] 325
[0, 0, 1, 1] 325
[0, 0, 1, 1] 328
[0, 0, 1, 1] 328
[0, 0, 1, 1] 345
[0, 0, 1, 1] 351
[0, 0, 1, 1] 355
[0, 0, 1, 1] 355
[0, 0, 1, 1] 357
[0, 0, 1, 1] 368
[0, 0, 1, 1] 377
[0, 0, 1, 1] 386
[0, 0, 1, 1] 386
[0, 0, 1, 1] 399
[0, 0, 1, 1] 405
[0, 0, 1, 1] 426
[0, 0, 1, 1] 440
[0, 0, 1, 1] 441
[0, 0, 1, 1] 446
[0, 0, 1, 1] 458
[0, 0, 1, 1] 464
[0, 0, 1, 1] 466
[0, 0, 1, 1] 467
[0, 0, 1, 1] 467
[0, 0, 1, 1] 472
[0, 0, 1, 1] 478
[0, 0, 1, 1] 481
[0, 0, 1, 1] 488
[0, 0, 0, 1] 4
[0, 0, 0, 1] 8
[0, 0, 0, 1] 9
[0, 0, 0, 1] 27
[0, 0, 0, 1] 37
[0, 0, 0, 1] 41
[0, 0, 0, 1] 65
[0, 0, 0, 1] 67
[0, 0, 0, 1] 68
[0, 0, 0, 1] 69
[0, 0, 0, 1] 73
[0, 0, 0, 1] 85
[0, 0, 0, 1] 98
[0, 0, 0, 1] 101
[0, 0, 0, 1] 104
[0, 0, 0, 1] 147
[0, 0, 0, 1] 150
[0, 0, 0, 1] 150
[0, 0, 0, 1] 154
[0, 0, 0, 1] 154
[0, 0, 0, 1] 170
[0, 0, 0, 1] 199
[0, 0, 0, 1] 214
[0, 0, 0, 1] 225
