VARIABLES 100
NB_OBJ 4
ITEMS
[1, 1, 1, 1] 760
[1, 1, 1, 1] 763
[1, 1, 1, 1] 780
[1, 1, 1, 1] 785
[1, 1, 1, 1] 790
[1, 1, 1, 1] 827
[1, 1, 1, 1] 829
[1, 1, 1, 1] 831
[1, 1, 1, 1] 842
[1, 1, 1, 1] 849
[1, 1, 1, 1] 855
[1, 1, 1, 1] 856
[1, 1, 1, 1] 873
[1, 1, 1, 1] 873
[1, 1, 1, 1] 898
[1, 1, 1, 1] 900
[1, 1, 1, 1] 913
[1, 1, 1, 1] 921
[1, 1, 1, 1] 950
[1, 1, 1, 1] 953
[1, 1, 1, 1] 958
[1, 1, 1, 1] 959
[1, 1, 1, 1] 981
[1, 1, 1, 1] 984
[1, 1, 1, 1] 991
[1, 1, 1, 1] 997
[1, 1, 1, 1] 998
[1, 1, 1, 1] 1000
[0, 1, 1, 1] 501
[0, 1, 1, 1] 522
[0, 1, 1, 1] 540
[0, 1, 1, 1] 545
[0, 1, 1, 1] 566
[0, 1, 1, 1] 575
[0, 1, 1, 1] 581
[0, 1, 1, 1] 586
[0, 1, 1, 1] 588
[0, 1, 1, 1] 594
[0, 1, 1, 1] 604
[0, 1, 1, 1] 608
[0, 1, 1, 1] 616
[0, 1, 1, 1] 630
[0, 1, 1, 1] 661
[0, 1, 1, 1] 690
[0, 1, 1, 1] 697
[0, 1, 1, 1] 700
[0, 1, 1, 1] 701
[0, 1, 1, 1] 722
[0, 1, 1, 1] 736
[0, 0, 1, 1] 258
[0, 0, 1, 1] 260
[0, 0, 1, 1] 264
[0, 0, 1, 1] 266
[0, 0, 1, 1] 267
[0, 0, 1, 1] 271
[0, 0, 1, 1] 308
[0, 0, 1, 1] 329
[0, 0, 1, 1] 335
[0, 0, 1, 1] 336
[0, 0, 1, 1] 340
[0, 0, 1, 1] 343
[0, 0, 1, 1] 358
[0, 0, 1, 1] 360
[0, 0, 1, 1] 372
[0, 0, 1, 1] 378
[0, 0, 1, 1] 383
[0, 0, 1, 1] 383
[0, 0, 1, 1] 384
[0, 0, 1, 1] 385
[0, 0, 1, 1] 385
[0, 0, 1, 1] 396
[0, 0, 1, 1] 410
[0, 0, 1, 1] 422
[0, 0, 1, 1] 430
[0, 0, 1, 1] 445
[0, 0, 1, 1] 457
[0, 0, 1, 1] 469
[0, 0, 1, 1] 472
[0, 0, 1, 1] 492
[0, 0, 0, 1] 1
[0, 0, 0, 1] 4
[0, 0, 0, 1] 14
[0, 0, 0, 1] 19
[0, 0, 0, 1] 41
[0, 0, 0, 1] 66
[0, 0, 0, 1] 66
[0, 0, 0, 1] 81
[0, 0, 0, 1] 92
[0, 0, 0, 1] 121
[0, 0, 0, 1] 173
[0, 0, 0, 1] 197
[0, 0, 0, 1] 214
[0, 0, 0, 1] 217
[0, 0, 0, 1] 220
[0, 0, 0, 1] 222
[0, 0, 0, 1] 224
[0, 0, 0, 1] 224
[0, 0, 0, 1] 234
[0, 0, 0, 1] 235
[0, 0, 0, 1] 239
