VARIABLES 100
NB_OBJ 4
ITEMS
[1, 1, 1, 1] 753
[1, 1, 1, 1] 754
[1, 1, 1, 1] 763
[1, 1, 1, 1] 770
[1, 1, 1, 1] 816
[1, 1, 1, 1] 842
[1, 1, 1, 1] 853
[1, 1, 1, 1] 856
[1, 1, 1, 1] 859
[1, 1, 1, 1] 862
[1, 1, 1, 1] 870
[1, 1, 1, 1] 879
[1, 1, 1, 1] 881
[1, 1, 1, 1] 881
[1, 1, 1, 1] 901
[1, 1, 1, 1] 905
[1, 1, 1, 1] 908
[1, 1, 1, 1] 911
[1, 1, 1, 1] 914
[1, 1, 1, 1] 919
[1, 1, 1, 1] 919
[1, 1, 1, 1] 930
[1, 1, 1, 1] 939
[1, 1, 1, 1] 940
[1, 1, 1, 1] 942
[1, 1, 1, 1] 947
[1, 1, 1, 1] 947
[1, 1, 1, 1] 947
[1, 1, 1, 1] 952
[1, 1, 1, 1] 952
[1, 1, 1, 1] 956
[1, 1, 1, 1] 971
[1, 1, 1, 1] 999
[0, 1, 1, 1] 506
[0, 1, 1, 1] 549
[0, 1, 1, 1] 551
[0, 1, 1, 1] 573
[0, 1, 1, 1] 578
[0, 1, 1, 1] 582
[0, 1, 1, 1] 599
[0, 1, 1, 1] 600
[0, 1, 1, 1] 609
[0, 1, 1, 1] 636
[0, 1, 1, 1] 638
[0, 1, 1, 1] 643
[0, 1, 1, 1] 679
[0, 1, 1, 1] 682
[0, 1, 1, 1] 695
[0, 1, 1, 1] 708
[0, 1, 1, 1] 714
[0, 1, 1, 1] 726
[0, 1, 1, 1] 742
[0, 1, 1, 1] 743
[0, 0, 1, 1] 258
[0, 0, 1, 1] 267
[0, 0, 1, 1] 267
[0, 0, 1, 1] 301
[0, 0, 1, 1] 312
[0, 0, 1, 1] 315
[0, 0, 1, 1] 323
[0, 0, 1, 1] 329
[0, 0, 1, 1] 335
[0, 0, 1, 1] 340
[0, 0, 1, 1] 349
[0, 0, 1, 1] 358
[0, 0, 1, 1] 362
[0, 0, 1, 1] 382
[0, 0, 1, 1] 388
[0, 0, 1, 1] 388
[0, 0, 1, 1] 411
[0, 0, 1, 1] 415
[0, 0, 1, 1] 425
[0, 0, 1, 1] 426
[0, 0, 1, 1] 437
[0, 0, 1, 1] 439
[0, 0, 1, 1] 448
[0, 0, 1, 1] 460
[0, 0, 1, 1] 463
[0, 0, 1, 1] 475
[0, 0, 1, 1] 476
[0, 0, 0, 1] 12
[0, 0, 0, 1] 33
[0, 0, 0, 1] 41
[0, 0, 0, 1] 77
[0, 0, 0, 1] 83
[0, 0, 0, 1] 87
[0, 0, 0, 1] 93
[0, 0, 0, 1] 99
[0, 0, 0, 1] 108
[0, 0, 0, 1] 110
[0, 0, 0, 1] 115
[0, 0, 0, 1] 130
[0, 0, 0, 1] 138
[0, 0, 0, 1] 145
[0, 0, 0, 1] 182
[0, 0, 0, 1] 196
[0, 0, 0, 1] 229
[0, 0, 0, 1] 243
[0, 0, 0, 1] 245
[0, 0, 0, 1] 247
