VARIABLES 100
NB_OBJ 4
ITEMS
[1, 1, 1, 1] 757
[1, 1, 1, 1] 783
[1, 1, 1, 1] 786
[1, 1, 1, 1] 790
[1, 1, 1, 1] 800
[1, 1, 1, 1] 811
[1, 1, 1, 1] 834
[1, 1, 1, 1] 881
[1, 1, 1, 1] 888
[1, 1, 1, 1] 896
[1, 1, 1, 1] 897
[1, 1, 1, 1] 904
[1, 1, 1, 1] 917
[1, 1, 1, 1] 923
[1, 1, 1, 1] 925
[1, 1, 1, 1] 929
[1, 1, 1, 1] 930
[1, 1, 1, 1] 949
[1, 1, 1, 1] 961
[1, 1, 1, 1] 964
[1, 1, 1, 1] 972
[1, 1, 1, 1] 984
[1, 1, 1, 1] 988
[1, 1, 1, 1] 997
[0, 1, 1, 1] 501
[0, 1, 1, 1] 508
[0, 1, 1, 1] 513
[0, 1, 1, 1] 528
[0, 1, 1, 1] 531
[0, 1, 1, 1] 531
[0, 1, 1, 1] 541
[0, 1, 1, 1] 542
[0, 1, 1, 1] 557
[0, 1, 1, 1] 558
[0, 1, 1, 1] 590
[0, 1, 1, 1] 601
[0, 1, 1, 1] 614
[0, 1, 1, 1] 624
[0, 1, 1, 1] 630
[0, 1, 1, 1] 631
[0, 1, 1, 1] 647
[0, 1, 1, 1] 652
[0, 1, 1, 1] 668
[0, 1, 1, 1] 673
[0, 1, 1, 1] 690
[0, 1, 1, 1] 695
[0, 1, 1, 1] 697
[0, 1, 1, 1] 709
[0, 1, 1, 1] 712
[0, 1, 1, 1] 716
[0, 1, 1, 1] 728
[0, 0, 1, 1] 257
[0, 0, 1, 1] 264
[0, 0, 1, 1] 270
[0, 0, 1, 1] 272
[0, 0, 1, 1] 279
[0, 0, 1, 1] 293
[0, 0, 1, 1] 303
[0, 0, 1, 1] 313
[0, 0, 1, 1] 317
[0, 0, 1, 1] 327
[0, 0, 1, 1] 327
[0, 0, 1, 1] 334
[0, 0, 1, 1] 342
[0, 0, 1, 1] 364
[0, 0, 1, 1] 376
[0, 0, 1, 1] 378
[0, 0, 1, 1] 381
[0, 0, 1, 1] 392
[0, 0, 1, 1] 395
[0, 0, 1, 1] 404
[0, 0, 1, 1] 407
[0, 0, 1, 1] 411
[0, 0, 1, 1] 419
[0, 0, 1, 1] 423
[0, 0, 1, 1] 440
[0, 0, 1, 1] 446
[0, 0, 1, 1] 467
[0, 0, 1, 1] 468
[0, 0, 1, 1] 471
[0, 0, 1, 1] 477
[0, 0, 1, 1] 477
[0, 0, 1, 1] 493
[0, 0, 0, 1] 16
[0, 0, 0, 1] 17
[0, 0, 0, 1] 27
[0, 0, 0, 1] 44
[0, 0, 0, 1] 48
[0, 0, 0, 1] 86
[0, 0, 0, 1] 88
[0, 0, 0, 1] 89
[0, 0, 0, 1] 103
[0, 0, 0, 1] 117
[0, 0, 0, 1] 173
[0, 0, 0, 1] 178
[0, 0, 0, 1] 179
[0, 0, 0, 1] 199
[0, 0, 0, 1] 210
[0, 0, 0, 1] 222
[0, 0, 0, 1] 245
