VARIABLES 100
NB_OBJ 4
ITEMS
[1, 1, 1, 1] 757
[1, 1, 1, 1] 762
[1, 1, 1, 1] 772
[1, 1, 1, 1] 774
[1, 1, 1, 1] 775
[1, 1, 1, 1] 783
[1, 1, 1, 1] 784
[1, 1, 1, 1] 803
[1, 1, 1, 1] 814
[1, 1, 1, 1] 817
[1, 1, 1, 1] 818
[1, 1, 1, 1] 818
[1, 1, 1, 1] 835
[1, 1, 1, 1] 841
[1, 1, 1, 1] 844
[1, 1, 1, 1] 857
[1, 1, 1, 1] 878
[1, 1, 1, 1] 878
[1, 1, 1, 1] 892
[1, 1, 1, 1] 896
[1, 1, 1, 1] 903
[1, 1, 1, 1] 904
[1, 1, 1, 1] 905
[1, 1, 1, 1] 907
[1, 1, 1, 1] 911
[1, 1, 1, 1] 914
[1, 1, 1, 1] 915
[1, 1, 1, 1] 924
[1, 1, 1, 1] 930
[1, 1, 1, 1] 963
[1, 1, 1, 1] 964
[0, 1, 1, 1] 501
[0, 1, 1, 1] 507
[0, 1, 1, 1] 509
[0, 1, 1, 1] 512
[0, 1, 1, 1] 521
[0, 1, 1, 1] 535
[0, 1, 1, 1] 538
[0, 1, 1, 1] 555
[0, 1, 1, 1] 575
[0, 1, 1, 1] 606
[0, 1, 1, 1] 613
[0, 1, 1, 1] 615
[0, 1, 1, 1] 628
[0, 1, 1, 1] 633
[0, 1, 1, 1] 638
[0, 1, 1, 1] 650
[0, 1, 1, 1] 665
[0, 1, 1, 1] 665
[0, 1, 1, 1] 670
[0, 1, 1, 1] 674
[0, 1, 1, 1] 689
[0, 1, 1, 1] 703
[0, 1, 1, 1] 705
[0, 1, 1, 1] 728
[0, 1, 1, 1] 729
[0, 0, 1, 1] 271
[0, 0, 1, 1] 277
[0, 0, 1, 1] 284
[0, 0, 1, 1] 296
[0, 0, 1, 1] 306
[0, 0, 1, 1] 316
[0, 0, 1, 1] 323
[0, 0, 1, 1] 323
[0, 0, 1, 1] 328
[0, 0, 1, 1] 342
[0, 0, 1, 1] 365
[0, 0, 1, 1] 367
[0, 0, 1, 1] 367
[0, 0, 1, 1] 372
[0, 0, 1, 1] 392
[0, 0, 1, 1] 394
[0, 0, 1, 1] 398
[0, 0, 1, 1] 400
[0, 0, 1, 1] 418
[0, 0, 1, 1] 419
[0, 0, 1, 1] 428
[0, 0, 1, 1] 429
[0, 0, 1, 1] 430
[0, 0, 1, 1] 431
[0, 0, 1, 1] 437
[0, 0, 1, 1] 449
[0, 0, 1, 1] 451
[0, 0, 1, 1] 478
[0, 0, 0, 1] 17
[0, 0, 0, 1] 26
[0, 0, 0, 1] 33
[0, 0, 0, 1] 46
[0, 0, 0, 1] 46
[0, 0, 0, 1] 61
[0, 0, 0, 1] 64
[0, 0, 0, 1] 76
[0, 0, 0, 1] 85
[0, 0, 0, 1] 91
[0, 0, 0, 1] 143
[0, 0, 0, 1] 144
[0, 0, 0, 1] 212
[0, 0, 0, 1] 217
[0, 0, 0, 1] 226
[0, 0, 0, 1] 232
