VARIABLES 100
NB_OBJ 4
ITEMS
[1, 1, 1, 1] 768
[1, 1, 1, 1] 812
[1, 1, 1, 1] 830
[1, 1, 1, 1] 857
[1, 1, 1, 1] 857
[1, 1, 1, 1] 863
[1, 1, 1, 1] 866
[1, 1, 1, 1] 870
[1, 1, 1, 1] 873
[1, 1, 1, 1] 887
[1, 1, 1, 1] 897
[1, 1, 1, 1] 898
[1, 1, 1, 1] 917
[1, 1, 1, 1] 918
[1, 1, 1, 1] 920
[1, 1, 1, 1] 932
[1, 1, 1, 1] 962
[1, 1, 1, 1] 964
[1, 1, 1, 1] 991
[1, 1, 1, 1] 993
[1, 1, 1, 1] 998
[1, 1, 1, 1] 998
[0, 1, 1, 1] 506
[0, 1, 1, 1] 520
[0, 1, 1, 1] 535
[0, 1, 1, 1] 547
[0, 1, 1, 1] 556
[0, 1, 1, 1] 567
[0, 1, 1, 1] 568
[0, 1, 1, 1] 578
[0, 1, 1, 1] 578
[0, 1, 1, 1] 579
[0, 1, 1, 1] 582
[0, 1, 1, 1] 594
[0, 1, 1, 1] 599
[0, 1, 1, 1] 604
[0, 1, 1, 1] 617
[0, 1, 1, 1] 637
[0, 1, 1, 1] 638
[0, 1, 1, 1] 651
[0, 1, 1, 1] 652
[0, 1, 1, 1] 655
[0, 1, 1, 1] 684
[0, 1, 1, 1] 689
[0, 1, 1, 1] 699
[0, 1, 1, 1] 705
[0, 1, 1, 1] 710
[0, 1, 1, 1] 713
[0, 1, 1, 1] 732
[0, 1, 1, 1] 737
[0, 1, 1, 1] 743
[0, 0, 1, 1] 256
[0, 0, 1, 1] 265
[0, 0, 1, 1] 274
[0, 0, 1, 1] 323
[0, 0, 1, 1] 351
[0, 0, 1, 1] 351
[0, 0, 1, 1] 355
[0, 0, 1, 1] 366
[0, 0, 1, 1] 390
[0, 0, 1, 1] 391
[0, 0, 1, 1] 399
[0, 0, 1, 1] 404
[0, 0, 1, 1] 408
[0, 0, 1, 1] 413
[0, 0, 1, 1] 424
[0, 0, 1, 1] 430
[0, 0, 1, 1] 443
[0, 0, 1, 1] 450
[0, 0, 1, 1] 461
[0, 0, 1, 1] 477
[0, 0, 1, 1] 482
[0, 0, 1, 1] 490
[0, 0, 0, 1] 2
[0, 0, 0, 1] 11
[0, 0, 0, 1] 14
[0, 0, 0, 1] 15
[0, 0, 0, 1] 37
[0, 0, 0, 1] 44
[0, 0, 0, 1] 65
[0, 0, 0, 1] 67
[0, 0, 0, 1] 77
[0, 0, 0, 1] 80
[0, 0, 0, 1] 103
[0, 0, 0, 1] 123
[0, 0, 0, 1] 127
[0, 0, 0, 1] 128
[0, 0, 0, 1] 130
[0, 0, 0, 1] 148
[0, 0, 0, 1] 154
[0, 0, 0, 1] 164
[0, 0, 0, 1] 170
[0, 0, 0, 1] 178
[0, 0, 0, 1] 179
[0, 0, 0, 1] 190
[0, 0, 0, 1] 193
[0, 0, 0, 1] 205
[0, 0, 0, 1] 208
[0, 0, 0, 1] 210
[0, 0, 0, 1] 228
