VARIABLES 100
NB_OBJ 4
ITEMS
[1, 1, 1, 1] 766
[1, 1, 1, 1] 770
[1, 1, 1, 1] 772
[1, 1, 1, 1] 783
[1, 1, 1, 1] 802
[1, 1, 1, 1] 809
[1, 1, 1, 1] 860
[1, 1, 1, 1] 877
[1, 1, 1, 1] 883
[1, 1, 1, 1] 889
[1, 1, 1, 1] 895
[1, 1, 1, 1] 925
[1, 1, 1, 1] 925
[1, 1, 1, 1] 926
[1, 1, 1, 1] 926
[1, 1, 1, 1] 935
[1, 1, 1, 1] 938
[1, 1, 1, 1] 950
[1, 1, 1, 1] 952
[1, 1, 1, 1] 956
[1, 1, 1, 1] 965
[1, 1, 1, 1] 968
[1, 1, 1, 1] 976
[1, 1, 1, 1] 993
[1, 1, 1, 1] 997
[1, 1, 1, 1] 1000
[0, 1, 1, 1] 502
[0, 1, 1, 1] 512
[0, 1, 1, 1] 518
[0, 1, 1, 1] 520
[0, 1, 1, 1] 526
[0, 1, 1, 1] 538
[0, 1, 1, 1] 557
[0, 1, 1, 1] 565
[0, 1, 1, 1] 570
[0, 1, 1, 1] 572
[0, 1, 1, 1] 596
[0, 1, 1, 1] 635
[0, 1, 1, 1] 636
[0, 1, 1, 1] 650
[0, 1, 1, 1] 655
[0, 1, 1, 1] 656
[0, 1, 1, 1] 669
[0, 1, 1, 1] 681
[0, 1, 1, 1] 683
[0, 1, 1, 1] 690
[0, 1, 1, 1] 700
[0, 1, 1, 1] 708
[0, 1, 1, 1] 727
[0, 1, 1, 1] 738
[0, 1, 1, 1] 742
[0, 0, 1, 1] 251
[0, 0, 1, 1] 267
[0, 0, 1, 1] 274
[0, 0, 1, 1] 280
[0, 0, 1, 1] 282
[0, 0, 1, 1] 290
[0, 0, 1, 1] 298
[0, 0, 1, 1] 301
[0, 0, 1, 1] 321
[0, 0, 1, 1] 322
[0, 0, 1, 1] 323
[0, 0, 1, 1] 337
[0, 0, 1, 1] 339
[0, 0, 1, 1] 343
[0, 0, 1, 1] 358
[0, 0, 1, 1] 360
[0, 0, 1, 1] 406
[0, 0, 1, 1] 420
[0, 0, 1, 1] 422
[0, 0, 1, 1] 435
[0, 0, 1, 1] 437
[0, 0, 1, 1] 438
[0, 0, 1, 1] 450
[0, 0, 1, 1] 452
[0, 0, 1, 1] 471
[0, 0, 1, 1] 475
[0, 0, 1, 1] 475
[0, 0, 1, 1] 477
[0, 0, 1, 1] 477
[0, 0, 1, 1] 479
[0, 0, 1, 1] 486
[0, 0, 1, 1] 487
[0, 0, 0, 1] 20
[0, 0, 0, 1] 39
[0, 0, 0, 1] 56
[0, 0, 0, 1] 66
[0, 0, 0, 1] 69
[0, 0, 0, 1] 79
[0, 0, 0, 1] 86
[0, 0, 0, 1] 95
[0, 0, 0, 1] 108
[0, 0, 0, 1] 120
[0, 0, 0, 1] 145
[0, 0, 0, 1] 196
[0, 0, 0, 1] 206
[0, 0, 0, 1] 223
[0, 0, 0, 1] 228
[0, 0, 0, 1] 233
[0, 0, 0, 1] 246
