VARIABLES 100
NB_OBJ 4
ITEMS
[1, 1, 1, 1] 775
[1, 1, 1, 1] 792
[1, 1, 1, 1] 807
[1, 1, 1, 1] 825
[1, 1, 1, 1] 836
[1, 1, 1, 1] 847
[1, 1, 1, 1] 877
[1, 1, 1, 1] 879
[1, 1, 1, 1] 881
[1, 1, 1, 1] 914
[1, 1, 1, 1] 926
[1, 1, 1, 1] 930
[1, 1, 1, 1] 945
[1, 1, 1, 1] 947
[1, 1, 1, 1] 952
[1, 1, 1, 1] 984
[0, 1, 1, 1] 500
[0, 1, 1, 1] 501
[0, 1, 1, 1] 509
[0, 1, 1, 1] 512
[0, 1, 1, 1] 517
[0, 1, 1, 1] 525
[0, 1, 1, 1] 527
[0, 1, 1, 1] 548
[0, 1, 1, 1] 569
[0, 1, 1, 1] 587
[0, 1, 1, 1] 597
[0, 1, 1, 1] 605
[0, 1, 1, 1] 606
[0, 1, 1, 1] 619
[0, 1, 1, 1] 628
[0, 1, 1, 1] 644
[0, 1, 1, 1] 656
[0, 1, 1, 1] 658
[0, 1, 1, 1] 664
[0, 1, 1, 1] 690
[0, 1, 1, 1] 690
[0, 1, 1, 1] 693
[0, 1, 1, 1] 705
[0, 1, 1, 1] 712
[0, 1, 1, 1] 714
[0, 1, 1, 1] 719
[0, 1, 1, 1] 729
[0, 1, 1, 1] 735
[0, 1, 1, 1] 742
[0, 1, 1, 1] 744
[0, 0, 1, 1] 257
[0, 0, 1, 1] 265
[0, 0, 1, 1] 272
[0, 0, 1, 1] 273
[0, 0, 1, 1] 280
[0, 0, 1, 1] 281
[0, 0, 1, 1] 286
[0, 0, 1, 1] 288
[0, 0, 1, 1] 289
[0, 0, 1, 1] 306
[0, 0, 1, 1] 310
[0, 0, 1, 1] 328
[0, 0, 1, 1] 335
[0, 0, 1, 1] 337
[0, 0, 1, 1] 348
[0, 0, 1, 1] 349
[0, 0, 1, 1] 366
[0, 0, 1, 1] 368
[0, 0, 1, 1] 387
[0, 0, 1, 1] 402
[0, 0, 1, 1] 414
[0, 0, 1, 1] 415
[0, 0, 1, 1] 418
[0, 0, 1, 1] 430
[0, 0, 1, 1] 431
[0, 0, 1, 1] 435
[0, 0, 1, 1] 443
[0, 0, 1, 1] 453
[0, 0, 1, 1] 471
[0, 0, 1, 1] 474
[0, 0, 1, 1] 475
[0, 0, 1, 1] 477
[0, 0, 1, 1] 479
[0, 0, 0, 1] 12
[0, 0, 0, 1] 15
[0, 0, 0, 1] 24
[0, 0, 0, 1] 56
[0, 0, 0, 1] 61
[0, 0, 0, 1] 67
[0, 0, 0, 1] 83
[0, 0, 0, 1] 84
[0, 0, 0, 1] 87
[0, 0, 0, 1] 103
[0, 0, 0, 1] 121
[0, 0, 0, 1] 128
[0, 0, 0, 1] 147
[0, 0, 0, 1] 165
[0, 0, 0, 1] 166
[0, 0, 0, 1] 171
[0, 0, 0, 1] 191
[0, 0, 0, 1] 201
[0, 0, 0, 1] 233
[0, 0, 0, 1] 236
[0, 0, 0, 1] 237
