VARIABLES 100
NB_OBJ 4
ITEMS
[1, 1, 1, 1] 756
[1, 1, 1, 1] 772
[1, 1, 1, 1] 777
[1, 1, 1, 1] 785
[1, 1, 1, 1] 790
[1, 1, 1, 1] 844
[1, 1, 1, 1] 848
[1, 1, 1, 1] 849
[1, 1, 1, 1] 875
[1, 1, 1, 1] 888
[1, 1, 1, 1] 890
[1, 1, 1, 1] 891
[1, 1, 1, 1] 895
[1, 1, 1, 1] 899
[1, 1, 1, 1] 909
[1, 1, 1, 1] 909
[1, 1, 1, 1] 914
[1, 1, 1, 1] 916
[1, 1, 1, 1] 917
[1, 1, 1, 1] 952
[1, 1, 1, 1] 967
[1, 1, 1, 1] 968
[1, 1, 1, 1] 976
[1, 1, 1, 1] 977
[1, 1, 1, 1] 982
[1, 1, 1, 1] 987
[0, 1, 1, 1] 524
[0, 1, 1, 1] 528
[0, 1, 1, 1] 547
[0, 1, 1, 1] 551
[0, 1, 1, 1] 560
[0, 1, 1, 1] 576
[0, 1, 1, 1] 582
[0, 1, 1, 1] 657
[0, 1, 1, 1] 658
[0, 1, 1, 1] 659
[0, 1, 1, 1] 679
[0, 1, 1, 1] 696
[0, 1, 1, 1] 710
[0, 1, 1, 1] 727
[0, 1, 1, 1] 737
[0, 1, 1, 1] 750
[0, 0, 1, 1] 259
[0, 0, 1, 1] 264
[0, 0, 1, 1] 271
[0, 0, 1, 1] 272
[0, 0, 1, 1] 285
[0, 0, 1, 1] 322
[0, 0, 1, 1] 346
[0, 0, 1, 1] 350
[0, 0, 1, 1] 351
[0, 0, 1, 1] 352
[0, 0, 1, 1] 355
[0, 0, 1, 1] 374
[0, 0, 1, 1] 374
[0, 0, 1, 1] 380
[0, 0, 1, 1] 402
[0, 0, 1, 1] 412
[0, 0, 1, 1] 440
[0, 0, 1, 1] 460
[0, 0, 1, 1] 472
[0, 0, 1, 1] 480
[0, 0, 1, 1] 483
[0, 0, 1, 1] 489
[0, 0, 1, 1] 493
[0, 0, 0, 1] 1
[0, 0, 0, 1] 9
[0, 0, 0, 1] 13
[0, 0, 0, 1] 22
[0, 0, 0, 1] 24
[0, 0, 0, 1] 38
[0, 0, 0, 1] 39
[0, 0, 0, 1] 42
[0, 0, 0, 1] 43
[0, 0, 0, 1] 43
[0, 0, 0, 1] 50
[0, 0, 0, 1] 60
[0, 0, 0, 1] 70
[0, 0, 0, 1] 74
[0, 0, 0, 1] 76
[0, 0, 0, 1] 77
[0, 0, 0, 1] 90
[0, 0, 0, 1] 104
[0, 0, 0, 1] 115
[0, 0, 0, 1] 115
[0, 0, 0, 1] 117
[0, 0, 0, 1] 124
[0, 0, 0, 1] 129
[0, 0, 0, 1] 158
[0, 0, 0, 1] 163
[0, 0, 0, 1] 170
[0, 0, 0, 1] 174
[0, 0, 0, 1] 192
[0, 0, 0, 1] 200
[0, 0, 0, 1] 216
[0, 0, 0, 1] 216
[0, 0, 0, 1] 228
[0, 0, 0, 1] 240
[0, 0, 0, 1] 243
[0, 0, 0, 1] 245
