VARIABLES 100
NB_OBJ 4
ITEMS
[1, 1, 1, 1] 750
[1, 1, 1, 1] 754
[1, 1, 1, 1] 754
[1, 1, 1, 1] 800
[1, 1, 1, 1] 812
[1, 1, 1, 1] 831
[1, 1, 1, 1] 841
[1, 1, 1, 1] 845
[1, 1, 1, 1] 847
[1, 1, 1, 1] 857
[1, 1, 1, 1] 867
[1, 1, 1, 1] 884
[1, 1, 1, 1] 894
[1, 1, 1, 1] 901
[1, 1, 1, 1] 967
[1, 1, 1, 1] 976
[1, 1, 1, 1] 977
[1, 1, 1, 1] 981
[0, 1, 1, 1] 506
[0, 1, 1, 1] 531
[0, 1, 1, 1] 546
[0, 1, 1, 1] 561
[0, 1, 1, 1] 563
[0, 1, 1, 1] 579
[0, 1, 1, 1] 590
[0, 1, 1, 1] 598
[0, 1, 1, 1] 599
[0, 1, 1, 1] 618
[0, 1, 1, 1] 621
[0, 1, 1, 1] 624
[0, 1, 1, 1] 645
[0, 1, 1, 1] 657
[0, 1, 1, 1] 657
[0, 1, 1, 1] 666
[0, 1, 1, 1] 676
[0, 1, 1, 1] 690
[0, 1, 1, 1] 695
[0, 1, 1, 1] 699
[0, 1, 1, 1] 706
[0, 1, 1, 1] 724
[0, 1, 1, 1] 726
[0, 1, 1, 1] 729
[0, 1, 1, 1] 736
[0, 0, 1, 1] 252
[0, 0, 1, 1] 260
[0, 0, 1, 1] 261
[0, 0, 1, 1] 273
[0, 0, 1, 1] 276
[0, 0, 1, 1] 288
[0, 0, 1, 1] 291
[0, 0, 1, 1] 293
[0, 0, 1, 1] 293
[0, 0, 1, 1] 294
[0, 0, 1, 1] 297
[0, 0, 1, 1] 303
[0, 0, 1, 1] 304
[0, 0, 1, 1] 311
[0, 0, 1, 1] 323
[0, 0, 1, 1] 331
[0, 0, 1, 1] 339
[0, 0, 1, 1] 341
[0, 0, 1, 1] 371
[0, 0, 1, 1] 371
[0, 0, 1, 1] 378
[0, 0, 1, 1] 401
[0, 0, 1, 1] 422
[0, 0, 1, 1] 423
[0, 0, 1, 1] 438
[0, 0, 1, 1] 439
[0, 0, 1, 1] 439
[0, 0, 1, 1] 447
[0, 0, 1, 1] 456
[0, 0, 1, 1] 461
[0, 0, 1, 1] 467
[0, 0, 1, 1] 494
[0, 0, 0, 1] 9
[0, 0, 0, 1] 10
[0, 0, 0, 1] 11
[0, 0, 0, 1] 22
[0, 0, 0, 1] 58
[0, 0, 0, 1] 72
[0, 0, 0, 1] 81
[0, 0, 0, 1] 97
[0, 0, 0, 1] 100
[0, 0, 0, 1] 104
[0, 0, 0, 1] 125
[0, 0, 0, 1] 128
[0, 0, 0, 1] 128
[0, 0, 0, 1] 129
[0, 0, 0, 1] 129
[0, 0, 0, 1] 138
[0, 0, 0, 1] 167
[0, 0, 0, 1] 175
[0, 0, 0, 1] 185
[0, 0, 0, 1] 187
[0, 0, 0, 1] 204
[0, 0, 0, 1] 218
[0, 0, 0, 1] 229
[0, 0, 0, 1] 247
[0, 0, 0, 1] 247
