VARIABLES 100
NB_OBJ 4
ITEMS
[1, 1, 1, 1] 754
[1, 1, 1, 1] 767
[1, 1, 1, 1] 769
[1, 1, 1, 1] 775
[1, 1, 1, 1] 785
[1, 1, 1, 1] 787
[1, 1, 1, 1] 805
[1, 1, 1, 1] 824
[1, 1, 1, 1] 825
[1, 1, 1, 1] 827
[1, 1, 1, 1] 833
[1, 1, 1, 1] 834
[1, 1, 1, 1] 854
[1, 1, 1, 1] 860
[1, 1, 1, 1] 868
[1, 1, 1, 1] 885
[1, 1, 1, 1] 895
[1, 1, 1, 1] 900
[1, 1, 1, 1] 908
[1, 1, 1, 1] 913
[1, 1, 1, 1] 918
[1, 1, 1, 1] 920
[1, 1, 1, 1] 933
[1, 1, 1, 1] 938
[1, 1, 1, 1] 946
[1, 1, 1, 1] 960
[1, 1, 1, 1] 966
[1, 1, 1, 1] 983
[1, 1, 1, 1] 984
[1, 1, 1, 1] 987
[1, 1, 1, 1] 988
[1, 1, 1, 1] 991
[1, 1, 1, 1] 992
[0, 1, 1, 1] 522
[0, 1, 1, 1] 525
[0, 1, 1, 1] 535
[0, 1, 1, 1] 535
[0, 1, 1, 1] 538
[0, 1, 1, 1] 549
[0, 1, 1, 1] 560
[0, 1, 1, 1] 563
[0, 1, 1, 1] 571
[0, 1, 1, 1] 581
[0, 1, 1, 1] 585
[0, 1, 1, 1] 598
[0, 1, 1, 1] 618
[0, 1, 1, 1] 626
[0, 1, 1, 1] 634
[0, 1, 1, 1] 643
[0, 1, 1, 1] 663
[0, 1, 1, 1] 695
[0, 1, 1, 1] 702
[0, 1, 1, 1] 735
[0, 0, 1, 1] 251
[0, 0, 1, 1] 267
[0, 0, 1, 1] 276
[0, 0, 1, 1] 282
[0, 0, 1, 1] 284
[0, 0, 1, 1] 296
[0, 0, 1, 1] 317
[0, 0, 1, 1] 332
[0, 0, 1, 1] 344
[0, 0, 1, 1] 344
[0, 0, 1, 1] 355
[0, 0, 1, 1] 362
[0, 0, 1, 1] 392
[0, 0, 1, 1] 409
[0, 0, 1, 1] 414
[0, 0, 1, 1] 415
[0, 0, 1, 1] 422
[0, 0, 1, 1] 435
[0, 0, 1, 1] 437
[0, 0, 1, 1] 441
[0, 0, 1, 1] 444
[0, 0, 1, 1] 444
[0, 0, 1, 1] 446
[0, 0, 1, 1] 481
[0, 0, 1, 1] 492
[0, 0, 0, 1] 13
[0, 0, 0, 1] 17
[0, 0, 0, 1] 26
[0, 0, 0, 1] 30
[0, 0, 0, 1] 45
[0, 0, 0, 1] 59
[0, 0, 0, 1] 65
[0, 0, 0, 1] 67
[0, 0, 0, 1] 93
[0, 0, 0, 1] 102
[0, 0, 0, 1] 105
[0, 0, 0, 1] 108
[0, 0, 0, 1] 120
[0, 0, 0, 1] 137
[0, 0, 0, 1] 151
[0, 0, 0, 1] 181
[0, 0, 0, 1] 182
[0, 0, 0, 1] 204
[0, 0, 0, 1] 223
[0, 0, 0, 1] 232
[0, 0, 0, 1] 235
[0, 0, 0, 1] 250
