VARIABLES 100
NB_OBJ 8
ITEMS
[1, 1, 1, 1, 1, 1, 1, 1] 34
[1, 1, 1, 1, 1, 1, 1, 1] 57
[1, 1, 1, 1, 1, 1, 1, 1] 100
[1, 1, 1, 1, 1, 1, 1, 1] 154
[1, 1, 1, 1, 1, 1, 1, 1] 201
[1, 1, 1, 1, 1, 1, 1, 1] 379
[1, 1, 1, 1, 1, 1, 1, 1] 383
[1, 1, 1, 1, 1, 1, 1, 1] 658
[1, 1, 1, 1, 1, 1, 1, 1] 765
[1, 1, 1, 1, 1, 1, 1, 1] 948
[1, 1, 1, 1, 1, 1, 1, 1] 996
[0, 1, 1, 1, 1, 1, 1, 1] 14
[0, 1, 1, 1, 1, 1, 1, 1] 27
[0, 1, 1, 1, 1, 1, 1, 1] 84
[0, 1, 1, 1, 1, 1, 1, 1] 171
[0, 1, 1, 1, 1, 1, 1, 1] 203
[0, 1, 1, 1, 1, 1, 1, 1] 213
[0, 1, 1, 1, 1, 1, 1, 1] 218
[0, 1, 1, 1, 1, 1, 1, 1] 261
[0, 1, 1, 1, 1, 1, 1, 1] 320
[0, 1, 1, 1, 1, 1, 1, 1] 365
[0, 1, 1, 1, 1, 1, 1, 1] 403
[0, 1, 1, 1, 1, 1, 1, 1] 457
[0, 1, 1, 1, 1, 1, 1, 1] 529
[0, 1, 1, 1, 1, 1, 1, 1] 753
[0, 1, 1, 1, 1, 1, 1, 1] 819
[0, 1, 1, 1, 1, 1, 1, 1] 927
[0, 1, 1, 1, 1, 1, 1, 1] 944
[0, 1, 1, 1, 1, 1, 1, 1] 951
[0, 0, 1, 1, 1, 1, 1, 1] 3
[0, 0, 1, 1, 1, 1, 1, 1] 25
[0, 0, 1, 1, 1, 1, 1, 1] 208
[0, 0, 1, 1, 1, 1, 1, 1] 261
[0, 0, 1, 1, 1, 1, 1, 1] 300
[0, 0, 1, 1, 1, 1, 1, 1] 515
[0, 0, 1, 1, 1, 1, 1, 1] 641
[0, 0, 1, 1, 1, 1, 1, 1] 648
[0, 0, 1, 1, 1, 1, 1, 1] 707
[0, 0, 1, 1, 1, 1, 1, 1] 821
[0, 0, 1, 1, 1, 1, 1, 1] 890
[0, 0, 1, 1, 1, 1, 1, 1] 926
[0, 0, 0, 1, 1, 1, 1, 1] 56
[0, 0, 0, 1, 1, 1, 1, 1] 93
[0, 0, 0, 1, 1, 1, 1, 1] 101
[0, 0, 0, 1, 1, 1, 1, 1] 105
[0, 0, 0, 1, 1, 1, 1, 1] 121
[0, 0, 0, 1, 1, 1, 1, 1] 133
[0, 0, 0, 1, 1, 1, 1, 1] 282
[0, 0, 0, 1, 1, 1, 1, 1] 622
[0, 0, 0, 1, 1, 1, 1, 1] 633
[0, 0, 0, 1, 1, 1, 1, 1] 727
[0, 0, 0, 1, 1, 1, 1, 1] 938
[0, 0, 0, 1, 1, 1, 1, 1] 939
[0, 0, 0, 1, 1, 1, 1, 1] 987
[0, 0, 0, 0, 1, 1, 1, 1] 35
[0, 0, 0, 0, 1, 1, 1, 1] 56
[0, 0, 0, 0, 1, 1, 1, 1] 89
[0, 0, 0, 0, 1, 1, 1, 1] 94
[0, 0, 0, 0, 1, 1, 1, 1] 339
[0, 0, 0, 0, 1, 1, 1, 1] 405
[0, 0, 0, 0, 1, 1, 1, 1] 831
[0, 0, 0, 0, 0, 1, 1, 1] 55
[0, 0, 0, 0, 0, 1, 1, 1] 153
[0, 0, 0, 0, 0, 1, 1, 1] 431
[0, 0, 0, 0, 0, 1, 1, 1] 730
[0, 0, 0, 0, 0, 1, 1, 1] 995
[0, 0, 0, 0, 0, 0, 1, 1] 83
[0, 0, 0, 0, 0, 0, 1, 1] 92
[0, 0, 0, 0, 0, 0, 1, 1] 133
[0, 0, 0, 0, 0, 0, 1, 1] 140
[0, 0, 0, 0, 0, 0, 1, 1] 198
[0, 0, 0, 0, 0, 0, 1, 1] 400
[0, 0, 0, 0, 0, 0, 1, 1] 423
[0, 0, 0, 0, 0, 0, 1, 1] 436
[0, 0, 0, 0, 0, 0, 1, 1] 453
[0, 0, 0, 0, 0, 0, 1, 1] 636
[0, 0, 0, 0, 0, 0, 1, 1] 640
[0, 0, 0, 0, 0, 0, 1, 1] 693
[0, 0, 0, 0, 0, 0, 1, 1] 696
[0, 0, 0, 0, 0, 0, 1, 1] 754
[0, 0, 0, 0, 0, 0, 0, 1] 150
[0, 0, 0, 0, 0, 0, 0, 1] 213
[0, 0, 0, 0, 0, 0, 0, 1] 226
[0, 0, 0, 0, 0, 0, 0, 1] 345
[0, 0, 0, 0, 0, 0, 0, 1] 345
[0, 0, 0, 0, 0, 0, 0, 1] 396
[0, 0, 0, 0, 0, 0, 0, 1] 474
[0, 0, 0, 0, 0, 0, 0, 1] 475
[0, 0, 0, 0, 0, 0, 0, 1] 491
[0, 0, 0, 0, 0, 0, 0, 1] 517
[0, 0, 0, 0, 0, 0, 0, 1] 537
[0, 0, 0, 0, 0, 0, 0, 1] 543
[0, 0, 0, 0, 0, 0, 0, 1] 625
[0, 0, 0, 0, 0, 0, 0, 1] 636
[0, 0, 0, 0, 0, 0, 0, 1] 654
[0, 0, 0, 0, 0, 0, 0, 1] 750
[0, 0, 0, 0, 0, 0, 0, 1] 802
[0, 0, 0, 0, 0, 0, 0, 1] 887
[0, 0, 0, 0, 0, 0, 0, 1] 988
[0, 0, 0, 0, 0, 0, 0, 1] 998
