VARIABLES 100
NB_OBJ 8
ITEMS
[1, 1, 1, 1, 1, 1, 1, 1] 4
[1, 1, 1, 1, 1, 1, 1, 1] 25
[1, 1, 1, 1, 1, 1, 1, 1] 33
[1, 1, 1, 1, 1, 1, 1, 1] 270
[1, 1, 1, 1, 1, 1, 1, 1] 303
[1, 1, 1, 1, 1, 1, 1, 1] 311
[1, 1, 1, 1, 1, 1, 1, 1] 323
[1, 1, 1, 1, 1, 1, 1, 1] 361
[1, 1, 1, 1, 1, 1, 1, 1] 378
[1, 1, 1, 1, 1, 1, 1, 1] 623
[1, 1, 1, 1, 1, 1, 1, 1] 653
[1, 1, 1, 1, 1, 1, 1, 1] 859
[1, 1, 1, 1, 1, 1, 1, 1] 920
[0, 1, 1, 1, 1, 1, 1, 1] 71
[0, 1, 1, 1, 1, 1, 1, 1] 102
[0, 1, 1, 1, 1, 1, 1, 1] 131
[0, 1, 1, 1, 1, 1, 1, 1] 132
[0, 1, 1, 1, 1, 1, 1, 1] 161
[0, 1, 1, 1, 1, 1, 1, 1] 199
[0, 1, 1, 1, 1, 1, 1, 1] 273
[0, 1, 1, 1, 1, 1, 1, 1] 416
[0, 1, 1, 1, 1, 1, 1, 1] 432
[0, 1, 1, 1, 1, 1, 1, 1] 560
[0, 1, 1, 1, 1, 1, 1, 1] 698
[0, 1, 1, 1, 1, 1, 1, 1] 755
[0, 1, 1, 1, 1, 1, 1, 1] 891
[0, 1, 1, 1, 1, 1, 1, 1] 901
[0, 0, 1, 1, 1, 1, 1, 1] 81
[0, 0, 1, 1, 1, 1, 1, 1] 95
[0, 0, 1, 1, 1, 1, 1, 1] 116
[0, 0, 1, 1, 1, 1, 1, 1] 159
[0, 0, 1, 1, 1, 1, 1, 1] 306
[0, 0, 1, 1, 1, 1, 1, 1] 327
[0, 0, 1, 1, 1, 1, 1, 1] 444
[0, 0, 1, 1, 1, 1, 1, 1] 460
[0, 0, 1, 1, 1, 1, 1, 1] 512
[0, 0, 1, 1, 1, 1, 1, 1] 619
[0, 0, 1, 1, 1, 1, 1, 1] 694
[0, 0, 1, 1, 1, 1, 1, 1] 732
[0, 0, 1, 1, 1, 1, 1, 1] 781
[0, 0, 1, 1, 1, 1, 1, 1] 784
[0, 0, 1, 1, 1, 1, 1, 1] 842
[0, 0, 1, 1, 1, 1, 1, 1] 886
[0, 0, 1, 1, 1, 1, 1, 1] 957
[0, 0, 1, 1, 1, 1, 1, 1] 961
[0, 0, 1, 1, 1, 1, 1, 1] 969
[0, 0, 1, 1, 1, 1, 1, 1] 981
[0, 0, 0, 1, 1, 1, 1, 1] 11
[0, 0, 0, 1, 1, 1, 1, 1] 18
[0, 0, 0, 1, 1, 1, 1, 1] 37
[0, 0, 0, 1, 1, 1, 1, 1] 413
[0, 0, 0, 1, 1, 1, 1, 1] 530
[0, 0, 0, 1, 1, 1, 1, 1] 556
[0, 0, 0, 1, 1, 1, 1, 1] 585
[0, 0, 0, 1, 1, 1, 1, 1] 688
[0, 0, 0, 0, 1, 1, 1, 1] 139
[0, 0, 0, 0, 1, 1, 1, 1] 256
[0, 0, 0, 0, 1, 1, 1, 1] 383
[0, 0, 0, 0, 1, 1, 1, 1] 452
[0, 0, 0, 0, 1, 1, 1, 1] 646
[0, 0, 0, 0, 1, 1, 1, 1] 716
[0, 0, 0, 0, 1, 1, 1, 1] 833
[0, 0, 0, 0, 1, 1, 1, 1] 849
[0, 0, 0, 0, 1, 1, 1, 1] 885
[0, 0, 0, 0, 0, 1, 1, 1] 46
[0, 0, 0, 0, 0, 1, 1, 1] 111
[0, 0, 0, 0, 0, 1, 1, 1] 115
[0, 0, 0, 0, 0, 1, 1, 1] 170
[0, 0, 0, 0, 0, 1, 1, 1] 285
[0, 0, 0, 0, 0, 1, 1, 1] 290
[0, 0, 0, 0, 0, 1, 1, 1] 294
[0, 0, 0, 0, 0, 1, 1, 1] 378
[0, 0, 0, 0, 0, 1, 1, 1] 578
[0, 0, 0, 0, 0, 1, 1, 1] 844
[0, 0, 0, 0, 0, 1, 1, 1] 990
[0, 0, 0, 0, 0, 0, 1, 1] 143
[0, 0, 0, 0, 0, 0, 1, 1] 187
[0, 0, 0, 0, 0, 0, 1, 1] 207
[0, 0, 0, 0, 0, 0, 1, 1] 479
[0, 0, 0, 0, 0, 0, 1, 1] 516
[0, 0, 0, 0, 0, 0, 1, 1] 560
[0, 0, 0, 0, 0, 0, 1, 1] 586
[0, 0, 0, 0, 0, 0, 1, 1] 641
[0, 0, 0, 0, 0, 0, 1, 1] 721
[0, 0, 0, 0, 0, 0, 1, 1] 920
[0, 0, 0, 0, 0, 0, 1, 1] 966
[0, 0, 0, 0, 0, 0, 1, 1] 971
[0, 0, 0, 0, 0, 0, 0, 1] 132
[0, 0, 0, 0, 0, 0, 0, 1] 167
[0, 0, 0, 0, 0, 0, 0, 1] 193
[0, 0, 0, 0, 0, 0, 0, 1] 268
[0, 0, 0, 0, 0, 0, 0, 1] 328
[0, 0, 0, 0, 0, 0, 0, 1] 418
[0, 0, 0, 0, 0, 0, 0, 1] 437
[0, 0, 0, 0, 0, 0, 0, 1] 502
[0, 0, 0, 0, 0, 0, 0, 1] 676
[0, 0, 0, 0, 0, 0, 0, 1] 756
[0, 0, 0, 0, 0, 0, 0, 1] 830
[0, 0, 0, 0, 0, 0, 0, 1] 834
[0, 0, 0, 0, 0, 0, 0, 1] 955
