VARIABLES 100
NB_OBJ 8
ITEMS
[1, 1, 1, 1, 1, 1, 1, 1] 84
[1, 1, 1, 1, 1, 1, 1, 1] 97
[1, 1, 1, 1, 1, 1, 1, 1] 391
[1, 1, 1, 1, 1, 1, 1, 1] 520
[1, 1, 1, 1, 1, 1, 1, 1] 541
[1, 1, 1, 1, 1, 1, 1, 1] 549
[1, 1, 1, 1, 1, 1, 1, 1] 614
[1, 1, 1, 1, 1, 1, 1, 1] 647
[1, 1, 1, 1, 1, 1, 1, 1] 657
[1, 1, 1, 1, 1, 1, 1, 1] 746
[1, 1, 1, 1, 1, 1, 1, 1] 788
[1, 1, 1, 1, 1, 1, 1, 1] 790
[1, 1, 1, 1, 1, 1, 1, 1] 858
[1, 1, 1, 1, 1, 1, 1, 1] 907
[0, 1, 1, 1, 1, 1, 1, 1] 163
[0, 1, 1, 1, 1, 1, 1, 1] 174
[0, 1, 1, 1, 1, 1, 1, 1] 255
[0, 1, 1, 1, 1, 1, 1, 1] 318
[0, 1, 1, 1, 1, 1, 1, 1] 355
[0, 1, 1, 1, 1, 1, 1, 1] 356
[0, 1, 1, 1, 1, 1, 1, 1] 552
[0, 1, 1, 1, 1, 1, 1, 1] 594
[0, 1, 1, 1, 1, 1, 1, 1] 598
[0, 1, 1, 1, 1, 1, 1, 1] 734
[0, 1, 1, 1, 1, 1, 1, 1] 806
[0, 1, 1, 1, 1, 1, 1, 1] 899
[0, 1, 1, 1, 1, 1, 1, 1] 913
[0, 1, 1, 1, 1, 1, 1, 1] 989
[0, 0, 1, 1, 1, 1, 1, 1] 86
[0, 0, 1, 1, 1, 1, 1, 1] 99
[0, 0, 1, 1, 1, 1, 1, 1] 181
[0, 0, 1, 1, 1, 1, 1, 1] 188
[0, 0, 1, 1, 1, 1, 1, 1] 230
[0, 0, 1, 1, 1, 1, 1, 1] 335
[0, 0, 1, 1, 1, 1, 1, 1] 370
[0, 0, 1, 1, 1, 1, 1, 1] 437
[0, 0, 1, 1, 1, 1, 1, 1] 449
[0, 0, 1, 1, 1, 1, 1, 1] 487
[0, 0, 1, 1, 1, 1, 1, 1] 488
[0, 0, 1, 1, 1, 1, 1, 1] 495
[0, 0, 1, 1, 1, 1, 1, 1] 606
[0, 0, 1, 1, 1, 1, 1, 1] 767
[0, 0, 1, 1, 1, 1, 1, 1] 804
[0, 0, 1, 1, 1, 1, 1, 1] 898
[0, 0, 1, 1, 1, 1, 1, 1] 908
[0, 0, 1, 1, 1, 1, 1, 1] 932
[0, 0, 1, 1, 1, 1, 1, 1] 939
[0, 0, 0, 1, 1, 1, 1, 1] 109
[0, 0, 0, 1, 1, 1, 1, 1] 369
[0, 0, 0, 1, 1, 1, 1, 1] 551
[0, 0, 0, 1, 1, 1, 1, 1] 616
[0, 0, 0, 1, 1, 1, 1, 1] 752
[0, 0, 0, 1, 1, 1, 1, 1] 809
[0, 0, 0, 1, 1, 1, 1, 1] 916
[0, 0, 0, 1, 1, 1, 1, 1] 927
[0, 0, 0, 1, 1, 1, 1, 1] 969
[0, 0, 0, 1, 1, 1, 1, 1] 971
[0, 0, 0, 0, 1, 1, 1, 1] 9
[0, 0, 0, 0, 1, 1, 1, 1] 14
[0, 0, 0, 0, 1, 1, 1, 1] 264
[0, 0, 0, 0, 1, 1, 1, 1] 430
[0, 0, 0, 0, 1, 1, 1, 1] 540
[0, 0, 0, 0, 1, 1, 1, 1] 646
[0, 0, 0, 0, 1, 1, 1, 1] 719
[0, 0, 0, 0, 1, 1, 1, 1] 734
[0, 0, 0, 0, 1, 1, 1, 1] 779
[0, 0, 0, 0, 1, 1, 1, 1] 869
[0, 0, 0, 0, 0, 1, 1, 1] 183
[0, 0, 0, 0, 0, 1, 1, 1] 300
[0, 0, 0, 0, 0, 1, 1, 1] 317
[0, 0, 0, 0, 0, 1, 1, 1] 358
[0, 0, 0, 0, 0, 1, 1, 1] 393
[0, 0, 0, 0, 0, 1, 1, 1] 424
[0, 0, 0, 0, 0, 1, 1, 1] 647
[0, 0, 0, 0, 0, 1, 1, 1] 662
[0, 0, 0, 0, 0, 1, 1, 1] 713
[0, 0, 0, 0, 0, 1, 1, 1] 727
[0, 0, 0, 0, 0, 1, 1, 1] 806
[0, 0, 0, 0, 0, 1, 1, 1] 831
[0, 0, 0, 0, 0, 1, 1, 1] 855
[0, 0, 0, 0, 0, 0, 1, 1] 101
[0, 0, 0, 0, 0, 0, 1, 1] 154
[0, 0, 0, 0, 0, 0, 1, 1] 273
[0, 0, 0, 0, 0, 0, 1, 1] 353
[0, 0, 0, 0, 0, 0, 1, 1] 360
[0, 0, 0, 0, 0, 0, 1, 1] 493
[0, 0, 0, 0, 0, 0, 1, 1] 605
[0, 0, 0, 0, 0, 0, 1, 1] 774
[0, 0, 0, 0, 0, 0, 1, 1] 797
[0, 0, 0, 0, 0, 0, 1, 1] 988
[0, 0, 0, 0, 0, 0, 0, 1] 52
[0, 0, 0, 0, 0, 0, 0, 1] 69
[0, 0, 0, 0, 0, 0, 0, 1] 351
[0, 0, 0, 0, 0, 0, 0, 1] 542
[0, 0, 0, 0, 0, 0, 0, 1] 572
[0, 0, 0, 0, 0, 0, 0, 1] 590
[0, 0, 0, 0, 0, 0, 0, 1] 702
[0, 0, 0, 0, 0, 0, 0, 1] 918
[0, 0, 0, 0, 0, 0, 0, 1] 953
[0, 0, 0, 0, 0, 0, 0, 1] 985
