VARIABLES 100
NB_OBJ 8
ITEMS
[1, 1, 1, 1, 1, 1, 1, 1] 74
[1, 1, 1, 1, 1, 1, 1, 1] 104
[1, 1, 1, 1, 1, 1, 1, 1] 146
[1, 1, 1, 1, 1, 1, 1, 1] 173
[1, 1, 1, 1, 1, 1, 1, 1] 202
[1, 1, 1, 1, 1, 1, 1, 1] 205
[1, 1, 1, 1, 1, 1, 1, 1] 219
[1, 1, 1, 1, 1, 1, 1, 1] 255
[1, 1, 1, 1, 1, 1, 1, 1] 321
[1, 1, 1, 1, 1, 1, 1, 1] 382
[1, 1, 1, 1, 1, 1, 1, 1] 441
[1, 1, 1, 1, 1, 1, 1, 1] 575
[1, 1, 1, 1, 1, 1, 1, 1] 576
[1, 1, 1, 1, 1, 1, 1, 1] 581
[1, 1, 1, 1, 1, 1, 1, 1] 586
[1, 1, 1, 1, 1, 1, 1, 1] 588
[1, 1, 1, 1, 1, 1, 1, 1] 676
[1, 1, 1, 1, 1, 1, 1, 1] 705
[1, 1, 1, 1, 1, 1, 1, 1] 707
[1, 1, 1, 1, 1, 1, 1, 1] 797
[1, 1, 1, 1, 1, 1, 1, 1] 830
[1, 1, 1, 1, 1, 1, 1, 1] 833
[1, 1, 1, 1, 1, 1, 1, 1] 922
[1, 1, 1, 1, 1, 1, 1, 1] 986
[0, 1, 1, 1, 1, 1, 1, 1] 48
[0, 1, 1, 1, 1, 1, 1, 1] 64
[0, 1, 1, 1, 1, 1, 1, 1] 89
[0, 1, 1, 1, 1, 1, 1, 1] 102
[0, 1, 1, 1, 1, 1, 1, 1] 159
[0, 1, 1, 1, 1, 1, 1, 1] 170
[0, 1, 1, 1, 1, 1, 1, 1] 260
[0, 1, 1, 1, 1, 1, 1, 1] 305
[0, 1, 1, 1, 1, 1, 1, 1] 305
[0, 1, 1, 1, 1, 1, 1, 1] 434
[0, 1, 1, 1, 1, 1, 1, 1] 644
[0, 1, 1, 1, 1, 1, 1, 1] 652
[0, 1, 1, 1, 1, 1, 1, 1] 768
[0, 1, 1, 1, 1, 1, 1, 1] 780
[0, 1, 1, 1, 1, 1, 1, 1] 981
[0, 0, 1, 1, 1, 1, 1, 1] 173
[0, 0, 1, 1, 1, 1, 1, 1] 210
[0, 0, 1, 1, 1, 1, 1, 1] 254
[0, 0, 1, 1, 1, 1, 1, 1] 325
[0, 0, 1, 1, 1, 1, 1, 1] 421
[0, 0, 1, 1, 1, 1, 1, 1] 464
[0, 0, 1, 1, 1, 1, 1, 1] 615
[0, 0, 1, 1, 1, 1, 1, 1] 792
[0, 0, 1, 1, 1, 1, 1, 1] 795
[0, 0, 1, 1, 1, 1, 1, 1] 882
[0, 0, 1, 1, 1, 1, 1, 1] 957
[0, 0, 1, 1, 1, 1, 1, 1] 981
[0, 0, 0, 1, 1, 1, 1, 1] 92
[0, 0, 0, 1, 1, 1, 1, 1] 132
[0, 0, 0, 1, 1, 1, 1, 1] 326
[0, 0, 0, 1, 1, 1, 1, 1] 360
[0, 0, 0, 1, 1, 1, 1, 1] 365
[0, 0, 0, 1, 1, 1, 1, 1] 554
[0, 0, 0, 1, 1, 1, 1, 1] 948
[0, 0, 0, 0, 1, 1, 1, 1] 3
[0, 0, 0, 0, 1, 1, 1, 1] 68
[0, 0, 0, 0, 1, 1, 1, 1] 213
[0, 0, 0, 0, 1, 1, 1, 1] 268
[0, 0, 0, 0, 1, 1, 1, 1] 334
[0, 0, 0, 0, 1, 1, 1, 1] 428
[0, 0, 0, 0, 1, 1, 1, 1] 567
[0, 0, 0, 0, 1, 1, 1, 1] 657
[0, 0, 0, 0, 1, 1, 1, 1] 768
[0, 0, 0, 0, 1, 1, 1, 1] 770
[0, 0, 0, 0, 1, 1, 1, 1] 827
[0, 0, 0, 0, 1, 1, 1, 1] 951
[0, 0, 0, 0, 1, 1, 1, 1] 998
[0, 0, 0, 0, 0, 1, 1, 1] 136
[0, 0, 0, 0, 0, 1, 1, 1] 160
[0, 0, 0, 0, 0, 1, 1, 1] 223
[0, 0, 0, 0, 0, 1, 1, 1] 264
[0, 0, 0, 0, 0, 1, 1, 1] 459
[0, 0, 0, 0, 0, 1, 1, 1] 519
[0, 0, 0, 0, 0, 1, 1, 1] 579
[0, 0, 0, 0, 0, 1, 1, 1] 771
[0, 0, 0, 0, 0, 1, 1, 1] 876
[0, 0, 0, 0, 0, 0, 1, 1] 31
[0, 0, 0, 0, 0, 0, 1, 1] 106
[0, 0, 0, 0, 0, 0, 1, 1] 239
[0, 0, 0, 0, 0, 0, 1, 1] 240
[0, 0, 0, 0, 0, 0, 1, 1] 416
[0, 0, 0, 0, 0, 0, 1, 1] 439
[0, 0, 0, 0, 0, 0, 1, 1] 470
[0, 0, 0, 0, 0, 0, 1, 1] 563
[0, 0, 0, 0, 0, 0, 1, 1] 568
[0, 0, 0, 0, 0, 0, 1, 1] 599
[0, 0, 0, 0, 0, 0, 1, 1] 654
[0, 0, 0, 0, 0, 0, 1, 1] 815
[0, 0, 0, 0, 0, 0, 1, 1] 883
[0, 0, 0, 0, 0, 0, 0, 1] 251
[0, 0, 0, 0, 0, 0, 0, 1] 485
[0, 0, 0, 0, 0, 0, 0, 1] 590
[0, 0, 0, 0, 0, 0, 0, 1] 619
[0, 0, 0, 0, 0, 0, 0, 1] 662
[0, 0, 0, 0, 0, 0, 0, 1] 746
[0, 0, 0, 0, 0, 0, 0, 1] 932
