VARIABLES 100
NB_OBJ 8
ITEMS
[1, 1, 1, 1, 1, 1, 1, 1] 32
[1, 1, 1, 1, 1, 1, 1, 1] 111
[1, 1, 1, 1, 1, 1, 1, 1] 206
[1, 1, 1, 1, 1, 1, 1, 1] 252
[1, 1, 1, 1, 1, 1, 1, 1] 442
[1, 1, 1, 1, 1, 1, 1, 1] 466
[1, 1, 1, 1, 1, 1, 1, 1] 511
[1, 1, 1, 1, 1, 1, 1, 1] 735
[1, 1, 1, 1, 1, 1, 1, 1] 776
[1, 1, 1, 1, 1, 1, 1, 1] 901
[0, 1, 1, 1, 1, 1, 1, 1] 51
[0, 1, 1, 1, 1, 1, 1, 1] 76
[0, 1, 1, 1, 1, 1, 1, 1] 161
[0, 1, 1, 1, 1, 1, 1, 1] 298
[0, 1, 1, 1, 1, 1, 1, 1] 329
[0, 1, 1, 1, 1, 1, 1, 1] 335
[0, 1, 1, 1, 1, 1, 1, 1] 339
[0, 1, 1, 1, 1, 1, 1, 1] 415
[0, 1, 1, 1, 1, 1, 1, 1] 507
[0, 1, 1, 1, 1, 1, 1, 1] 530
[0, 1, 1, 1, 1, 1, 1, 1] 530
[0, 1, 1, 1, 1, 1, 1, 1] 849
[0, 1, 1, 1, 1, 1, 1, 1] 852
[0, 0, 1, 1, 1, 1, 1, 1] 15
[0, 0, 1, 1, 1, 1, 1, 1] 19
[0, 0, 1, 1, 1, 1, 1, 1] 28
[0, 0, 1, 1, 1, 1, 1, 1] 140
[0, 0, 1, 1, 1, 1, 1, 1] 292
[0, 0, 1, 1, 1, 1, 1, 1] 301
[0, 0, 1, 1, 1, 1, 1, 1] 472
[0, 0, 1, 1, 1, 1, 1, 1] 584
[0, 0, 1, 1, 1, 1, 1, 1] 661
[0, 0, 1, 1, 1, 1, 1, 1] 765
[0, 0, 1, 1, 1, 1, 1, 1] 767
[0, 0, 1, 1, 1, 1, 1, 1] 790
[0, 0, 1, 1, 1, 1, 1, 1] 935
[0, 0, 0, 1, 1, 1, 1, 1] 156
[0, 0, 0, 1, 1, 1, 1, 1] 158
[0, 0, 0, 1, 1, 1, 1, 1] 186
[0, 0, 0, 1, 1, 1, 1, 1] 244
[0, 0, 0, 1, 1, 1, 1, 1] 345
[0, 0, 0, 1, 1, 1, 1, 1] 478
[0, 0, 0, 1, 1, 1, 1, 1] 696
[0, 0, 0, 1, 1, 1, 1, 1] 763
[0, 0, 0, 1, 1, 1, 1, 1] 770
[0, 0, 0, 1, 1, 1, 1, 1] 788
[0, 0, 0, 1, 1, 1, 1, 1] 871
[0, 0, 0, 1, 1, 1, 1, 1] 909
[0, 0, 0, 1, 1, 1, 1, 1] 977
[0, 0, 0, 1, 1, 1, 1, 1] 985
[0, 0, 0, 0, 1, 1, 1, 1] 28
[0, 0, 0, 0, 1, 1, 1, 1] 77
[0, 0, 0, 0, 1, 1, 1, 1] 128
[0, 0, 0, 0, 1, 1, 1, 1] 148
[0, 0, 0, 0, 1, 1, 1, 1] 213
[0, 0, 0, 0, 1, 1, 1, 1] 286
[0, 0, 0, 0, 1, 1, 1, 1] 455
[0, 0, 0, 0, 1, 1, 1, 1] 471
[0, 0, 0, 0, 1, 1, 1, 1] 673
[0, 0, 0, 0, 1, 1, 1, 1] 702
[0, 0, 0, 0, 1, 1, 1, 1] 733
[0, 0, 0, 0, 1, 1, 1, 1] 778
[0, 0, 0, 0, 1, 1, 1, 1] 891
[0, 0, 0, 0, 1, 1, 1, 1] 915
[0, 0, 0, 0, 1, 1, 1, 1] 962
[0, 0, 0, 0, 0, 1, 1, 1] 71
[0, 0, 0, 0, 0, 1, 1, 1] 131
[0, 0, 0, 0, 0, 1, 1, 1] 154
[0, 0, 0, 0, 0, 1, 1, 1] 234
[0, 0, 0, 0, 0, 1, 1, 1] 270
[0, 0, 0, 0, 0, 1, 1, 1] 304
[0, 0, 0, 0, 0, 1, 1, 1] 370
[0, 0, 0, 0, 0, 1, 1, 1] 405
[0, 0, 0, 0, 0, 1, 1, 1] 461
[0, 0, 0, 0, 0, 1, 1, 1] 487
[0, 0, 0, 0, 0, 1, 1, 1] 523
[0, 0, 0, 0, 0, 1, 1, 1] 586
[0, 0, 0, 0, 0, 1, 1, 1] 783
[0, 0, 0, 0, 0, 1, 1, 1] 920
[0, 0, 0, 0, 0, 1, 1, 1] 945
[0, 0, 0, 0, 0, 0, 1, 1] 26
[0, 0, 0, 0, 0, 0, 1, 1] 228
[0, 0, 0, 0, 0, 0, 1, 1] 267
[0, 0, 0, 0, 0, 0, 1, 1] 462
[0, 0, 0, 0, 0, 0, 1, 1] 490
[0, 0, 0, 0, 0, 0, 1, 1] 504
[0, 0, 0, 0, 0, 0, 1, 1] 644
[0, 0, 0, 0, 0, 0, 1, 1] 786
[0, 0, 0, 0, 0, 0, 1, 1] 893
[0, 0, 0, 0, 0, 0, 1, 1] 933
[0, 0, 0, 0, 0, 0, 1, 1] 934
[0, 0, 0, 0, 0, 0, 1, 1] 935
[0, 0, 0, 0, 0, 0, 0, 1] 185
[0, 0, 0, 0, 0, 0, 0, 1] 428
[0, 0, 0, 0, 0, 0, 0, 1] 465
[0, 0, 0, 0, 0, 0, 0, 1] 465
[0, 0, 0, 0, 0, 0, 0, 1] 497
[0, 0, 0, 0, 0, 0, 0, 1] 678
[0, 0, 0, 0, 0, 0, 0, 1] 803
[0, 0, 0, 0, 0, 0, 0, 1] 954
