VARIABLES 100
NB_OBJ 8
ITEMS
[1, 1, 1, 1, 1, 1, 1, 1] 72
[1, 1, 1, 1, 1, 1, 1, 1] 211
[1, 1, 1, 1, 1, 1, 1, 1] 235
[1, 1, 1, 1, 1, 1, 1, 1] 249
[1, 1, 1, 1, 1, 1, 1, 1] 336
[1, 1, 1, 1, 1, 1, 1, 1] 378
[1, 1, 1, 1, 1, 1, 1, 1] 392
[1, 1, 1, 1, 1, 1, 1, 1] 416
[1, 1, 1, 1, 1, 1, 1, 1] 481
[1, 1, 1, 1, 1, 1, 1, 1] 520
[1, 1, 1, 1, 1, 1, 1, 1] 579
[1, 1, 1, 1, 1, 1, 1, 1] 630
[1, 1, 1, 1, 1, 1, 1, 1] 647
[1, 1, 1, 1, 1, 1, 1, 1] 657
[1, 1, 1, 1, 1, 1, 1, 1] 827
[1, 1, 1, 1, 1, 1, 1, 1] 926
[1, 1, 1, 1, 1, 1, 1, 1] 988
[0, 1, 1, 1, 1, 1, 1, 1] 123
[0, 1, 1, 1, 1, 1, 1, 1] 123
[0, 1, 1, 1, 1, 1, 1, 1] 156
[0, 1, 1, 1, 1, 1, 1, 1] 411
[0, 1, 1, 1, 1, 1, 1, 1] 691
[0, 1, 1, 1, 1, 1, 1, 1] 764
[0, 1, 1, 1, 1, 1, 1, 1] 894
[0, 1, 1, 1, 1, 1, 1, 1] 901
[0, 1, 1, 1, 1, 1, 1, 1] 902
[0, 0, 1, 1, 1, 1, 1, 1] 2
[0, 0, 1, 1, 1, 1, 1, 1] 58
[0, 0, 1, 1, 1, 1, 1, 1] 125
[0, 0, 1, 1, 1, 1, 1, 1] 344
[0, 0, 1, 1, 1, 1, 1, 1] 392
[0, 0, 1, 1, 1, 1, 1, 1] 409
[0, 0, 1, 1, 1, 1, 1, 1] 443
[0, 0, 1, 1, 1, 1, 1, 1] 490
[0, 0, 1, 1, 1, 1, 1, 1] 845
[0, 0, 1, 1, 1, 1, 1, 1] 966
[0, 0, 1, 1, 1, 1, 1, 1] 990
[0, 0, 0, 1, 1, 1, 1, 1] 101
[0, 0, 0, 1, 1, 1, 1, 1] 181
[0, 0, 0, 1, 1, 1, 1, 1] 219
[0, 0, 0, 1, 1, 1, 1, 1] 427
[0, 0, 0, 1, 1, 1, 1, 1] 519
[0, 0, 0, 1, 1, 1, 1, 1] 758
[0, 0, 0, 1, 1, 1, 1, 1] 807
[0, 0, 0, 1, 1, 1, 1, 1] 960
[0, 0, 0, 0, 1, 1, 1, 1] 136
[0, 0, 0, 0, 1, 1, 1, 1] 199
[0, 0, 0, 0, 1, 1, 1, 1] 205
[0, 0, 0, 0, 1, 1, 1, 1] 327
[0, 0, 0, 0, 1, 1, 1, 1] 510
[0, 0, 0, 0, 1, 1, 1, 1] 533
[0, 0, 0, 0, 1, 1, 1, 1] 654
[0, 0, 0, 0, 1, 1, 1, 1] 708
[0, 0, 0, 0, 1, 1, 1, 1] 722
[0, 0, 0, 0, 1, 1, 1, 1] 812
[0, 0, 0, 0, 1, 1, 1, 1] 888
[0, 0, 0, 0, 1, 1, 1, 1] 902
[0, 0, 0, 0, 1, 1, 1, 1] 909
[0, 0, 0, 0, 1, 1, 1, 1] 942
[0, 0, 0, 0, 0, 1, 1, 1] 22
[0, 0, 0, 0, 0, 1, 1, 1] 83
[0, 0, 0, 0, 0, 1, 1, 1] 93
[0, 0, 0, 0, 0, 1, 1, 1] 142
[0, 0, 0, 0, 0, 1, 1, 1] 284
[0, 0, 0, 0, 0, 1, 1, 1] 411
[0, 0, 0, 0, 0, 1, 1, 1] 415
[0, 0, 0, 0, 0, 1, 1, 1] 422
[0, 0, 0, 0, 0, 1, 1, 1] 500
[0, 0, 0, 0, 0, 1, 1, 1] 501
[0, 0, 0, 0, 0, 1, 1, 1] 563
[0, 0, 0, 0, 0, 1, 1, 1] 702
[0, 0, 0, 0, 0, 1, 1, 1] 811
[0, 0, 0, 0, 0, 1, 1, 1] 829
[0, 0, 0, 0, 0, 1, 1, 1] 892
[0, 0, 0, 0, 0, 0, 1, 1] 73
[0, 0, 0, 0, 0, 0, 1, 1] 134
[0, 0, 0, 0, 0, 0, 1, 1] 165
[0, 0, 0, 0, 0, 0, 1, 1] 259
[0, 0, 0, 0, 0, 0, 1, 1] 262
[0, 0, 0, 0, 0, 0, 1, 1] 317
[0, 0, 0, 0, 0, 0, 1, 1] 340
[0, 0, 0, 0, 0, 0, 1, 1] 358
[0, 0, 0, 0, 0, 0, 1, 1] 394
[0, 0, 0, 0, 0, 0, 1, 1] 489
[0, 0, 0, 0, 0, 0, 1, 1] 569
[0, 0, 0, 0, 0, 0, 1, 1] 623
[0, 0, 0, 0, 0, 0, 1, 1] 655
[0, 0, 0, 0, 0, 0, 1, 1] 761
[0, 0, 0, 0, 0, 0, 1, 1] 789
[0, 0, 0, 0, 0, 0, 1, 1] 886
[0, 0, 0, 0, 0, 0, 1, 1] 996
[0, 0, 0, 0, 0, 0, 0, 1] 125
[0, 0, 0, 0, 0, 0, 0, 1] 202
[0, 0, 0, 0, 0, 0, 0, 1] 332
[0, 0, 0, 0, 0, 0, 0, 1] 571
[0, 0, 0, 0, 0, 0, 0, 1] 724
[0, 0, 0, 0, 0, 0, 0, 1] 772
[0, 0, 0, 0, 0, 0, 0, 1] 876
[0, 0, 0, 0, 0, 0, 0, 1] 937
[0, 0, 0, 0, 0, 0, 0, 1] 950
