VARIABLES 100
NB_OBJ 8
ITEMS
[1, 1, 1, 1, 1, 1, 1, 1] 18
[1, 1, 1, 1, 1, 1, 1, 1] 84
[1, 1, 1, 1, 1, 1, 1, 1] 184
[1, 1, 1, 1, 1, 1, 1, 1] 233
[1, 1, 1, 1, 1, 1, 1, 1] 262
[1, 1, 1, 1, 1, 1, 1, 1] 523
[1, 1, 1, 1, 1, 1, 1, 1] 620
[1, 1, 1, 1, 1, 1, 1, 1] 729
[1, 1, 1, 1, 1, 1, 1, 1] 834
[1, 1, 1, 1, 1, 1, 1, 1] 851
[1, 1, 1, 1, 1, 1, 1, 1] 894
[1, 1, 1, 1, 1, 1, 1, 1] 973
[0, 1, 1, 1, 1, 1, 1, 1] 20
[0, 1, 1, 1, 1, 1, 1, 1] 109
[0, 1, 1, 1, 1, 1, 1, 1] 139
[0, 1, 1, 1, 1, 1, 1, 1] 206
[0, 1, 1, 1, 1, 1, 1, 1] 254
[0, 1, 1, 1, 1, 1, 1, 1] 322
[0, 1, 1, 1, 1, 1, 1, 1] 413
[0, 1, 1, 1, 1, 1, 1, 1] 498
[0, 1, 1, 1, 1, 1, 1, 1] 636
[0, 1, 1, 1, 1, 1, 1, 1] 700
[0, 1, 1, 1, 1, 1, 1, 1] 775
[0, 1, 1, 1, 1, 1, 1, 1] 879
[0, 0, 1, 1, 1, 1, 1, 1] 170
[0, 0, 1, 1, 1, 1, 1, 1] 298
[0, 0, 1, 1, 1, 1, 1, 1] 349
[0, 0, 1, 1, 1, 1, 1, 1] 395
[0, 0, 1, 1, 1, 1, 1, 1] 585
[0, 0, 1, 1, 1, 1, 1, 1] 588
[0, 0, 1, 1, 1, 1, 1, 1] 620
[0, 0, 1, 1, 1, 1, 1, 1] 651
[0, 0, 1, 1, 1, 1, 1, 1] 699
[0, 0, 1, 1, 1, 1, 1, 1] 754
[0, 0, 1, 1, 1, 1, 1, 1] 865
[0, 0, 1, 1, 1, 1, 1, 1] 871
[0, 0, 0, 1, 1, 1, 1, 1] 64
[0, 0, 0, 1, 1, 1, 1, 1] 160
[0, 0, 0, 1, 1, 1, 1, 1] 174
[0, 0, 0, 1, 1, 1, 1, 1] 185
[0, 0, 0, 1, 1, 1, 1, 1] 231
[0, 0, 0, 1, 1, 1, 1, 1] 279
[0, 0, 0, 1, 1, 1, 1, 1] 475
[0, 0, 0, 1, 1, 1, 1, 1] 562
[0, 0, 0, 1, 1, 1, 1, 1] 564
[0, 0, 0, 1, 1, 1, 1, 1] 702
[0, 0, 0, 1, 1, 1, 1, 1] 704
[0, 0, 0, 1, 1, 1, 1, 1] 800
[0, 0, 0, 1, 1, 1, 1, 1] 835
[0, 0, 0, 1, 1, 1, 1, 1] 933
[0, 0, 0, 0, 1, 1, 1, 1] 87
[0, 0, 0, 0, 1, 1, 1, 1] 107
[0, 0, 0, 0, 1, 1, 1, 1] 129
[0, 0, 0, 0, 1, 1, 1, 1] 133
[0, 0, 0, 0, 1, 1, 1, 1] 275
[0, 0, 0, 0, 1, 1, 1, 1] 288
[0, 0, 0, 0, 1, 1, 1, 1] 305
[0, 0, 0, 0, 1, 1, 1, 1] 358
[0, 0, 0, 0, 1, 1, 1, 1] 381
[0, 0, 0, 0, 1, 1, 1, 1] 442
[0, 0, 0, 0, 1, 1, 1, 1] 634
[0, 0, 0, 0, 1, 1, 1, 1] 642
[0, 0, 0, 0, 1, 1, 1, 1] 767
[0, 0, 0, 0, 1, 1, 1, 1] 917
[0, 0, 0, 0, 0, 1, 1, 1] 9
[0, 0, 0, 0, 0, 1, 1, 1] 122
[0, 0, 0, 0, 0, 1, 1, 1] 150
[0, 0, 0, 0, 0, 1, 1, 1] 161
[0, 0, 0, 0, 0, 1, 1, 1] 287
[0, 0, 0, 0, 0, 1, 1, 1] 714
[0, 0, 0, 0, 0, 1, 1, 1] 767
[0, 0, 0, 0, 0, 1, 1, 1] 849
[0, 0, 0, 0, 0, 1, 1, 1] 868
[0, 0, 0, 0, 0, 1, 1, 1] 988
[0, 0, 0, 0, 0, 0, 1, 1] 90
[0, 0, 0, 0, 0, 0, 1, 1] 257
[0, 0, 0, 0, 0, 0, 1, 1] 312
[0, 0, 0, 0, 0, 0, 1, 1] 488
[0, 0, 0, 0, 0, 0, 1, 1] 623
[0, 0, 0, 0, 0, 0, 1, 1] 717
[0, 0, 0, 0, 0, 0, 1, 1] 778
[0, 0, 0, 0, 0, 0, 1, 1] 780
[0, 0, 0, 0, 0, 0, 1, 1] 927
[0, 0, 0, 0, 0, 0, 1, 1] 931
[0, 0, 0, 0, 0, 0, 0, 1] 23
[0, 0, 0, 0, 0, 0, 0, 1] 26
[0, 0, 0, 0, 0, 0, 0, 1] 28
[0, 0, 0, 0, 0, 0, 0, 1] 104
[0, 0, 0, 0, 0, 0, 0, 1] 118
[0, 0, 0, 0, 0, 0, 0, 1] 400
[0, 0, 0, 0, 0, 0, 0, 1] 466
[0, 0, 0, 0, 0, 0, 0, 1] 501
[0, 0, 0, 0, 0, 0, 0, 1] 512
[0, 0, 0, 0, 0, 0, 0, 1] 560
[0, 0, 0, 0, 0, 0, 0, 1] 640
[0, 0, 0, 0, 0, 0, 0, 1] 671
[0, 0, 0, 0, 0, 0, 0, 1] 718
[0, 0, 0, 0, 0, 0, 0, 1] 727
[0, 0, 0, 0, 0, 0, 0, 1] 818
[0, 0, 0, 0, 0, 0, 0, 1] 835
