VARIABLES 100
NB_OBJ 8
ITEMS
[1, 1, 1, 1, 1, 1, 1, 1] 9
[1, 1, 1, 1, 1, 1, 1, 1] 175
[1, 1, 1, 1, 1, 1, 1, 1] 189
[1, 1, 1, 1, 1, 1, 1, 1] 190
[1, 1, 1, 1, 1, 1, 1, 1] 199
[1, 1, 1, 1, 1, 1, 1, 1] 200
[1, 1, 1, 1, 1, 1, 1, 1] 357
[1, 1, 1, 1, 1, 1, 1, 1] 362
[1, 1, 1, 1, 1, 1, 1, 1] 585
[1, 1, 1, 1, 1, 1, 1, 1] 646
[1, 1, 1, 1, 1, 1, 1, 1] 665
[1, 1, 1, 1, 1, 1, 1, 1] 697
[1, 1, 1, 1, 1, 1, 1, 1] 988
[1, 1, 1, 1, 1, 1, 1, 1] 997
[0, 1, 1, 1, 1, 1, 1, 1] 54
[0, 1, 1, 1, 1, 1, 1, 1] 62
[0, 1, 1, 1, 1, 1, 1, 1] 409
[0, 1, 1, 1, 1, 1, 1, 1] 454
[0, 1, 1, 1, 1, 1, 1, 1] 532
[0, 1, 1, 1, 1, 1, 1, 1] 672
[0, 1, 1, 1, 1, 1, 1, 1] 727
[0, 1, 1, 1, 1, 1, 1, 1] 744
[0, 1, 1, 1, 1, 1, 1, 1] 818
[0, 1, 1, 1, 1, 1, 1, 1] 853
[0, 1, 1, 1, 1, 1, 1, 1] 905
[0, 1, 1, 1, 1, 1, 1, 1] 938
[0, 0, 1, 1, 1, 1, 1, 1] 11
[0, 0, 1, 1, 1, 1, 1, 1] 125
[0, 0, 1, 1, 1, 1, 1, 1] 440
[0, 0, 1, 1, 1, 1, 1, 1] 467
[0, 0, 1, 1, 1, 1, 1, 1] 490
[0, 0, 1, 1, 1, 1, 1, 1] 561
[0, 0, 1, 1, 1, 1, 1, 1] 637
[0, 0, 1, 1, 1, 1, 1, 1] 735
[0, 0, 1, 1, 1, 1, 1, 1] 869
[0, 0, 0, 1, 1, 1, 1, 1] 22
[0, 0, 0, 1, 1, 1, 1, 1] 141
[0, 0, 0, 1, 1, 1, 1, 1] 344
[0, 0, 0, 1, 1, 1, 1, 1] 413
[0, 0, 0, 1, 1, 1, 1, 1] 664
[0, 0, 0, 1, 1, 1, 1, 1] 771
[0, 0, 0, 1, 1, 1, 1, 1] 822
[0, 0, 0, 1, 1, 1, 1, 1] 961
[0, 0, 0, 0, 1, 1, 1, 1] 19
[0, 0, 0, 0, 1, 1, 1, 1] 37
[0, 0, 0, 0, 1, 1, 1, 1] 64
[0, 0, 0, 0, 1, 1, 1, 1] 110
[0, 0, 0, 0, 1, 1, 1, 1] 227
[0, 0, 0, 0, 1, 1, 1, 1] 261
[0, 0, 0, 0, 1, 1, 1, 1] 501
[0, 0, 0, 0, 1, 1, 1, 1] 664
[0, 0, 0, 0, 1, 1, 1, 1] 694
[0, 0, 0, 0, 1, 1, 1, 1] 735
[0, 0, 0, 0, 1, 1, 1, 1] 910
[0, 0, 0, 0, 1, 1, 1, 1] 970
[0, 0, 0, 0, 1, 1, 1, 1] 977
[0, 0, 0, 0, 0, 1, 1, 1] 72
[0, 0, 0, 0, 0, 1, 1, 1] 223
[0, 0, 0, 0, 0, 1, 1, 1] 308
[0, 0, 0, 0, 0, 1, 1, 1] 357
[0, 0, 0, 0, 0, 1, 1, 1] 402
[0, 0, 0, 0, 0, 1, 1, 1] 422
[0, 0, 0, 0, 0, 1, 1, 1] 425
[0, 0, 0, 0, 0, 1, 1, 1] 549
[0, 0, 0, 0, 0, 1, 1, 1] 660
[0, 0, 0, 0, 0, 1, 1, 1] 664
[0, 0, 0, 0, 0, 1, 1, 1] 696
[0, 0, 0, 0, 0, 1, 1, 1] 825
[0, 0, 0, 0, 0, 0, 1, 1] 9
[0, 0, 0, 0, 0, 0, 1, 1] 29
[0, 0, 0, 0, 0, 0, 1, 1] 129
[0, 0, 0, 0, 0, 0, 1, 1] 217
[0, 0, 0, 0, 0, 0, 1, 1] 273
[0, 0, 0, 0, 0, 0, 1, 1] 306
[0, 0, 0, 0, 0, 0, 1, 1] 348
[0, 0, 0, 0, 0, 0, 1, 1] 399
[0, 0, 0, 0, 0, 0, 1, 1] 483
[0, 0, 0, 0, 0, 0, 1, 1] 737
[0, 0, 0, 0, 0, 0, 1, 1] 768
[0, 0, 0, 0, 0, 0, 1, 1] 887
[0, 0, 0, 0, 0, 0, 1, 1] 921
[0, 0, 0, 0, 0, 0, 1, 1] 924
[0, 0, 0, 0, 0, 0, 0, 1] 79
[0, 0, 0, 0, 0, 0, 0, 1] 141
[0, 0, 0, 0, 0, 0, 0, 1] 248
[0, 0, 0, 0, 0, 0, 0, 1] 341
[0, 0, 0, 0, 0, 0, 0, 1] 358
[0, 0, 0, 0, 0, 0, 0, 1] 371
[0, 0, 0, 0, 0, 0, 0, 1] 387
[0, 0, 0, 0, 0, 0, 0, 1] 469
[0, 0, 0, 0, 0, 0, 0, 1] 495
[0, 0, 0, 0, 0, 0, 0, 1] 583
[0, 0, 0, 0, 0, 0, 0, 1] 608
[0, 0, 0, 0, 0, 0, 0, 1] 619
[0, 0, 0, 0, 0, 0, 0, 1] 651
[0, 0, 0, 0, 0, 0, 0, 1] 675
[0, 0, 0, 0, 0, 0, 0, 1] 761
[0, 0, 0, 0, 0, 0, 0, 1] 781
[0, 0, 0, 0, 0, 0, 0, 1] 814
[0, 0, 0, 0, 0, 0, 0, 1] 895
