VARIABLES 100
NB_OBJ 8
ITEMS
[1, 1, 1, 1, 1, 1, 1, 1] 16
[1, 1, 1, 1, 1, 1, 1, 1] 134
[1, 1, 1, 1, 1, 1, 1, 1] 403
[1, 1, 1, 1, 1, 1, 1, 1] 462
[1, 1, 1, 1, 1, 1, 1, 1] 472
[1, 1, 1, 1, 1, 1, 1, 1] 554
[1, 1, 1, 1, 1, 1, 1, 1] 669
[1, 1, 1, 1, 1, 1, 1, 1] 730
[1, 1, 1, 1, 1, 1, 1, 1] 799
[1, 1, 1, 1, 1, 1, 1, 1] 846
[1, 1, 1, 1, 1, 1, 1, 1] 920
[0, 1, 1, 1, 1, 1, 1, 1] 71
[0, 1, 1, 1, 1, 1, 1, 1] 79
[0, 1, 1, 1, 1, 1, 1, 1] 216
[0, 1, 1, 1, 1, 1, 1, 1] 259
[0, 1, 1, 1, 1, 1, 1, 1] 270
[0, 1, 1, 1, 1, 1, 1, 1] 424
[0, 1, 1, 1, 1, 1, 1, 1] 589
[0, 1, 1, 1, 1, 1, 1, 1] 616
[0, 1, 1, 1, 1, 1, 1, 1] 619
[0, 1, 1, 1, 1, 1, 1, 1] 635
[0, 1, 1, 1, 1, 1, 1, 1] 680
[0, 1, 1, 1, 1, 1, 1, 1] 688
[0, 1, 1, 1, 1, 1, 1, 1] 690
[0, 1, 1, 1, 1, 1, 1, 1] 725
[0, 1, 1, 1, 1, 1, 1, 1] 976
[0, 1, 1, 1, 1, 1, 1, 1] 991
[0, 1, 1, 1, 1, 1, 1, 1] 993
[0, 0, 1, 1, 1, 1, 1, 1] 158
[0, 0, 1, 1, 1, 1, 1, 1] 232
[0, 0, 1, 1, 1, 1, 1, 1] 264
[0, 0, 1, 1, 1, 1, 1, 1] 326
[0, 0, 1, 1, 1, 1, 1, 1] 335
[0, 0, 1, 1, 1, 1, 1, 1] 389
[0, 0, 1, 1, 1, 1, 1, 1] 422
[0, 0, 1, 1, 1, 1, 1, 1] 446
[0, 0, 1, 1, 1, 1, 1, 1] 491
[0, 0, 1, 1, 1, 1, 1, 1] 495
[0, 0, 1, 1, 1, 1, 1, 1] 556
[0, 0, 1, 1, 1, 1, 1, 1] 617
[0, 0, 1, 1, 1, 1, 1, 1] 689
[0, 0, 1, 1, 1, 1, 1, 1] 912
[0, 0, 0, 1, 1, 1, 1, 1] 37
[0, 0, 0, 1, 1, 1, 1, 1] 57
[0, 0, 0, 1, 1, 1, 1, 1] 148
[0, 0, 0, 1, 1, 1, 1, 1] 192
[0, 0, 0, 1, 1, 1, 1, 1] 193
[0, 0, 0, 1, 1, 1, 1, 1] 210
[0, 0, 0, 1, 1, 1, 1, 1] 239
[0, 0, 0, 1, 1, 1, 1, 1] 344
[0, 0, 0, 1, 1, 1, 1, 1] 345
[0, 0, 0, 1, 1, 1, 1, 1] 351
[0, 0, 0, 1, 1, 1, 1, 1] 648
[0, 0, 0, 1, 1, 1, 1, 1] 678
[0, 0, 0, 1, 1, 1, 1, 1] 689
[0, 0, 0, 1, 1, 1, 1, 1] 728
[0, 0, 0, 0, 1, 1, 1, 1] 127
[0, 0, 0, 0, 1, 1, 1, 1] 184
[0, 0, 0, 0, 1, 1, 1, 1] 334
[0, 0, 0, 0, 1, 1, 1, 1] 359
[0, 0, 0, 0, 1, 1, 1, 1] 359
[0, 0, 0, 0, 1, 1, 1, 1] 473
[0, 0, 0, 0, 1, 1, 1, 1] 498
[0, 0, 0, 0, 1, 1, 1, 1] 609
[0, 0, 0, 0, 1, 1, 1, 1] 640
[0, 0, 0, 0, 1, 1, 1, 1] 696
[0, 0, 0, 0, 1, 1, 1, 1] 728
[0, 0, 0, 0, 1, 1, 1, 1] 815
[0, 0, 0, 0, 1, 1, 1, 1] 880
[0, 0, 0, 0, 0, 1, 1, 1] 13
[0, 0, 0, 0, 0, 1, 1, 1] 30
[0, 0, 0, 0, 0, 1, 1, 1] 443
[0, 0, 0, 0, 0, 1, 1, 1] 490
[0, 0, 0, 0, 0, 1, 1, 1] 794
[0, 0, 0, 0, 0, 1, 1, 1] 891
[0, 0, 0, 0, 0, 0, 1, 1] 117
[0, 0, 0, 0, 0, 0, 1, 1] 177
[0, 0, 0, 0, 0, 0, 1, 1] 194
[0, 0, 0, 0, 0, 0, 1, 1] 293
[0, 0, 0, 0, 0, 0, 1, 1] 295
[0, 0, 0, 0, 0, 0, 1, 1] 308
[0, 0, 0, 0, 0, 0, 1, 1] 340
[0, 0, 0, 0, 0, 0, 1, 1] 447
[0, 0, 0, 0, 0, 0, 1, 1] 489
[0, 0, 0, 0, 0, 0, 1, 1] 567
[0, 0, 0, 0, 0, 0, 1, 1] 631
[0, 0, 0, 0, 0, 0, 1, 1] 818
[0, 0, 0, 0, 0, 0, 1, 1] 845
[0, 0, 0, 0, 0, 0, 1, 1] 939
[0, 0, 0, 0, 0, 0, 0, 1] 48
[0, 0, 0, 0, 0, 0, 0, 1] 106
[0, 0, 0, 0, 0, 0, 0, 1] 203
[0, 0, 0, 0, 0, 0, 0, 1] 212
[0, 0, 0, 0, 0, 0, 0, 1] 483
[0, 0, 0, 0, 0, 0, 0, 1] 670
[0, 0, 0, 0, 0, 0, 0, 1] 729
[0, 0, 0, 0, 0, 0, 0, 1] 871
[0, 0, 0, 0, 0, 0, 0, 1] 896
[0, 0, 0, 0, 0, 0, 0, 1] 960
[0, 0, 0, 0, 0, 0, 0, 1] 973
