VARIABLES 100
NB_OBJ 8
ITEMS
[1, 1, 1, 1, 1, 1, 1, 1] 276
[1, 1, 1, 1, 1, 1, 1, 1] 303
[1, 1, 1, 1, 1, 1, 1, 1] 439
[1, 1, 1, 1, 1, 1, 1, 1] 469
[1, 1, 1, 1, 1, 1, 1, 1] 709
[1, 1, 1, 1, 1, 1, 1, 1] 713
[1, 1, 1, 1, 1, 1, 1, 1] 776
[1, 1, 1, 1, 1, 1, 1, 1] 854
[1, 1, 1, 1, 1, 1, 1, 1] 887
[1, 1, 1, 1, 1, 1, 1, 1] 970
[0, 1, 1, 1, 1, 1, 1, 1] 45
[0, 1, 1, 1, 1, 1, 1, 1] 122
[0, 1, 1, 1, 1, 1, 1, 1] 167
[0, 1, 1, 1, 1, 1, 1, 1] 274
[0, 1, 1, 1, 1, 1, 1, 1] 282
[0, 1, 1, 1, 1, 1, 1, 1] 331
[0, 1, 1, 1, 1, 1, 1, 1] 365
[0, 1, 1, 1, 1, 1, 1, 1] 437
[0, 1, 1, 1, 1, 1, 1, 1] 462
[0, 1, 1, 1, 1, 1, 1, 1] 477
[0, 1, 1, 1, 1, 1, 1, 1] 493
[0, 1, 1, 1, 1, 1, 1, 1] 635
[0, 1, 1, 1, 1, 1, 1, 1] 676
[0, 1, 1, 1, 1, 1, 1, 1] 902
[0, 0, 1, 1, 1, 1, 1, 1] 25
[0, 0, 1, 1, 1, 1, 1, 1] 92
[0, 0, 1, 1, 1, 1, 1, 1] 214
[0, 0, 1, 1, 1, 1, 1, 1] 228
[0, 0, 1, 1, 1, 1, 1, 1] 258
[0, 0, 1, 1, 1, 1, 1, 1] 724
[0, 0, 1, 1, 1, 1, 1, 1] 784
[0, 0, 1, 1, 1, 1, 1, 1] 855
[0, 0, 1, 1, 1, 1, 1, 1] 883
[0, 0, 1, 1, 1, 1, 1, 1] 947
[0, 0, 1, 1, 1, 1, 1, 1] 993
[0, 0, 1, 1, 1, 1, 1, 1] 998
[0, 0, 0, 1, 1, 1, 1, 1] 6
[0, 0, 0, 1, 1, 1, 1, 1] 31
[0, 0, 0, 1, 1, 1, 1, 1] 67
[0, 0, 0, 1, 1, 1, 1, 1] 151
[0, 0, 0, 1, 1, 1, 1, 1] 252
[0, 0, 0, 1, 1, 1, 1, 1] 254
[0, 0, 0, 1, 1, 1, 1, 1] 279
[0, 0, 0, 1, 1, 1, 1, 1] 345
[0, 0, 0, 1, 1, 1, 1, 1] 451
[0, 0, 0, 1, 1, 1, 1, 1] 560
[0, 0, 0, 1, 1, 1, 1, 1] 738
[0, 0, 0, 0, 1, 1, 1, 1] 163
[0, 0, 0, 0, 1, 1, 1, 1] 392
[0, 0, 0, 0, 1, 1, 1, 1] 435
[0, 0, 0, 0, 1, 1, 1, 1] 453
[0, 0, 0, 0, 1, 1, 1, 1] 556
[0, 0, 0, 0, 1, 1, 1, 1] 592
[0, 0, 0, 0, 1, 1, 1, 1] 657
[0, 0, 0, 0, 1, 1, 1, 1] 687
[0, 0, 0, 0, 1, 1, 1, 1] 711
[0, 0, 0, 0, 1, 1, 1, 1] 727
[0, 0, 0, 0, 1, 1, 1, 1] 796
[0, 0, 0, 0, 1, 1, 1, 1] 926
[0, 0, 0, 0, 1, 1, 1, 1] 940
[0, 0, 0, 0, 0, 1, 1, 1] 211
[0, 0, 0, 0, 0, 1, 1, 1] 247
[0, 0, 0, 0, 0, 1, 1, 1] 282
[0, 0, 0, 0, 0, 1, 1, 1] 395
[0, 0, 0, 0, 0, 1, 1, 1] 398
[0, 0, 0, 0, 0, 1, 1, 1] 547
[0, 0, 0, 0, 0, 1, 1, 1] 560
[0, 0, 0, 0, 0, 1, 1, 1] 740
[0, 0, 0, 0, 0, 1, 1, 1] 752
[0, 0, 0, 0, 0, 1, 1, 1] 821
[0, 0, 0, 0, 0, 1, 1, 1] 894
[0, 0, 0, 0, 0, 1, 1, 1] 896
[0, 0, 0, 0, 0, 1, 1, 1] 909
[0, 0, 0, 0, 0, 1, 1, 1] 956
[0, 0, 0, 0, 0, 1, 1, 1] 965
[0, 0, 0, 0, 0, 0, 1, 1] 18
[0, 0, 0, 0, 0, 0, 1, 1] 123
[0, 0, 0, 0, 0, 0, 1, 1] 139
[0, 0, 0, 0, 0, 0, 1, 1] 244
[0, 0, 0, 0, 0, 0, 1, 1] 290
[0, 0, 0, 0, 0, 0, 1, 1] 431
[0, 0, 0, 0, 0, 0, 1, 1] 464
[0, 0, 0, 0, 0, 0, 1, 1] 467
[0, 0, 0, 0, 0, 0, 1, 1] 572
[0, 0, 0, 0, 0, 0, 1, 1] 623
[0, 0, 0, 0, 0, 0, 1, 1] 666
[0, 0, 0, 0, 0, 0, 1, 1] 814
[0, 0, 0, 0, 0, 0, 1, 1] 870
[0, 0, 0, 0, 0, 0, 0, 1] 14
[0, 0, 0, 0, 0, 0, 0, 1] 18
[0, 0, 0, 0, 0, 0, 0, 1] 167
[0, 0, 0, 0, 0, 0, 0, 1] 220
[0, 0, 0, 0, 0, 0, 0, 1] 243
[0, 0, 0, 0, 0, 0, 0, 1] 331
[0, 0, 0, 0, 0, 0, 0, 1] 393
[0, 0, 0, 0, 0, 0, 0, 1] 431
[0, 0, 0, 0, 0, 0, 0, 1] 541
[0, 0, 0, 0, 0, 0, 0, 1] 586
[0, 0, 0, 0, 0, 0, 0, 1] 722
[0, 0, 0, 0, 0, 0, 0, 1] 811
