VARIABLES 100
NB_OBJ 8
ITEMS
[1, 1, 1, 1, 1, 1, 1, 1] 23
[1, 1, 1, 1, 1, 1, 1, 1] 32
[1, 1, 1, 1, 1, 1, 1, 1] 82
[1, 1, 1, 1, 1, 1, 1, 1] 199
[1, 1, 1, 1, 1, 1, 1, 1] 312
[1, 1, 1, 1, 1, 1, 1, 1] 507
[1, 1, 1, 1, 1, 1, 1, 1] 566
[1, 1, 1, 1, 1, 1, 1, 1] 575
[1, 1, 1, 1, 1, 1, 1, 1] 782
[1, 1, 1, 1, 1, 1, 1, 1] 805
[1, 1, 1, 1, 1, 1, 1, 1] 812
[1, 1, 1, 1, 1, 1, 1, 1] 871
[1, 1, 1, 1, 1, 1, 1, 1] 981
[0, 1, 1, 1, 1, 1, 1, 1] 61
[0, 1, 1, 1, 1, 1, 1, 1] 64
[0, 1, 1, 1, 1, 1, 1, 1] 131
[0, 1, 1, 1, 1, 1, 1, 1] 143
[0, 1, 1, 1, 1, 1, 1, 1] 177
[0, 1, 1, 1, 1, 1, 1, 1] 240
[0, 1, 1, 1, 1, 1, 1, 1] 256
[0, 1, 1, 1, 1, 1, 1, 1] 273
[0, 1, 1, 1, 1, 1, 1, 1] 277
[0, 1, 1, 1, 1, 1, 1, 1] 304
[0, 1, 1, 1, 1, 1, 1, 1] 321
[0, 1, 1, 1, 1, 1, 1, 1] 360
[0, 1, 1, 1, 1, 1, 1, 1] 615
[0, 1, 1, 1, 1, 1, 1, 1] 651
[0, 1, 1, 1, 1, 1, 1, 1] 928
[0, 0, 1, 1, 1, 1, 1, 1] 20
[0, 0, 1, 1, 1, 1, 1, 1] 46
[0, 0, 1, 1, 1, 1, 1, 1] 63
[0, 0, 1, 1, 1, 1, 1, 1] 100
[0, 0, 1, 1, 1, 1, 1, 1] 102
[0, 0, 1, 1, 1, 1, 1, 1] 218
[0, 0, 1, 1, 1, 1, 1, 1] 346
[0, 0, 1, 1, 1, 1, 1, 1] 404
[0, 0, 1, 1, 1, 1, 1, 1] 736
[0, 0, 1, 1, 1, 1, 1, 1] 765
[0, 0, 1, 1, 1, 1, 1, 1] 997
[0, 0, 0, 1, 1, 1, 1, 1] 6
[0, 0, 0, 1, 1, 1, 1, 1] 123
[0, 0, 0, 1, 1, 1, 1, 1] 128
[0, 0, 0, 1, 1, 1, 1, 1] 170
[0, 0, 0, 1, 1, 1, 1, 1] 347
[0, 0, 0, 1, 1, 1, 1, 1] 396
[0, 0, 0, 1, 1, 1, 1, 1] 520
[0, 0, 0, 1, 1, 1, 1, 1] 546
[0, 0, 0, 1, 1, 1, 1, 1] 591
[0, 0, 0, 1, 1, 1, 1, 1] 683
[0, 0, 0, 1, 1, 1, 1, 1] 923
[0, 0, 0, 1, 1, 1, 1, 1] 973
[0, 0, 0, 0, 1, 1, 1, 1] 35
[0, 0, 0, 0, 1, 1, 1, 1] 36
[0, 0, 0, 0, 1, 1, 1, 1] 147
[0, 0, 0, 0, 1, 1, 1, 1] 203
[0, 0, 0, 0, 1, 1, 1, 1] 364
[0, 0, 0, 0, 1, 1, 1, 1] 407
[0, 0, 0, 0, 1, 1, 1, 1] 573
[0, 0, 0, 0, 1, 1, 1, 1] 763
[0, 0, 0, 0, 1, 1, 1, 1] 790
[0, 0, 0, 0, 1, 1, 1, 1] 886
[0, 0, 0, 0, 1, 1, 1, 1] 891
[0, 0, 0, 0, 1, 1, 1, 1] 904
[0, 0, 0, 0, 0, 1, 1, 1] 119
[0, 0, 0, 0, 0, 1, 1, 1] 392
[0, 0, 0, 0, 0, 1, 1, 1] 425
[0, 0, 0, 0, 0, 1, 1, 1] 468
[0, 0, 0, 0, 0, 1, 1, 1] 634
[0, 0, 0, 0, 0, 1, 1, 1] 700
[0, 0, 0, 0, 0, 1, 1, 1] 753
[0, 0, 0, 0, 0, 1, 1, 1] 825
[0, 0, 0, 0, 0, 1, 1, 1] 839
[0, 0, 0, 0, 0, 1, 1, 1] 854
[0, 0, 0, 0, 0, 1, 1, 1] 924
[0, 0, 0, 0, 0, 1, 1, 1] 954
[0, 0, 0, 0, 0, 0, 1, 1] 73
[0, 0, 0, 0, 0, 0, 1, 1] 313
[0, 0, 0, 0, 0, 0, 1, 1] 389
[0, 0, 0, 0, 0, 0, 1, 1] 422
[0, 0, 0, 0, 0, 0, 1, 1] 461
[0, 0, 0, 0, 0, 0, 1, 1] 508
[0, 0, 0, 0, 0, 0, 1, 1] 597
[0, 0, 0, 0, 0, 0, 1, 1] 775
[0, 0, 0, 0, 0, 0, 1, 1] 838
[0, 0, 0, 0, 0, 0, 1, 1] 912
[0, 0, 0, 0, 0, 0, 1, 1] 985
[0, 0, 0, 0, 0, 0, 0, 1] 276
[0, 0, 0, 0, 0, 0, 0, 1] 304
[0, 0, 0, 0, 0, 0, 0, 1] 317
[0, 0, 0, 0, 0, 0, 0, 1] 380
[0, 0, 0, 0, 0, 0, 0, 1] 396
[0, 0, 0, 0, 0, 0, 0, 1] 449
[0, 0, 0, 0, 0, 0, 0, 1] 457
[0, 0, 0, 0, 0, 0, 0, 1] 468
[0, 0, 0, 0, 0, 0, 0, 1] 488
[0, 0, 0, 0, 0, 0, 0, 1] 493
[0, 0, 0, 0, 0, 0, 0, 1] 554
[0, 0, 0, 0, 0, 0, 0, 1] 764
[0, 0, 0, 0, 0, 0, 0, 1] 860
[0, 0, 0, 0, 0, 0, 0, 1] 957
