VARIABLES 100
NB_OBJ 8
ITEMS
[1, 1, 1, 1, 1, 1, 1, 1] 21
[1, 1, 1, 1, 1, 1, 1, 1] 33
[1, 1, 1, 1, 1, 1, 1, 1] 262
[1, 1, 1, 1, 1, 1, 1, 1] 545
[1, 1, 1, 1, 1, 1, 1, 1] 634
[1, 1, 1, 1, 1, 1, 1, 1] 640
[1, 1, 1, 1, 1, 1, 1, 1] 641
[1, 1, 1, 1, 1, 1, 1, 1] 672
[1, 1, 1, 1, 1, 1, 1, 1] 717
[1, 1, 1, 1, 1, 1, 1, 1] 850
[0, 1, 1, 1, 1, 1, 1, 1] 63
[0, 1, 1, 1, 1, 1, 1, 1] 140
[0, 1, 1, 1, 1, 1, 1, 1] 319
[0, 1, 1, 1, 1, 1, 1, 1] 370
[0, 1, 1, 1, 1, 1, 1, 1] 394
[0, 1, 1, 1, 1, 1, 1, 1] 447
[0, 1, 1, 1, 1, 1, 1, 1] 450
[0, 1, 1, 1, 1, 1, 1, 1] 488
[0, 1, 1, 1, 1, 1, 1, 1] 569
[0, 1, 1, 1, 1, 1, 1, 1] 636
[0, 1, 1, 1, 1, 1, 1, 1] 712
[0, 1, 1, 1, 1, 1, 1, 1] 817
[0, 1, 1, 1, 1, 1, 1, 1] 826
[0, 1, 1, 1, 1, 1, 1, 1] 897
[0, 1, 1, 1, 1, 1, 1, 1] 946
[0, 0, 1, 1, 1, 1, 1, 1] 143
[0, 0, 1, 1, 1, 1, 1, 1] 157
[0, 0, 1, 1, 1, 1, 1, 1] 164
[0, 0, 1, 1, 1, 1, 1, 1] 242
[0, 0, 1, 1, 1, 1, 1, 1] 258
[0, 0, 1, 1, 1, 1, 1, 1] 348
[0, 0, 1, 1, 1, 1, 1, 1] 354
[0, 0, 1, 1, 1, 1, 1, 1] 374
[0, 0, 1, 1, 1, 1, 1, 1] 452
[0, 0, 1, 1, 1, 1, 1, 1] 464
[0, 0, 1, 1, 1, 1, 1, 1] 473
[0, 0, 1, 1, 1, 1, 1, 1] 661
[0, 0, 0, 1, 1, 1, 1, 1] 7
[0, 0, 0, 1, 1, 1, 1, 1] 18
[0, 0, 0, 1, 1, 1, 1, 1] 60
[0, 0, 0, 1, 1, 1, 1, 1] 216
[0, 0, 0, 1, 1, 1, 1, 1] 295
[0, 0, 0, 1, 1, 1, 1, 1] 493
[0, 0, 0, 1, 1, 1, 1, 1] 538
[0, 0, 0, 1, 1, 1, 1, 1] 579
[0, 0, 0, 1, 1, 1, 1, 1] 588
[0, 0, 0, 1, 1, 1, 1, 1] 613
[0, 0, 0, 1, 1, 1, 1, 1] 638
[0, 0, 0, 1, 1, 1, 1, 1] 693
[0, 0, 0, 1, 1, 1, 1, 1] 857
[0, 0, 0, 1, 1, 1, 1, 1] 860
[0, 0, 0, 1, 1, 1, 1, 1] 927
[0, 0, 0, 0, 1, 1, 1, 1] 60
[0, 0, 0, 0, 1, 1, 1, 1] 77
[0, 0, 0, 0, 1, 1, 1, 1] 288
[0, 0, 0, 0, 1, 1, 1, 1] 315
[0, 0, 0, 0, 1, 1, 1, 1] 416
[0, 0, 0, 0, 1, 1, 1, 1] 532
[0, 0, 0, 0, 1, 1, 1, 1] 587
[0, 0, 0, 0, 1, 1, 1, 1] 933
[0, 0, 0, 0, 0, 1, 1, 1] 111
[0, 0, 0, 0, 0, 1, 1, 1] 194
[0, 0, 0, 0, 0, 1, 1, 1] 220
[0, 0, 0, 0, 0, 1, 1, 1] 264
[0, 0, 0, 0, 0, 1, 1, 1] 506
[0, 0, 0, 0, 0, 1, 1, 1] 618
[0, 0, 0, 0, 0, 1, 1, 1] 640
[0, 0, 0, 0, 0, 1, 1, 1] 710
[0, 0, 0, 0, 0, 1, 1, 1] 778
[0, 0, 0, 0, 0, 1, 1, 1] 846
[0, 0, 0, 0, 0, 1, 1, 1] 997
[0, 0, 0, 0, 0, 0, 1, 1] 42
[0, 0, 0, 0, 0, 0, 1, 1] 53
[0, 0, 0, 0, 0, 0, 1, 1] 201
[0, 0, 0, 0, 0, 0, 1, 1] 246
[0, 0, 0, 0, 0, 0, 1, 1] 421
[0, 0, 0, 0, 0, 0, 1, 1] 422
[0, 0, 0, 0, 0, 0, 1, 1] 621
[0, 0, 0, 0, 0, 0, 1, 1] 656
[0, 0, 0, 0, 0, 0, 1, 1] 665
[0, 0, 0, 0, 0, 0, 1, 1] 772
[0, 0, 0, 0, 0, 0, 1, 1] 812
[0, 0, 0, 0, 0, 0, 1, 1] 875
[0, 0, 0, 0, 0, 0, 1, 1] 879
[0, 0, 0, 0, 0, 0, 1, 1] 911
[0, 0, 0, 0, 0, 0, 1, 1] 943
[0, 0, 0, 0, 0, 0, 1, 1] 961
[0, 0, 0, 0, 0, 0, 1, 1] 964
[0, 0, 0, 0, 0, 0, 0, 1] 44
[0, 0, 0, 0, 0, 0, 0, 1] 174
[0, 0, 0, 0, 0, 0, 0, 1] 282
[0, 0, 0, 0, 0, 0, 0, 1] 338
[0, 0, 0, 0, 0, 0, 0, 1] 627
[0, 0, 0, 0, 0, 0, 0, 1] 652
[0, 0, 0, 0, 0, 0, 0, 1] 683
[0, 0, 0, 0, 0, 0, 0, 1] 808
[0, 0, 0, 0, 0, 0, 0, 1] 829
[0, 0, 0, 0, 0, 0, 0, 1] 895
[0, 0, 0, 0, 0, 0, 0, 1] 899
[0, 0, 0, 0, 0, 0, 0, 1] 952
