VARIABLES 100
NB_OBJ 8
ITEMS
[1, 1, 1, 1, 1, 1, 1, 1] 27
[1, 1, 1, 1, 1, 1, 1, 1] 184
[1, 1, 1, 1, 1, 1, 1, 1] 209
[1, 1, 1, 1, 1, 1, 1, 1] 591
[1, 1, 1, 1, 1, 1, 1, 1] 885
[1, 1, 1, 1, 1, 1, 1, 1] 945
[1, 1, 1, 1, 1, 1, 1, 1] 953
[0, 1, 1, 1, 1, 1, 1, 1] 8
[0, 1, 1, 1, 1, 1, 1, 1] 32
[0, 1, 1, 1, 1, 1, 1, 1] 43
[0, 1, 1, 1, 1, 1, 1, 1] 86
[0, 1, 1, 1, 1, 1, 1, 1] 130
[0, 1, 1, 1, 1, 1, 1, 1] 142
[0, 1, 1, 1, 1, 1, 1, 1] 189
[0, 1, 1, 1, 1, 1, 1, 1] 190
[0, 1, 1, 1, 1, 1, 1, 1] 311
[0, 1, 1, 1, 1, 1, 1, 1] 412
[0, 1, 1, 1, 1, 1, 1, 1] 612
[0, 1, 1, 1, 1, 1, 1, 1] 670
[0, 1, 1, 1, 1, 1, 1, 1] 742
[0, 1, 1, 1, 1, 1, 1, 1] 790
[0, 1, 1, 1, 1, 1, 1, 1] 954
[0, 0, 1, 1, 1, 1, 1, 1] 41
[0, 0, 1, 1, 1, 1, 1, 1] 120
[0, 0, 1, 1, 1, 1, 1, 1] 151
[0, 0, 1, 1, 1, 1, 1, 1] 163
[0, 0, 1, 1, 1, 1, 1, 1] 183
[0, 0, 1, 1, 1, 1, 1, 1] 232
[0, 0, 1, 1, 1, 1, 1, 1] 379
[0, 0, 1, 1, 1, 1, 1, 1] 441
[0, 0, 1, 1, 1, 1, 1, 1] 453
[0, 0, 1, 1, 1, 1, 1, 1] 500
[0, 0, 1, 1, 1, 1, 1, 1] 533
[0, 0, 1, 1, 1, 1, 1, 1] 637
[0, 0, 1, 1, 1, 1, 1, 1] 732
[0, 0, 1, 1, 1, 1, 1, 1] 772
[0, 0, 1, 1, 1, 1, 1, 1] 777
[0, 0, 1, 1, 1, 1, 1, 1] 781
[0, 0, 1, 1, 1, 1, 1, 1] 845
[0, 0, 0, 1, 1, 1, 1, 1] 61
[0, 0, 0, 1, 1, 1, 1, 1] 202
[0, 0, 0, 1, 1, 1, 1, 1] 239
[0, 0, 0, 1, 1, 1, 1, 1] 305
[0, 0, 0, 1, 1, 1, 1, 1] 639
[0, 0, 0, 1, 1, 1, 1, 1] 676
[0, 0, 0, 1, 1, 1, 1, 1] 703
[0, 0, 0, 1, 1, 1, 1, 1] 735
[0, 0, 0, 1, 1, 1, 1, 1] 851
[0, 0, 0, 1, 1, 1, 1, 1] 930
[0, 0, 0, 1, 1, 1, 1, 1] 954
[0, 0, 0, 1, 1, 1, 1, 1] 964
[0, 0, 0, 0, 1, 1, 1, 1] 110
[0, 0, 0, 0, 1, 1, 1, 1] 229
[0, 0, 0, 0, 1, 1, 1, 1] 235
[0, 0, 0, 0, 1, 1, 1, 1] 327
[0, 0, 0, 0, 1, 1, 1, 1] 387
[0, 0, 0, 0, 1, 1, 1, 1] 429
[0, 0, 0, 0, 1, 1, 1, 1] 530
[0, 0, 0, 0, 1, 1, 1, 1] 613
[0, 0, 0, 0, 1, 1, 1, 1] 647
[0, 0, 0, 0, 1, 1, 1, 1] 674
[0, 0, 0, 0, 1, 1, 1, 1] 698
[0, 0, 0, 0, 1, 1, 1, 1] 780
[0, 0, 0, 0, 1, 1, 1, 1] 930
[0, 0, 0, 0, 1, 1, 1, 1] 935
[0, 0, 0, 0, 0, 1, 1, 1] 39
[0, 0, 0, 0, 0, 1, 1, 1] 107
[0, 0, 0, 0, 0, 1, 1, 1] 273
[0, 0, 0, 0, 0, 1, 1, 1] 309
[0, 0, 0, 0, 0, 1, 1, 1] 441
[0, 0, 0, 0, 0, 1, 1, 1] 476
[0, 0, 0, 0, 0, 1, 1, 1] 776
[0, 0, 0, 0, 0, 1, 1, 1] 815
[0, 0, 0, 0, 0, 1, 1, 1] 822
[0, 0, 0, 0, 0, 1, 1, 1] 878
[0, 0, 0, 0, 0, 1, 1, 1] 908
[0, 0, 0, 0, 0, 0, 1, 1] 17
[0, 0, 0, 0, 0, 0, 1, 1] 64
[0, 0, 0, 0, 0, 0, 1, 1] 78
[0, 0, 0, 0, 0, 0, 1, 1] 148
[0, 0, 0, 0, 0, 0, 1, 1] 221
[0, 0, 0, 0, 0, 0, 1, 1] 239
[0, 0, 0, 0, 0, 0, 1, 1] 261
[0, 0, 0, 0, 0, 0, 1, 1] 376
[0, 0, 0, 0, 0, 0, 1, 1] 396
[0, 0, 0, 0, 0, 0, 1, 1] 498
[0, 0, 0, 0, 0, 0, 1, 1] 740
[0, 0, 0, 0, 0, 0, 1, 1] 857
[0, 0, 0, 0, 0, 0, 1, 1] 955
[0, 0, 0, 0, 0, 0, 1, 1] 970
[0, 0, 0, 0, 0, 0, 1, 1] 991
[0, 0, 0, 0, 0, 0, 0, 1] 27
[0, 0, 0, 0, 0, 0, 0, 1] 196
[0, 0, 0, 0, 0, 0, 0, 1] 255
[0, 0, 0, 0, 0, 0, 0, 1] 482
[0, 0, 0, 0, 0, 0, 0, 1] 699
[0, 0, 0, 0, 0, 0, 0, 1] 830
[0, 0, 0, 0, 0, 0, 0, 1] 845
[0, 0, 0, 0, 0, 0, 0, 1] 893
[0, 0, 0, 0, 0, 0, 0, 1] 953
