VARIABLES 100
NB_OBJ 8
ITEMS
[1, 1, 1, 1, 1, 1, 1, 1] 40
[1, 1, 1, 1, 1, 1, 1, 1] 72
[1, 1, 1, 1, 1, 1, 1, 1] 101
[1, 1, 1, 1, 1, 1, 1, 1] 253
[1, 1, 1, 1, 1, 1, 1, 1] 255
[1, 1, 1, 1, 1, 1, 1, 1] 522
[1, 1, 1, 1, 1, 1, 1, 1] 573
[1, 1, 1, 1, 1, 1, 1, 1] 610
[1, 1, 1, 1, 1, 1, 1, 1] 643
[1, 1, 1, 1, 1, 1, 1, 1] 736
[1, 1, 1, 1, 1, 1, 1, 1] 847
[1, 1, 1, 1, 1, 1, 1, 1] 952
[0, 1, 1, 1, 1, 1, 1, 1] 106
[0, 1, 1, 1, 1, 1, 1, 1] 116
[0, 1, 1, 1, 1, 1, 1, 1] 226
[0, 1, 1, 1, 1, 1, 1, 1] 496
[0, 1, 1, 1, 1, 1, 1, 1] 565
[0, 1, 1, 1, 1, 1, 1, 1] 613
[0, 1, 1, 1, 1, 1, 1, 1] 644
[0, 1, 1, 1, 1, 1, 1, 1] 801
[0, 1, 1, 1, 1, 1, 1, 1] 802
[0, 1, 1, 1, 1, 1, 1, 1] 857
[0, 1, 1, 1, 1, 1, 1, 1] 939
[0, 1, 1, 1, 1, 1, 1, 1] 962
[0, 0, 1, 1, 1, 1, 1, 1] 251
[0, 0, 1, 1, 1, 1, 1, 1] 350
[0, 0, 1, 1, 1, 1, 1, 1] 392
[0, 0, 1, 1, 1, 1, 1, 1] 434
[0, 0, 1, 1, 1, 1, 1, 1] 596
[0, 0, 1, 1, 1, 1, 1, 1] 614
[0, 0, 1, 1, 1, 1, 1, 1] 669
[0, 0, 1, 1, 1, 1, 1, 1] 829
[0, 0, 1, 1, 1, 1, 1, 1] 950
[0, 0, 1, 1, 1, 1, 1, 1] 958
[0, 0, 1, 1, 1, 1, 1, 1] 966
[0, 0, 1, 1, 1, 1, 1, 1] 970
[0, 0, 0, 1, 1, 1, 1, 1] 43
[0, 0, 0, 1, 1, 1, 1, 1] 134
[0, 0, 0, 1, 1, 1, 1, 1] 213
[0, 0, 0, 1, 1, 1, 1, 1] 253
[0, 0, 0, 1, 1, 1, 1, 1] 402
[0, 0, 0, 1, 1, 1, 1, 1] 581
[0, 0, 0, 1, 1, 1, 1, 1] 668
[0, 0, 0, 1, 1, 1, 1, 1] 718
[0, 0, 0, 1, 1, 1, 1, 1] 721
[0, 0, 0, 1, 1, 1, 1, 1] 762
[0, 0, 0, 1, 1, 1, 1, 1] 806
[0, 0, 0, 0, 1, 1, 1, 1] 44
[0, 0, 0, 0, 1, 1, 1, 1] 129
[0, 0, 0, 0, 1, 1, 1, 1] 206
[0, 0, 0, 0, 1, 1, 1, 1] 359
[0, 0, 0, 0, 1, 1, 1, 1] 487
[0, 0, 0, 0, 1, 1, 1, 1] 599
[0, 0, 0, 0, 1, 1, 1, 1] 646
[0, 0, 0, 0, 1, 1, 1, 1] 831
[0, 0, 0, 0, 1, 1, 1, 1] 863
[0, 0, 0, 0, 1, 1, 1, 1] 909
[0, 0, 0, 0, 1, 1, 1, 1] 974
[0, 0, 0, 0, 1, 1, 1, 1] 982
[0, 0, 0, 0, 1, 1, 1, 1] 990
[0, 0, 0, 0, 0, 1, 1, 1] 13
[0, 0, 0, 0, 0, 1, 1, 1] 21
[0, 0, 0, 0, 0, 1, 1, 1] 55
[0, 0, 0, 0, 0, 1, 1, 1] 165
[0, 0, 0, 0, 0, 1, 1, 1] 198
[0, 0, 0, 0, 0, 1, 1, 1] 210
[0, 0, 0, 0, 0, 1, 1, 1] 458
[0, 0, 0, 0, 0, 1, 1, 1] 505
[0, 0, 0, 0, 0, 1, 1, 1] 584
[0, 0, 0, 0, 0, 1, 1, 1] 767
[0, 0, 0, 0, 0, 1, 1, 1] 787
[0, 0, 0, 0, 0, 1, 1, 1] 883
[0, 0, 0, 0, 0, 1, 1, 1] 899
[0, 0, 0, 0, 0, 1, 1, 1] 959
[0, 0, 0, 0, 0, 0, 1, 1] 59
[0, 0, 0, 0, 0, 0, 1, 1] 78
[0, 0, 0, 0, 0, 0, 1, 1] 360
[0, 0, 0, 0, 0, 0, 1, 1] 494
[0, 0, 0, 0, 0, 0, 1, 1] 506
[0, 0, 0, 0, 0, 0, 1, 1] 516
[0, 0, 0, 0, 0, 0, 1, 1] 530
[0, 0, 0, 0, 0, 0, 1, 1] 560
[0, 0, 0, 0, 0, 0, 1, 1] 623
[0, 0, 0, 0, 0, 0, 1, 1] 676
[0, 0, 0, 0, 0, 0, 1, 1] 763
[0, 0, 0, 0, 0, 0, 1, 1] 850
[0, 0, 0, 0, 0, 0, 1, 1] 872
[0, 0, 0, 0, 0, 0, 1, 1] 919
[0, 0, 0, 0, 0, 0, 0, 1] 22
[0, 0, 0, 0, 0, 0, 0, 1] 251
[0, 0, 0, 0, 0, 0, 0, 1] 264
[0, 0, 0, 0, 0, 0, 0, 1] 270
[0, 0, 0, 0, 0, 0, 0, 1] 308
[0, 0, 0, 0, 0, 0, 0, 1] 363
[0, 0, 0, 0, 0, 0, 0, 1] 378
[0, 0, 0, 0, 0, 0, 0, 1] 411
[0, 0, 0, 0, 0, 0, 0, 1] 449
[0, 0, 0, 0, 0, 0, 0, 1] 455
[0, 0, 0, 0, 0, 0, 0, 1] 676
[0, 0, 0, 0, 0, 0, 0, 1] 908
