VARIABLES 100
NB_OBJ 8
ITEMS
[1, 1, 1, 1, 1, 1, 1, 1] 25
[1, 1, 1, 1, 1, 1, 1, 1] 140
[1, 1, 1, 1, 1, 1, 1, 1] 164
[1, 1, 1, 1, 1, 1, 1, 1] 174
[1, 1, 1, 1, 1, 1, 1, 1] 425
[1, 1, 1, 1, 1, 1, 1, 1] 478
[1, 1, 1, 1, 1, 1, 1, 1] 756
[1, 1, 1, 1, 1, 1, 1, 1] 919
[1, 1, 1, 1, 1, 1, 1, 1] 976
[1, 1, 1, 1, 1, 1, 1, 1] 986
[1, 1, 1, 1, 1, 1, 1, 1] 992
[0, 1, 1, 1, 1, 1, 1, 1] 105
[0, 1, 1, 1, 1, 1, 1, 1] 174
[0, 1, 1, 1, 1, 1, 1, 1] 197
[0, 1, 1, 1, 1, 1, 1, 1] 325
[0, 1, 1, 1, 1, 1, 1, 1] 406
[0, 1, 1, 1, 1, 1, 1, 1] 444
[0, 1, 1, 1, 1, 1, 1, 1] 501
[0, 1, 1, 1, 1, 1, 1, 1] 563
[0, 1, 1, 1, 1, 1, 1, 1] 723
[0, 1, 1, 1, 1, 1, 1, 1] 892
[0, 0, 1, 1, 1, 1, 1, 1] 89
[0, 0, 1, 1, 1, 1, 1, 1] 184
[0, 0, 1, 1, 1, 1, 1, 1] 368
[0, 0, 1, 1, 1, 1, 1, 1] 548
[0, 0, 1, 1, 1, 1, 1, 1] 594
[0, 0, 1, 1, 1, 1, 1, 1] 632
[0, 0, 1, 1, 1, 1, 1, 1] 678
[0, 0, 1, 1, 1, 1, 1, 1] 812
[0, 0, 1, 1, 1, 1, 1, 1] 857
[0, 0, 1, 1, 1, 1, 1, 1] 931
[0, 0, 1, 1, 1, 1, 1, 1] 953
[0, 0, 0, 1, 1, 1, 1, 1] 79
[0, 0, 0, 1, 1, 1, 1, 1] 129
[0, 0, 0, 1, 1, 1, 1, 1] 175
[0, 0, 0, 1, 1, 1, 1, 1] 266
[0, 0, 0, 1, 1, 1, 1, 1] 410
[0, 0, 0, 1, 1, 1, 1, 1] 724
[0, 0, 0, 1, 1, 1, 1, 1] 737
[0, 0, 0, 1, 1, 1, 1, 1] 813
[0, 0, 0, 1, 1, 1, 1, 1] 851
[0, 0, 0, 0, 1, 1, 1, 1] 68
[0, 0, 0, 0, 1, 1, 1, 1] 199
[0, 0, 0, 0, 1, 1, 1, 1] 207
[0, 0, 0, 0, 1, 1, 1, 1] 356
[0, 0, 0, 0, 1, 1, 1, 1] 512
[0, 0, 0, 0, 1, 1, 1, 1] 562
[0, 0, 0, 0, 1, 1, 1, 1] 603
[0, 0, 0, 0, 1, 1, 1, 1] 638
[0, 0, 0, 0, 1, 1, 1, 1] 654
[0, 0, 0, 0, 1, 1, 1, 1] 679
[0, 0, 0, 0, 1, 1, 1, 1] 722
[0, 0, 0, 0, 1, 1, 1, 1] 787
[0, 0, 0, 0, 1, 1, 1, 1] 908
[0, 0, 0, 0, 1, 1, 1, 1] 929
[0, 0, 0, 0, 0, 1, 1, 1] 16
[0, 0, 0, 0, 0, 1, 1, 1] 69
[0, 0, 0, 0, 0, 1, 1, 1] 113
[0, 0, 0, 0, 0, 1, 1, 1] 169
[0, 0, 0, 0, 0, 1, 1, 1] 172
[0, 0, 0, 0, 0, 1, 1, 1] 187
[0, 0, 0, 0, 0, 1, 1, 1] 207
[0, 0, 0, 0, 0, 1, 1, 1] 313
[0, 0, 0, 0, 0, 1, 1, 1] 376
[0, 0, 0, 0, 0, 1, 1, 1] 434
[0, 0, 0, 0, 0, 1, 1, 1] 537
[0, 0, 0, 0, 0, 1, 1, 1] 627
[0, 0, 0, 0, 0, 1, 1, 1] 790
[0, 0, 0, 0, 0, 1, 1, 1] 849
[0, 0, 0, 0, 0, 1, 1, 1] 941
[0, 0, 0, 0, 0, 1, 1, 1] 969
[0, 0, 0, 0, 0, 0, 1, 1] 40
[0, 0, 0, 0, 0, 0, 1, 1] 158
[0, 0, 0, 0, 0, 0, 1, 1] 158
[0, 0, 0, 0, 0, 0, 1, 1] 187
[0, 0, 0, 0, 0, 0, 1, 1] 258
[0, 0, 0, 0, 0, 0, 1, 1] 263
[0, 0, 0, 0, 0, 0, 1, 1] 371
[0, 0, 0, 0, 0, 0, 1, 1] 372
[0, 0, 0, 0, 0, 0, 1, 1] 381
[0, 0, 0, 0, 0, 0, 1, 1] 408
[0, 0, 0, 0, 0, 0, 1, 1] 532
[0, 0, 0, 0, 0, 0, 1, 1] 696
[0, 0, 0, 0, 0, 0, 1, 1] 718
[0, 0, 0, 0, 0, 0, 1, 1] 840
[0, 0, 0, 0, 0, 0, 1, 1] 877
[0, 0, 0, 0, 0, 0, 1, 1] 882
[0, 0, 0, 0, 0, 0, 1, 1] 907
[0, 0, 0, 0, 0, 0, 1, 1] 935
[0, 0, 0, 0, 0, 0, 1, 1] 973
[0, 0, 0, 0, 0, 0, 0, 1] 144
[0, 0, 0, 0, 0, 0, 0, 1] 282
[0, 0, 0, 0, 0, 0, 0, 1] 304
[0, 0, 0, 0, 0, 0, 0, 1] 366
[0, 0, 0, 0, 0, 0, 0, 1] 434
[0, 0, 0, 0, 0, 0, 0, 1] 631
[0, 0, 0, 0, 0, 0, 0, 1] 688
[0, 0, 0, 0, 0, 0, 0, 1] 775
[0, 0, 0, 0, 0, 0, 0, 1] 834
[0, 0, 0, 0, 0, 0, 0, 1] 838
