VARIABLES 100
NB_OBJ 8
ITEMS
[1, 1, 1, 1, 1, 1, 1, 1] 86
[1, 1, 1, 1, 1, 1, 1, 1] 207
[1, 1, 1, 1, 1, 1, 1, 1] 306
[1, 1, 1, 1, 1, 1, 1, 1] 402
[1, 1, 1, 1, 1, 1, 1, 1] 497
[1, 1, 1, 1, 1, 1, 1, 1] 500
[1, 1, 1, 1, 1, 1, 1, 1] 509
[1, 1, 1, 1, 1, 1, 1, 1] 589
[1, 1, 1, 1, 1, 1, 1, 1] 619
[1, 1, 1, 1, 1, 1, 1, 1] 793
[1, 1, 1, 1, 1, 1, 1, 1] 795
[0, 1, 1, 1, 1, 1, 1, 1] 49
[0, 1, 1, 1, 1, 1, 1, 1] 230
[0, 1, 1, 1, 1, 1, 1, 1] 251
[0, 1, 1, 1, 1, 1, 1, 1] 315
[0, 1, 1, 1, 1, 1, 1, 1] 436
[0, 1, 1, 1, 1, 1, 1, 1] 632
[0, 1, 1, 1, 1, 1, 1, 1] 636
[0, 1, 1, 1, 1, 1, 1, 1] 842
[0, 1, 1, 1, 1, 1, 1, 1] 886
[0, 1, 1, 1, 1, 1, 1, 1] 969
[0, 1, 1, 1, 1, 1, 1, 1] 980
[0, 0, 1, 1, 1, 1, 1, 1] 136
[0, 0, 1, 1, 1, 1, 1, 1] 194
[0, 0, 1, 1, 1, 1, 1, 1] 213
[0, 0, 1, 1, 1, 1, 1, 1] 248
[0, 0, 1, 1, 1, 1, 1, 1] 282
[0, 0, 1, 1, 1, 1, 1, 1] 294
[0, 0, 1, 1, 1, 1, 1, 1] 380
[0, 0, 1, 1, 1, 1, 1, 1] 424
[0, 0, 1, 1, 1, 1, 1, 1] 551
[0, 0, 1, 1, 1, 1, 1, 1] 812
[0, 0, 1, 1, 1, 1, 1, 1] 905
[0, 0, 0, 1, 1, 1, 1, 1] 9
[0, 0, 0, 1, 1, 1, 1, 1] 33
[0, 0, 0, 1, 1, 1, 1, 1] 52
[0, 0, 0, 1, 1, 1, 1, 1] 67
[0, 0, 0, 1, 1, 1, 1, 1] 105
[0, 0, 0, 1, 1, 1, 1, 1] 105
[0, 0, 0, 1, 1, 1, 1, 1] 122
[0, 0, 0, 1, 1, 1, 1, 1] 305
[0, 0, 0, 1, 1, 1, 1, 1] 346
[0, 0, 0, 1, 1, 1, 1, 1] 514
[0, 0, 0, 1, 1, 1, 1, 1] 690
[0, 0, 0, 1, 1, 1, 1, 1] 755
[0, 0, 0, 1, 1, 1, 1, 1] 766
[0, 0, 0, 1, 1, 1, 1, 1] 830
[0, 0, 0, 1, 1, 1, 1, 1] 839
[0, 0, 0, 1, 1, 1, 1, 1] 924
[0, 0, 0, 1, 1, 1, 1, 1] 945
[0, 0, 0, 1, 1, 1, 1, 1] 952
[0, 0, 0, 1, 1, 1, 1, 1] 975
[0, 0, 0, 0, 1, 1, 1, 1] 20
[0, 0, 0, 0, 1, 1, 1, 1] 96
[0, 0, 0, 0, 1, 1, 1, 1] 122
[0, 0, 0, 0, 1, 1, 1, 1] 127
[0, 0, 0, 0, 1, 1, 1, 1] 147
[0, 0, 0, 0, 1, 1, 1, 1] 350
[0, 0, 0, 0, 1, 1, 1, 1] 375
[0, 0, 0, 0, 1, 1, 1, 1] 675
[0, 0, 0, 0, 1, 1, 1, 1] 683
[0, 0, 0, 0, 1, 1, 1, 1] 722
[0, 0, 0, 0, 1, 1, 1, 1] 785
[0, 0, 0, 0, 1, 1, 1, 1] 834
[0, 0, 0, 0, 1, 1, 1, 1] 884
[0, 0, 0, 0, 1, 1, 1, 1] 897
[0, 0, 0, 0, 0, 1, 1, 1] 61
[0, 0, 0, 0, 0, 1, 1, 1] 166
[0, 0, 0, 0, 0, 1, 1, 1] 258
[0, 0, 0, 0, 0, 1, 1, 1] 275
[0, 0, 0, 0, 0, 1, 1, 1] 289
[0, 0, 0, 0, 0, 1, 1, 1] 589
[0, 0, 0, 0, 0, 1, 1, 1] 825
[0, 0, 0, 0, 0, 1, 1, 1] 834
[0, 0, 0, 0, 0, 1, 1, 1] 837
[0, 0, 0, 0, 0, 1, 1, 1] 885
[0, 0, 0, 0, 0, 1, 1, 1] 955
[0, 0, 0, 0, 0, 1, 1, 1] 962
[0, 0, 0, 0, 0, 0, 1, 1] 48
[0, 0, 0, 0, 0, 0, 1, 1] 349
[0, 0, 0, 0, 0, 0, 1, 1] 372
[0, 0, 0, 0, 0, 0, 1, 1] 494
[0, 0, 0, 0, 0, 0, 1, 1] 781
[0, 0, 0, 0, 0, 0, 1, 1] 807
[0, 0, 0, 0, 0, 0, 1, 1] 853
[0, 0, 0, 0, 0, 0, 1, 1] 907
[0, 0, 0, 0, 0, 0, 0, 1] 16
[0, 0, 0, 0, 0, 0, 0, 1] 72
[0, 0, 0, 0, 0, 0, 0, 1] 172
[0, 0, 0, 0, 0, 0, 0, 1] 185
[0, 0, 0, 0, 0, 0, 0, 1] 267
[0, 0, 0, 0, 0, 0, 0, 1] 304
[0, 0, 0, 0, 0, 0, 0, 1] 317
[0, 0, 0, 0, 0, 0, 0, 1] 337
[0, 0, 0, 0, 0, 0, 0, 1] 449
[0, 0, 0, 0, 0, 0, 0, 1] 534
[0, 0, 0, 0, 0, 0, 0, 1] 612
[0, 0, 0, 0, 0, 0, 0, 1] 649
[0, 0, 0, 0, 0, 0, 0, 1] 782
[0, 0, 0, 0, 0, 0, 0, 1] 995
