VARIABLES 100
NB_OBJ 8
ITEMS
[1, 1, 1, 1, 1, 1, 1, 1] 28
[1, 1, 1, 1, 1, 1, 1, 1] 83
[1, 1, 1, 1, 1, 1, 1, 1] 146
[1, 1, 1, 1, 1, 1, 1, 1] 229
[1, 1, 1, 1, 1, 1, 1, 1] 263
[1, 1, 1, 1, 1, 1, 1, 1] 335
[1, 1, 1, 1, 1, 1, 1, 1] 385
[1, 1, 1, 1, 1, 1, 1, 1] 558
[1, 1, 1, 1, 1, 1, 1, 1] 804
[0, 1, 1, 1, 1, 1, 1, 1] 115
[0, 1, 1, 1, 1, 1, 1, 1] 269
[0, 1, 1, 1, 1, 1, 1, 1] 321
[0, 1, 1, 1, 1, 1, 1, 1] 323
[0, 1, 1, 1, 1, 1, 1, 1] 374
[0, 1, 1, 1, 1, 1, 1, 1] 530
[0, 1, 1, 1, 1, 1, 1, 1] 614
[0, 1, 1, 1, 1, 1, 1, 1] 621
[0, 1, 1, 1, 1, 1, 1, 1] 661
[0, 1, 1, 1, 1, 1, 1, 1] 712
[0, 1, 1, 1, 1, 1, 1, 1] 748
[0, 1, 1, 1, 1, 1, 1, 1] 766
[0, 1, 1, 1, 1, 1, 1, 1] 810
[0, 1, 1, 1, 1, 1, 1, 1] 832
[0, 1, 1, 1, 1, 1, 1, 1] 838
[0, 0, 1, 1, 1, 1, 1, 1] 10
[0, 0, 1, 1, 1, 1, 1, 1] 82
[0, 0, 1, 1, 1, 1, 1, 1] 168
[0, 0, 1, 1, 1, 1, 1, 1] 425
[0, 0, 1, 1, 1, 1, 1, 1] 574
[0, 0, 1, 1, 1, 1, 1, 1] 743
[0, 0, 1, 1, 1, 1, 1, 1] 771
[0, 0, 0, 1, 1, 1, 1, 1] 128
[0, 0, 0, 1, 1, 1, 1, 1] 128
[0, 0, 0, 1, 1, 1, 1, 1] 168
[0, 0, 0, 1, 1, 1, 1, 1] 213
[0, 0, 0, 1, 1, 1, 1, 1] 219
[0, 0, 0, 1, 1, 1, 1, 1] 318
[0, 0, 0, 1, 1, 1, 1, 1] 324
[0, 0, 0, 1, 1, 1, 1, 1] 511
[0, 0, 0, 1, 1, 1, 1, 1] 580
[0, 0, 0, 1, 1, 1, 1, 1] 587
[0, 0, 0, 1, 1, 1, 1, 1] 611
[0, 0, 0, 1, 1, 1, 1, 1] 677
[0, 0, 0, 1, 1, 1, 1, 1] 910
[0, 0, 0, 1, 1, 1, 1, 1] 987
[0, 0, 0, 0, 1, 1, 1, 1] 20
[0, 0, 0, 0, 1, 1, 1, 1] 109
[0, 0, 0, 0, 1, 1, 1, 1] 282
[0, 0, 0, 0, 1, 1, 1, 1] 323
[0, 0, 0, 0, 1, 1, 1, 1] 371
[0, 0, 0, 0, 1, 1, 1, 1] 418
[0, 0, 0, 0, 1, 1, 1, 1] 476
[0, 0, 0, 0, 1, 1, 1, 1] 652
[0, 0, 0, 0, 1, 1, 1, 1] 741
[0, 0, 0, 0, 1, 1, 1, 1] 836
[0, 0, 0, 0, 1, 1, 1, 1] 861
[0, 0, 0, 0, 1, 1, 1, 1] 902
[0, 0, 0, 0, 1, 1, 1, 1] 906
[0, 0, 0, 0, 1, 1, 1, 1] 939
[0, 0, 0, 0, 0, 1, 1, 1] 9
[0, 0, 0, 0, 0, 1, 1, 1] 20
[0, 0, 0, 0, 0, 1, 1, 1] 42
[0, 0, 0, 0, 0, 1, 1, 1] 42
[0, 0, 0, 0, 0, 1, 1, 1] 261
[0, 0, 0, 0, 0, 1, 1, 1] 284
[0, 0, 0, 0, 0, 1, 1, 1] 399
[0, 0, 0, 0, 0, 1, 1, 1] 460
[0, 0, 0, 0, 0, 1, 1, 1] 467
[0, 0, 0, 0, 0, 1, 1, 1] 472
[0, 0, 0, 0, 0, 1, 1, 1] 482
[0, 0, 0, 0, 0, 1, 1, 1] 589
[0, 0, 0, 0, 0, 1, 1, 1] 612
[0, 0, 0, 0, 0, 1, 1, 1] 963
[0, 0, 0, 0, 0, 0, 1, 1] 73
[0, 0, 0, 0, 0, 0, 1, 1] 135
[0, 0, 0, 0, 0, 0, 1, 1] 213
[0, 0, 0, 0, 0, 0, 1, 1] 383
[0, 0, 0, 0, 0, 0, 1, 1] 405
[0, 0, 0, 0, 0, 0, 1, 1] 411
[0, 0, 0, 0, 0, 0, 1, 1] 543
[0, 0, 0, 0, 0, 0, 1, 1] 552
[0, 0, 0, 0, 0, 0, 1, 1] 593
[0, 0, 0, 0, 0, 0, 1, 1] 605
[0, 0, 0, 0, 0, 0, 1, 1] 706
[0, 0, 0, 0, 0, 0, 1, 1] 877
[0, 0, 0, 0, 0, 0, 1, 1] 922
[0, 0, 0, 0, 0, 0, 0, 1] 9
[0, 0, 0, 0, 0, 0, 0, 1] 47
[0, 0, 0, 0, 0, 0, 0, 1] 122
[0, 0, 0, 0, 0, 0, 0, 1] 129
[0, 0, 0, 0, 0, 0, 0, 1] 234
[0, 0, 0, 0, 0, 0, 0, 1] 249
[0, 0, 0, 0, 0, 0, 0, 1] 393
[0, 0, 0, 0, 0, 0, 0, 1] 533
[0, 0, 0, 0, 0, 0, 0, 1] 588
[0, 0, 0, 0, 0, 0, 0, 1] 605
[0, 0, 0, 0, 0, 0, 0, 1] 700
[0, 0, 0, 0, 0, 0, 0, 1] 770
[0, 0, 0, 0, 0, 0, 0, 1] 904
[0, 0, 0, 0, 0, 0, 0, 1] 983
