VARIABLES 100
NB_OBJ 8
ITEMS
[1, 1, 1, 1, 1, 1, 1, 1] 33
[1, 1, 1, 1, 1, 1, 1, 1] 62
[1, 1, 1, 1, 1, 1, 1, 1] 190
[1, 1, 1, 1, 1, 1, 1, 1] 269
[1, 1, 1, 1, 1, 1, 1, 1] 430
[1, 1, 1, 1, 1, 1, 1, 1] 581
[1, 1, 1, 1, 1, 1, 1, 1] 588
[1, 1, 1, 1, 1, 1, 1, 1] 720
[1, 1, 1, 1, 1, 1, 1, 1] 863
[1, 1, 1, 1, 1, 1, 1, 1] 882
[1, 1, 1, 1, 1, 1, 1, 1] 884
[1, 1, 1, 1, 1, 1, 1, 1] 969
[0, 1, 1, 1, 1, 1, 1, 1] 92
[0, 1, 1, 1, 1, 1, 1, 1] 97
[0, 1, 1, 1, 1, 1, 1, 1] 119
[0, 1, 1, 1, 1, 1, 1, 1] 184
[0, 1, 1, 1, 1, 1, 1, 1] 305
[0, 1, 1, 1, 1, 1, 1, 1] 306
[0, 1, 1, 1, 1, 1, 1, 1] 311
[0, 1, 1, 1, 1, 1, 1, 1] 409
[0, 1, 1, 1, 1, 1, 1, 1] 632
[0, 1, 1, 1, 1, 1, 1, 1] 770
[0, 1, 1, 1, 1, 1, 1, 1] 788
[0, 1, 1, 1, 1, 1, 1, 1] 803
[0, 1, 1, 1, 1, 1, 1, 1] 858
[0, 0, 1, 1, 1, 1, 1, 1] 110
[0, 0, 1, 1, 1, 1, 1, 1] 124
[0, 0, 1, 1, 1, 1, 1, 1] 169
[0, 0, 1, 1, 1, 1, 1, 1] 189
[0, 0, 1, 1, 1, 1, 1, 1] 373
[0, 0, 1, 1, 1, 1, 1, 1] 491
[0, 0, 1, 1, 1, 1, 1, 1] 538
[0, 0, 1, 1, 1, 1, 1, 1] 625
[0, 0, 1, 1, 1, 1, 1, 1] 699
[0, 0, 1, 1, 1, 1, 1, 1] 725
[0, 0, 1, 1, 1, 1, 1, 1] 788
[0, 0, 1, 1, 1, 1, 1, 1] 812
[0, 0, 1, 1, 1, 1, 1, 1] 837
[0, 0, 1, 1, 1, 1, 1, 1] 843
[0, 0, 1, 1, 1, 1, 1, 1] 849
[0, 0, 1, 1, 1, 1, 1, 1] 861
[0, 0, 1, 1, 1, 1, 1, 1] 871
[0, 0, 1, 1, 1, 1, 1, 1] 895
[0, 0, 0, 1, 1, 1, 1, 1] 161
[0, 0, 0, 1, 1, 1, 1, 1] 236
[0, 0, 0, 1, 1, 1, 1, 1] 300
[0, 0, 0, 1, 1, 1, 1, 1] 359
[0, 0, 0, 1, 1, 1, 1, 1] 360
[0, 0, 0, 1, 1, 1, 1, 1] 435
[0, 0, 0, 1, 1, 1, 1, 1] 506
[0, 0, 0, 1, 1, 1, 1, 1] 559
[0, 0, 0, 1, 1, 1, 1, 1] 860
[0, 0, 0, 1, 1, 1, 1, 1] 981
[0, 0, 0, 1, 1, 1, 1, 1] 997
[0, 0, 0, 0, 1, 1, 1, 1] 78
[0, 0, 0, 0, 1, 1, 1, 1] 89
[0, 0, 0, 0, 1, 1, 1, 1] 391
[0, 0, 0, 0, 1, 1, 1, 1] 417
[0, 0, 0, 0, 1, 1, 1, 1] 438
[0, 0, 0, 0, 1, 1, 1, 1] 549
[0, 0, 0, 0, 1, 1, 1, 1] 588
[0, 0, 0, 0, 1, 1, 1, 1] 923
[0, 0, 0, 0, 1, 1, 1, 1] 989
[0, 0, 0, 0, 0, 1, 1, 1] 312
[0, 0, 0, 0, 0, 1, 1, 1] 465
[0, 0, 0, 0, 0, 1, 1, 1] 529
[0, 0, 0, 0, 0, 1, 1, 1] 630
[0, 0, 0, 0, 0, 1, 1, 1] 653
[0, 0, 0, 0, 0, 1, 1, 1] 883
[0, 0, 0, 0, 0, 1, 1, 1] 892
[0, 0, 0, 0, 0, 1, 1, 1] 895
[0, 0, 0, 0, 0, 1, 1, 1] 999
[0, 0, 0, 0, 0, 0, 1, 1] 15
[0, 0, 0, 0, 0, 0, 1, 1] 65
[0, 0, 0, 0, 0, 0, 1, 1] 88
[0, 0, 0, 0, 0, 0, 1, 1] 99
[0, 0, 0, 0, 0, 0, 1, 1] 368
[0, 0, 0, 0, 0, 0, 1, 1] 717
[0, 0, 0, 0, 0, 0, 1, 1] 818
[0, 0, 0, 0, 0, 0, 1, 1] 849
[0, 0, 0, 0, 0, 0, 0, 1] 14
[0, 0, 0, 0, 0, 0, 0, 1] 31
[0, 0, 0, 0, 0, 0, 0, 1] 94
[0, 0, 0, 0, 0, 0, 0, 1] 114
[0, 0, 0, 0, 0, 0, 0, 1] 192
[0, 0, 0, 0, 0, 0, 0, 1] 210
[0, 0, 0, 0, 0, 0, 0, 1] 244
[0, 0, 0, 0, 0, 0, 0, 1] 270
[0, 0, 0, 0, 0, 0, 0, 1] 282
[0, 0, 0, 0, 0, 0, 0, 1] 337
[0, 0, 0, 0, 0, 0, 0, 1] 341
[0, 0, 0, 0, 0, 0, 0, 1] 360
[0, 0, 0, 0, 0, 0, 0, 1] 668
[0, 0, 0, 0, 0, 0, 0, 1] 698
[0, 0, 0, 0, 0, 0, 0, 1] 762
[0, 0, 0, 0, 0, 0, 0, 1] 781
[0, 0, 0, 0, 0, 0, 0, 1] 888
[0, 0, 0, 0, 0, 0, 0, 1] 907
[0, 0, 0, 0, 0, 0, 0, 1] 953
[0, 0, 0, 0, 0, 0, 0, 1] 964
