VARIABLES 100
NB_OBJ 8
ITEMS
[1, 1, 1, 1, 1, 1, 1, 1] 45
[1, 1, 1, 1, 1, 1, 1, 1] 49
[1, 1, 1, 1, 1, 1, 1, 1] 96
[1, 1, 1, 1, 1, 1, 1, 1] 160
[1, 1, 1, 1, 1, 1, 1, 1] 389
[1, 1, 1, 1, 1, 1, 1, 1] 575
[1, 1, 1, 1, 1, 1, 1, 1] 575
[1, 1, 1, 1, 1, 1, 1, 1] 829
[1, 1, 1, 1, 1, 1, 1, 1] 961
[1, 1, 1, 1, 1, 1, 1, 1] 963
[1, 1, 1, 1, 1, 1, 1, 1] 964
[1, 1, 1, 1, 1, 1, 1, 1] 969
[0, 1, 1, 1, 1, 1, 1, 1] 222
[0, 1, 1, 1, 1, 1, 1, 1] 242
[0, 1, 1, 1, 1, 1, 1, 1] 415
[0, 1, 1, 1, 1, 1, 1, 1] 437
[0, 1, 1, 1, 1, 1, 1, 1] 541
[0, 1, 1, 1, 1, 1, 1, 1] 586
[0, 1, 1, 1, 1, 1, 1, 1] 587
[0, 1, 1, 1, 1, 1, 1, 1] 689
[0, 1, 1, 1, 1, 1, 1, 1] 951
[0, 0, 1, 1, 1, 1, 1, 1] 9
[0, 0, 1, 1, 1, 1, 1, 1] 169
[0, 0, 1, 1, 1, 1, 1, 1] 181
[0, 0, 1, 1, 1, 1, 1, 1] 263
[0, 0, 1, 1, 1, 1, 1, 1] 374
[0, 0, 1, 1, 1, 1, 1, 1] 406
[0, 0, 1, 1, 1, 1, 1, 1] 430
[0, 0, 1, 1, 1, 1, 1, 1] 481
[0, 0, 1, 1, 1, 1, 1, 1] 483
[0, 0, 1, 1, 1, 1, 1, 1] 584
[0, 0, 1, 1, 1, 1, 1, 1] 678
[0, 0, 0, 1, 1, 1, 1, 1] 9
[0, 0, 0, 1, 1, 1, 1, 1] 60
[0, 0, 0, 1, 1, 1, 1, 1] 245
[0, 0, 0, 1, 1, 1, 1, 1] 361
[0, 0, 0, 1, 1, 1, 1, 1] 378
[0, 0, 0, 1, 1, 1, 1, 1] 432
[0, 0, 0, 1, 1, 1, 1, 1] 820
[0, 0, 0, 1, 1, 1, 1, 1] 919
[0, 0, 0, 0, 1, 1, 1, 1] 6
[0, 0, 0, 0, 1, 1, 1, 1] 37
[0, 0, 0, 0, 1, 1, 1, 1] 110
[0, 0, 0, 0, 1, 1, 1, 1] 163
[0, 0, 0, 0, 1, 1, 1, 1] 221
[0, 0, 0, 0, 1, 1, 1, 1] 391
[0, 0, 0, 0, 1, 1, 1, 1] 434
[0, 0, 0, 0, 1, 1, 1, 1] 439
[0, 0, 0, 0, 1, 1, 1, 1] 626
[0, 0, 0, 0, 1, 1, 1, 1] 657
[0, 0, 0, 0, 1, 1, 1, 1] 831
[0, 0, 0, 0, 1, 1, 1, 1] 890
[0, 0, 0, 0, 1, 1, 1, 1] 904
[0, 0, 0, 0, 1, 1, 1, 1] 991
[0, 0, 0, 0, 0, 1, 1, 1] 42
[0, 0, 0, 0, 0, 1, 1, 1] 161
[0, 0, 0, 0, 0, 1, 1, 1] 183
[0, 0, 0, 0, 0, 1, 1, 1] 248
[0, 0, 0, 0, 0, 1, 1, 1] 273
[0, 0, 0, 0, 0, 1, 1, 1] 277
[0, 0, 0, 0, 0, 1, 1, 1] 293
[0, 0, 0, 0, 0, 1, 1, 1] 315
[0, 0, 0, 0, 0, 1, 1, 1] 360
[0, 0, 0, 0, 0, 1, 1, 1] 371
[0, 0, 0, 0, 0, 1, 1, 1] 389
[0, 0, 0, 0, 0, 1, 1, 1] 454
[0, 0, 0, 0, 0, 1, 1, 1] 609
[0, 0, 0, 0, 0, 1, 1, 1] 647
[0, 0, 0, 0, 0, 1, 1, 1] 736
[0, 0, 0, 0, 0, 1, 1, 1] 889
[0, 0, 0, 0, 0, 1, 1, 1] 901
[0, 0, 0, 0, 0, 1, 1, 1] 920
[0, 0, 0, 0, 0, 0, 1, 1] 126
[0, 0, 0, 0, 0, 0, 1, 1] 142
[0, 0, 0, 0, 0, 0, 1, 1] 197
[0, 0, 0, 0, 0, 0, 1, 1] 326
[0, 0, 0, 0, 0, 0, 1, 1] 337
[0, 0, 0, 0, 0, 0, 1, 1] 354
[0, 0, 0, 0, 0, 0, 1, 1] 453
[0, 0, 0, 0, 0, 0, 1, 1] 537
[0, 0, 0, 0, 0, 0, 1, 1] 595
[0, 0, 0, 0, 0, 0, 1, 1] 684
[0, 0, 0, 0, 0, 0, 1, 1] 768
[0, 0, 0, 0, 0, 0, 1, 1] 965
[0, 0, 0, 0, 0, 0, 1, 1] 984
[0, 0, 0, 0, 0, 0, 0, 1] 6
[0, 0, 0, 0, 0, 0, 0, 1] 19
[0, 0, 0, 0, 0, 0, 0, 1] 19
[0, 0, 0, 0, 0, 0, 0, 1] 22
[0, 0, 0, 0, 0, 0, 0, 1] 114
[0, 0, 0, 0, 0, 0, 0, 1] 175
[0, 0, 0, 0, 0, 0, 0, 1] 228
[0, 0, 0, 0, 0, 0, 0, 1] 233
[0, 0, 0, 0, 0, 0, 0, 1] 235
[0, 0, 0, 0, 0, 0, 0, 1] 238
[0, 0, 0, 0, 0, 0, 0, 1] 382
[0, 0, 0, 0, 0, 0, 0, 1] 414
[0, 0, 0, 0, 0, 0, 0, 1] 780
[0, 0, 0, 0, 0, 0, 0, 1] 819
[0, 0, 0, 0, 0, 0, 0, 1] 904
