VARIABLES 100
NB_OBJ 8
ITEMS
[1, 1, 1, 1, 1, 1, 1, 1] 54
[1, 1, 1, 1, 1, 1, 1, 1] 94
[1, 1, 1, 1, 1, 1, 1, 1] 215
[1, 1, 1, 1, 1, 1, 1, 1] 325
[1, 1, 1, 1, 1, 1, 1, 1] 332
[1, 1, 1, 1, 1, 1, 1, 1] 443
[1, 1, 1, 1, 1, 1, 1, 1] 472
[1, 1, 1, 1, 1, 1, 1, 1] 811
[1, 1, 1, 1, 1, 1, 1, 1] 855
[1, 1, 1, 1, 1, 1, 1, 1] 867
[0, 1, 1, 1, 1, 1, 1, 1] 192
[0, 1, 1, 1, 1, 1, 1, 1] 328
[0, 1, 1, 1, 1, 1, 1, 1] 377
[0, 1, 1, 1, 1, 1, 1, 1] 470
[0, 1, 1, 1, 1, 1, 1, 1] 546
[0, 1, 1, 1, 1, 1, 1, 1] 619
[0, 1, 1, 1, 1, 1, 1, 1] 629
[0, 1, 1, 1, 1, 1, 1, 1] 682
[0, 1, 1, 1, 1, 1, 1, 1] 685
[0, 1, 1, 1, 1, 1, 1, 1] 719
[0, 1, 1, 1, 1, 1, 1, 1] 750
[0, 1, 1, 1, 1, 1, 1, 1] 761
[0, 1, 1, 1, 1, 1, 1, 1] 829
[0, 1, 1, 1, 1, 1, 1, 1] 836
[0, 1, 1, 1, 1, 1, 1, 1] 927
[0, 1, 1, 1, 1, 1, 1, 1] 962
[0, 0, 1, 1, 1, 1, 1, 1] 165
[0, 0, 1, 1, 1, 1, 1, 1] 462
[0, 0, 1, 1, 1, 1, 1, 1] 609
[0, 0, 1, 1, 1, 1, 1, 1] 750
[0, 0, 1, 1, 1, 1, 1, 1] 775
[0, 0, 1, 1, 1, 1, 1, 1] 822
[0, 0, 1, 1, 1, 1, 1, 1] 844
[0, 0, 1, 1, 1, 1, 1, 1] 904
[0, 0, 1, 1, 1, 1, 1, 1] 915
[0, 0, 0, 1, 1, 1, 1, 1] 10
[0, 0, 0, 1, 1, 1, 1, 1] 16
[0, 0, 0, 1, 1, 1, 1, 1] 196
[0, 0, 0, 1, 1, 1, 1, 1] 318
[0, 0, 0, 1, 1, 1, 1, 1] 336
[0, 0, 0, 1, 1, 1, 1, 1] 450
[0, 0, 0, 1, 1, 1, 1, 1] 531
[0, 0, 0, 1, 1, 1, 1, 1] 643
[0, 0, 0, 1, 1, 1, 1, 1] 658
[0, 0, 0, 1, 1, 1, 1, 1] 664
[0, 0, 0, 1, 1, 1, 1, 1] 698
[0, 0, 0, 1, 1, 1, 1, 1] 737
[0, 0, 0, 1, 1, 1, 1, 1] 835
[0, 0, 0, 1, 1, 1, 1, 1] 944
[0, 0, 0, 0, 1, 1, 1, 1] 9
[0, 0, 0, 0, 1, 1, 1, 1] 109
[0, 0, 0, 0, 1, 1, 1, 1] 143
[0, 0, 0, 0, 1, 1, 1, 1] 186
[0, 0, 0, 0, 1, 1, 1, 1] 287
[0, 0, 0, 0, 1, 1, 1, 1] 390
[0, 0, 0, 0, 1, 1, 1, 1] 414
[0, 0, 0, 0, 1, 1, 1, 1] 433
[0, 0, 0, 0, 1, 1, 1, 1] 477
[0, 0, 0, 0, 1, 1, 1, 1] 651
[0, 0, 0, 0, 1, 1, 1, 1] 665
[0, 0, 0, 0, 1, 1, 1, 1] 798
[0, 0, 0, 0, 1, 1, 1, 1] 811
[0, 0, 0, 0, 1, 1, 1, 1] 884
[0, 0, 0, 0, 1, 1, 1, 1] 965
[0, 0, 0, 0, 1, 1, 1, 1] 974
[0, 0, 0, 0, 0, 1, 1, 1] 21
[0, 0, 0, 0, 0, 1, 1, 1] 412
[0, 0, 0, 0, 0, 1, 1, 1] 510
[0, 0, 0, 0, 0, 1, 1, 1] 532
[0, 0, 0, 0, 0, 1, 1, 1] 556
[0, 0, 0, 0, 0, 1, 1, 1] 559
[0, 0, 0, 0, 0, 1, 1, 1] 568
[0, 0, 0, 0, 0, 1, 1, 1] 691
[0, 0, 0, 0, 0, 1, 1, 1] 728
[0, 0, 0, 0, 0, 1, 1, 1] 802
[0, 0, 0, 0, 0, 1, 1, 1] 850
[0, 0, 0, 0, 0, 1, 1, 1] 975
[0, 0, 0, 0, 0, 1, 1, 1] 986
[0, 0, 0, 0, 0, 0, 1, 1] 83
[0, 0, 0, 0, 0, 0, 1, 1] 194
[0, 0, 0, 0, 0, 0, 1, 1] 288
[0, 0, 0, 0, 0, 0, 1, 1] 370
[0, 0, 0, 0, 0, 0, 1, 1] 464
[0, 0, 0, 0, 0, 0, 1, 1] 609
[0, 0, 0, 0, 0, 0, 1, 1] 639
[0, 0, 0, 0, 0, 0, 1, 1] 734
[0, 0, 0, 0, 0, 0, 1, 1] 816
[0, 0, 0, 0, 0, 0, 1, 1] 826
[0, 0, 0, 0, 0, 0, 1, 1] 888
[0, 0, 0, 0, 0, 0, 1, 1] 923
[0, 0, 0, 0, 0, 0, 0, 1] 113
[0, 0, 0, 0, 0, 0, 0, 1] 295
[0, 0, 0, 0, 0, 0, 0, 1] 343
[0, 0, 0, 0, 0, 0, 0, 1] 348
[0, 0, 0, 0, 0, 0, 0, 1] 372
[0, 0, 0, 0, 0, 0, 0, 1] 394
[0, 0, 0, 0, 0, 0, 0, 1] 720
[0, 0, 0, 0, 0, 0, 0, 1] 741
[0, 0, 0, 0, 0, 0, 0, 1] 897
[0, 0, 0, 0, 0, 0, 0, 1] 959
