VARIABLES 100
NB_OBJ 8
ITEMS
[1, 1, 1, 1, 1, 1, 1, 1] 15
[1, 1, 1, 1, 1, 1, 1, 1] 41
[1, 1, 1, 1, 1, 1, 1, 1] 64
[1, 1, 1, 1, 1, 1, 1, 1] 231
[1, 1, 1, 1, 1, 1, 1, 1] 281
[1, 1, 1, 1, 1, 1, 1, 1] 387
[1, 1, 1, 1, 1, 1, 1, 1] 397
[1, 1, 1, 1, 1, 1, 1, 1] 423
[1, 1, 1, 1, 1, 1, 1, 1] 461
[1, 1, 1, 1, 1, 1, 1, 1] 466
[1, 1, 1, 1, 1, 1, 1, 1] 504
[1, 1, 1, 1, 1, 1, 1, 1] 609
[1, 1, 1, 1, 1, 1, 1, 1] 650
[1, 1, 1, 1, 1, 1, 1, 1] 713
[1, 1, 1, 1, 1, 1, 1, 1] 728
[1, 1, 1, 1, 1, 1, 1, 1] 900
[0, 1, 1, 1, 1, 1, 1, 1] 130
[0, 1, 1, 1, 1, 1, 1, 1] 155
[0, 1, 1, 1, 1, 1, 1, 1] 155
[0, 1, 1, 1, 1, 1, 1, 1] 217
[0, 1, 1, 1, 1, 1, 1, 1] 274
[0, 1, 1, 1, 1, 1, 1, 1] 355
[0, 1, 1, 1, 1, 1, 1, 1] 369
[0, 1, 1, 1, 1, 1, 1, 1] 377
[0, 1, 1, 1, 1, 1, 1, 1] 619
[0, 1, 1, 1, 1, 1, 1, 1] 654
[0, 1, 1, 1, 1, 1, 1, 1] 733
[0, 1, 1, 1, 1, 1, 1, 1] 781
[0, 0, 1, 1, 1, 1, 1, 1] 164
[0, 0, 1, 1, 1, 1, 1, 1] 168
[0, 0, 1, 1, 1, 1, 1, 1] 239
[0, 0, 1, 1, 1, 1, 1, 1] 625
[0, 0, 1, 1, 1, 1, 1, 1] 665
[0, 0, 1, 1, 1, 1, 1, 1] 674
[0, 0, 1, 1, 1, 1, 1, 1] 693
[0, 0, 1, 1, 1, 1, 1, 1] 778
[0, 0, 1, 1, 1, 1, 1, 1] 899
[0, 0, 1, 1, 1, 1, 1, 1] 933
[0, 0, 1, 1, 1, 1, 1, 1] 954
[0, 0, 0, 1, 1, 1, 1, 1] 42
[0, 0, 0, 1, 1, 1, 1, 1] 244
[0, 0, 0, 1, 1, 1, 1, 1] 272
[0, 0, 0, 1, 1, 1, 1, 1] 288
[0, 0, 0, 1, 1, 1, 1, 1] 612
[0, 0, 0, 1, 1, 1, 1, 1] 856
[0, 0, 0, 1, 1, 1, 1, 1] 895
[0, 0, 0, 1, 1, 1, 1, 1] 984
[0, 0, 0, 0, 1, 1, 1, 1] 88
[0, 0, 0, 0, 1, 1, 1, 1] 138
[0, 0, 0, 0, 1, 1, 1, 1] 170
[0, 0, 0, 0, 1, 1, 1, 1] 223
[0, 0, 0, 0, 1, 1, 1, 1] 253
[0, 0, 0, 0, 1, 1, 1, 1] 305
[0, 0, 0, 0, 1, 1, 1, 1] 371
[0, 0, 0, 0, 1, 1, 1, 1] 461
[0, 0, 0, 0, 1, 1, 1, 1] 470
[0, 0, 0, 0, 1, 1, 1, 1] 505
[0, 0, 0, 0, 1, 1, 1, 1] 515
[0, 0, 0, 0, 1, 1, 1, 1] 563
[0, 0, 0, 0, 1, 1, 1, 1] 575
[0, 0, 0, 0, 1, 1, 1, 1] 611
[0, 0, 0, 0, 1, 1, 1, 1] 760
[0, 0, 0, 0, 1, 1, 1, 1] 775
[0, 0, 0, 0, 1, 1, 1, 1] 877
[0, 0, 0, 0, 1, 1, 1, 1] 963
[0, 0, 0, 0, 0, 1, 1, 1] 181
[0, 0, 0, 0, 0, 1, 1, 1] 184
[0, 0, 0, 0, 0, 1, 1, 1] 244
[0, 0, 0, 0, 0, 1, 1, 1] 294
[0, 0, 0, 0, 0, 1, 1, 1] 306
[0, 0, 0, 0, 0, 1, 1, 1] 413
[0, 0, 0, 0, 0, 1, 1, 1] 503
[0, 0, 0, 0, 0, 1, 1, 1] 525
[0, 0, 0, 0, 0, 1, 1, 1] 646
[0, 0, 0, 0, 0, 1, 1, 1] 827
[0, 0, 0, 0, 0, 1, 1, 1] 867
[0, 0, 0, 0, 0, 1, 1, 1] 877
[0, 0, 0, 0, 0, 1, 1, 1] 926
[0, 0, 0, 0, 0, 1, 1, 1] 956
[0, 0, 0, 0, 0, 0, 1, 1] 1
[0, 0, 0, 0, 0, 0, 1, 1] 45
[0, 0, 0, 0, 0, 0, 1, 1] 223
[0, 0, 0, 0, 0, 0, 1, 1] 315
[0, 0, 0, 0, 0, 0, 1, 1] 363
[0, 0, 0, 0, 0, 0, 1, 1] 441
[0, 0, 0, 0, 0, 0, 1, 1] 618
[0, 0, 0, 0, 0, 0, 1, 1] 708
[0, 0, 0, 0, 0, 0, 1, 1] 730
[0, 0, 0, 0, 0, 0, 1, 1] 928
[0, 0, 0, 0, 0, 0, 1, 1] 936
[0, 0, 0, 0, 0, 0, 0, 1] 152
[0, 0, 0, 0, 0, 0, 0, 1] 163
[0, 0, 0, 0, 0, 0, 0, 1] 171
[0, 0, 0, 0, 0, 0, 0, 1] 428
[0, 0, 0, 0, 0, 0, 0, 1] 619
[0, 0, 0, 0, 0, 0, 0, 1] 627
[0, 0, 0, 0, 0, 0, 0, 1] 682
[0, 0, 0, 0, 0, 0, 0, 1] 693
[0, 0, 0, 0, 0, 0, 0, 1] 773
[0, 0, 0, 0, 0, 0, 0, 1] 910
