VARIABLES 100
NB_OBJ 8
ITEMS
[1, 1, 1, 1, 1, 1, 1, 1] 30
[1, 1, 1, 1, 1, 1, 1, 1] 60
[1, 1, 1, 1, 1, 1, 1, 1] 83
[1, 1, 1, 1, 1, 1, 1, 1] 105
[1, 1, 1, 1, 1, 1, 1, 1] 389
[1, 1, 1, 1, 1, 1, 1, 1] 437
[1, 1, 1, 1, 1, 1, 1, 1] 454
[1, 1, 1, 1, 1, 1, 1, 1] 505
[1, 1, 1, 1, 1, 1, 1, 1] 680
[1, 1, 1, 1, 1, 1, 1, 1] 733
[1, 1, 1, 1, 1, 1, 1, 1] 773
[1, 1, 1, 1, 1, 1, 1, 1] 829
[0, 1, 1, 1, 1, 1, 1, 1] 27
[0, 1, 1, 1, 1, 1, 1, 1] 125
[0, 1, 1, 1, 1, 1, 1, 1] 216
[0, 1, 1, 1, 1, 1, 1, 1] 305
[0, 1, 1, 1, 1, 1, 1, 1] 511
[0, 1, 1, 1, 1, 1, 1, 1] 599
[0, 1, 1, 1, 1, 1, 1, 1] 608
[0, 1, 1, 1, 1, 1, 1, 1] 766
[0, 1, 1, 1, 1, 1, 1, 1] 777
[0, 1, 1, 1, 1, 1, 1, 1] 786
[0, 1, 1, 1, 1, 1, 1, 1] 842
[0, 1, 1, 1, 1, 1, 1, 1] 889
[0, 1, 1, 1, 1, 1, 1, 1] 907
[0, 0, 1, 1, 1, 1, 1, 1] 45
[0, 0, 1, 1, 1, 1, 1, 1] 127
[0, 0, 1, 1, 1, 1, 1, 1] 162
[0, 0, 1, 1, 1, 1, 1, 1] 206
[0, 0, 1, 1, 1, 1, 1, 1] 268
[0, 0, 1, 1, 1, 1, 1, 1] 303
[0, 0, 1, 1, 1, 1, 1, 1] 356
[0, 0, 1, 1, 1, 1, 1, 1] 683
[0, 0, 1, 1, 1, 1, 1, 1] 754
[0, 0, 1, 1, 1, 1, 1, 1] 925
[0, 0, 0, 1, 1, 1, 1, 1] 3
[0, 0, 0, 1, 1, 1, 1, 1] 8
[0, 0, 0, 1, 1, 1, 1, 1] 41
[0, 0, 0, 1, 1, 1, 1, 1] 66
[0, 0, 0, 1, 1, 1, 1, 1] 174
[0, 0, 0, 1, 1, 1, 1, 1] 246
[0, 0, 0, 1, 1, 1, 1, 1] 311
[0, 0, 0, 1, 1, 1, 1, 1] 350
[0, 0, 0, 1, 1, 1, 1, 1] 366
[0, 0, 0, 1, 1, 1, 1, 1] 374
[0, 0, 0, 1, 1, 1, 1, 1] 490
[0, 0, 0, 1, 1, 1, 1, 1] 574
[0, 0, 0, 1, 1, 1, 1, 1] 859
[0, 0, 0, 1, 1, 1, 1, 1] 902
[0, 0, 0, 1, 1, 1, 1, 1] 982
[0, 0, 0, 0, 1, 1, 1, 1] 7
[0, 0, 0, 0, 1, 1, 1, 1] 37
[0, 0, 0, 0, 1, 1, 1, 1] 273
[0, 0, 0, 0, 1, 1, 1, 1] 283
[0, 0, 0, 0, 1, 1, 1, 1] 346
[0, 0, 0, 0, 1, 1, 1, 1] 383
[0, 0, 0, 0, 1, 1, 1, 1] 569
[0, 0, 0, 0, 1, 1, 1, 1] 572
[0, 0, 0, 0, 1, 1, 1, 1] 616
[0, 0, 0, 0, 1, 1, 1, 1] 652
[0, 0, 0, 0, 1, 1, 1, 1] 755
[0, 0, 0, 0, 1, 1, 1, 1] 868
[0, 0, 0, 0, 0, 1, 1, 1] 128
[0, 0, 0, 0, 0, 1, 1, 1] 170
[0, 0, 0, 0, 0, 1, 1, 1] 545
[0, 0, 0, 0, 0, 1, 1, 1] 668
[0, 0, 0, 0, 0, 1, 1, 1] 682
[0, 0, 0, 0, 0, 1, 1, 1] 686
[0, 0, 0, 0, 0, 1, 1, 1] 732
[0, 0, 0, 0, 0, 1, 1, 1] 842
[0, 0, 0, 0, 0, 0, 1, 1] 105
[0, 0, 0, 0, 0, 0, 1, 1] 106
[0, 0, 0, 0, 0, 0, 1, 1] 416
[0, 0, 0, 0, 0, 0, 1, 1] 457
[0, 0, 0, 0, 0, 0, 1, 1] 461
[0, 0, 0, 0, 0, 0, 1, 1] 462
[0, 0, 0, 0, 0, 0, 1, 1] 470
[0, 0, 0, 0, 0, 0, 1, 1] 666
[0, 0, 0, 0, 0, 0, 1, 1] 708
[0, 0, 0, 0, 0, 0, 1, 1] 792
[0, 0, 0, 0, 0, 0, 1, 1] 831
[0, 0, 0, 0, 0, 0, 1, 1] 844
[0, 0, 0, 0, 0, 0, 1, 1] 908
[0, 0, 0, 0, 0, 0, 1, 1] 924
[0, 0, 0, 0, 0, 0, 1, 1] 971
[0, 0, 0, 0, 0, 0, 0, 1] 59
[0, 0, 0, 0, 0, 0, 0, 1] 154
[0, 0, 0, 0, 0, 0, 0, 1] 176
[0, 0, 0, 0, 0, 0, 0, 1] 196
[0, 0, 0, 0, 0, 0, 0, 1] 233
[0, 0, 0, 0, 0, 0, 0, 1] 302
[0, 0, 0, 0, 0, 0, 0, 1] 315
[0, 0, 0, 0, 0, 0, 0, 1] 370
[0, 0, 0, 0, 0, 0, 0, 1] 733
[0, 0, 0, 0, 0, 0, 0, 1] 743
[0, 0, 0, 0, 0, 0, 0, 1] 798
[0, 0, 0, 0, 0, 0, 0, 1] 816
[0, 0, 0, 0, 0, 0, 0, 1] 820
[0, 0, 0, 0, 0, 0, 0, 1] 848
[0, 0, 0, 0, 0, 0, 0, 1] 875
