VARIABLES 100
NB_OBJ 8
ITEMS
[1, 1, 1, 1, 1, 1, 1, 1] 80
[1, 1, 1, 1, 1, 1, 1, 1] 88
[1, 1, 1, 1, 1, 1, 1, 1] 162
[1, 1, 1, 1, 1, 1, 1, 1] 237
[1, 1, 1, 1, 1, 1, 1, 1] 273
[1, 1, 1, 1, 1, 1, 1, 1] 287
[1, 1, 1, 1, 1, 1, 1, 1] 341
[1, 1, 1, 1, 1, 1, 1, 1] 377
[1, 1, 1, 1, 1, 1, 1, 1] 432
[1, 1, 1, 1, 1, 1, 1, 1] 467
[1, 1, 1, 1, 1, 1, 1, 1] 480
[1, 1, 1, 1, 1, 1, 1, 1] 822
[1, 1, 1, 1, 1, 1, 1, 1] 915
[0, 1, 1, 1, 1, 1, 1, 1] 225
[0, 1, 1, 1, 1, 1, 1, 1] 411
[0, 1, 1, 1, 1, 1, 1, 1] 477
[0, 1, 1, 1, 1, 1, 1, 1] 484
[0, 1, 1, 1, 1, 1, 1, 1] 515
[0, 1, 1, 1, 1, 1, 1, 1] 520
[0, 1, 1, 1, 1, 1, 1, 1] 533
[0, 1, 1, 1, 1, 1, 1, 1] 543
[0, 1, 1, 1, 1, 1, 1, 1] 564
[0, 1, 1, 1, 1, 1, 1, 1] 826
[0, 1, 1, 1, 1, 1, 1, 1] 835
[0, 1, 1, 1, 1, 1, 1, 1] 980
[0, 0, 1, 1, 1, 1, 1, 1] 81
[0, 0, 1, 1, 1, 1, 1, 1] 206
[0, 0, 1, 1, 1, 1, 1, 1] 233
[0, 0, 1, 1, 1, 1, 1, 1] 275
[0, 0, 1, 1, 1, 1, 1, 1] 287
[0, 0, 1, 1, 1, 1, 1, 1] 343
[0, 0, 1, 1, 1, 1, 1, 1] 644
[0, 0, 1, 1, 1, 1, 1, 1] 666
[0, 0, 1, 1, 1, 1, 1, 1] 696
[0, 0, 1, 1, 1, 1, 1, 1] 723
[0, 0, 1, 1, 1, 1, 1, 1] 739
[0, 0, 1, 1, 1, 1, 1, 1] 760
[0, 0, 1, 1, 1, 1, 1, 1] 784
[0, 0, 1, 1, 1, 1, 1, 1] 812
[0, 0, 1, 1, 1, 1, 1, 1] 933
[0, 0, 0, 1, 1, 1, 1, 1] 57
[0, 0, 0, 1, 1, 1, 1, 1] 98
[0, 0, 0, 1, 1, 1, 1, 1] 163
[0, 0, 0, 1, 1, 1, 1, 1] 164
[0, 0, 0, 1, 1, 1, 1, 1] 266
[0, 0, 0, 1, 1, 1, 1, 1] 298
[0, 0, 0, 1, 1, 1, 1, 1] 394
[0, 0, 0, 1, 1, 1, 1, 1] 523
[0, 0, 0, 1, 1, 1, 1, 1] 534
[0, 0, 0, 1, 1, 1, 1, 1] 630
[0, 0, 0, 1, 1, 1, 1, 1] 817
[0, 0, 0, 1, 1, 1, 1, 1] 876
[0, 0, 0, 0, 1, 1, 1, 1] 4
[0, 0, 0, 0, 1, 1, 1, 1] 331
[0, 0, 0, 0, 1, 1, 1, 1] 362
[0, 0, 0, 0, 1, 1, 1, 1] 528
[0, 0, 0, 0, 1, 1, 1, 1] 528
[0, 0, 0, 0, 1, 1, 1, 1] 616
[0, 0, 0, 0, 1, 1, 1, 1] 677
[0, 0, 0, 0, 1, 1, 1, 1] 883
[0, 0, 0, 0, 1, 1, 1, 1] 928
[0, 0, 0, 0, 1, 1, 1, 1] 952
[0, 0, 0, 0, 0, 1, 1, 1] 21
[0, 0, 0, 0, 0, 1, 1, 1] 171
[0, 0, 0, 0, 0, 1, 1, 1] 253
[0, 0, 0, 0, 0, 1, 1, 1] 328
[0, 0, 0, 0, 0, 1, 1, 1] 341
[0, 0, 0, 0, 0, 1, 1, 1] 380
[0, 0, 0, 0, 0, 1, 1, 1] 479
[0, 0, 0, 0, 0, 1, 1, 1] 529
[0, 0, 0, 0, 0, 1, 1, 1] 565
[0, 0, 0, 0, 0, 1, 1, 1] 601
[0, 0, 0, 0, 0, 1, 1, 1] 655
[0, 0, 0, 0, 0, 1, 1, 1] 724
[0, 0, 0, 0, 0, 1, 1, 1] 760
[0, 0, 0, 0, 0, 1, 1, 1] 779
[0, 0, 0, 0, 0, 1, 1, 1] 868
[0, 0, 0, 0, 0, 0, 1, 1] 136
[0, 0, 0, 0, 0, 0, 1, 1] 149
[0, 0, 0, 0, 0, 0, 1, 1] 174
[0, 0, 0, 0, 0, 0, 1, 1] 457
[0, 0, 0, 0, 0, 0, 1, 1] 517
[0, 0, 0, 0, 0, 0, 1, 1] 537
[0, 0, 0, 0, 0, 0, 1, 1] 556
[0, 0, 0, 0, 0, 0, 1, 1] 610
[0, 0, 0, 0, 0, 0, 1, 1] 633
[0, 0, 0, 0, 0, 0, 1, 1] 654
[0, 0, 0, 0, 0, 0, 0, 1] 322
[0, 0, 0, 0, 0, 0, 0, 1] 323
[0, 0, 0, 0, 0, 0, 0, 1] 475
[0, 0, 0, 0, 0, 0, 0, 1] 475
[0, 0, 0, 0, 0, 0, 0, 1] 497
[0, 0, 0, 0, 0, 0, 0, 1] 509
[0, 0, 0, 0, 0, 0, 0, 1] 541
[0, 0, 0, 0, 0, 0, 0, 1] 549
[0, 0, 0, 0, 0, 0, 0, 1] 581
[0, 0, 0, 0, 0, 0, 0, 1] 771
[0, 0, 0, 0, 0, 0, 0, 1] 830
[0, 0, 0, 0, 0, 0, 0, 1] 834
[0, 0, 0, 0, 0, 0, 0, 1] 988
