VARIABLES 100
NB_OBJ 8
ITEMS
[1, 1, 1, 1, 1, 1, 1, 1] 129
[1, 1, 1, 1, 1, 1, 1, 1] 169
[1, 1, 1, 1, 1, 1, 1, 1] 450
[1, 1, 1, 1, 1, 1, 1, 1] 613
[1, 1, 1, 1, 1, 1, 1, 1] 796
[1, 1, 1, 1, 1, 1, 1, 1] 837
[1, 1, 1, 1, 1, 1, 1, 1] 851
[1, 1, 1, 1, 1, 1, 1, 1] 875
[1, 1, 1, 1, 1, 1, 1, 1] 990
[0, 1, 1, 1, 1, 1, 1, 1] 14
[0, 1, 1, 1, 1, 1, 1, 1] 225
[0, 1, 1, 1, 1, 1, 1, 1] 256
[0, 1, 1, 1, 1, 1, 1, 1] 309
[0, 1, 1, 1, 1, 1, 1, 1] 431
[0, 1, 1, 1, 1, 1, 1, 1] 445
[0, 1, 1, 1, 1, 1, 1, 1] 450
[0, 1, 1, 1, 1, 1, 1, 1] 546
[0, 1, 1, 1, 1, 1, 1, 1] 797
[0, 1, 1, 1, 1, 1, 1, 1] 853
[0, 1, 1, 1, 1, 1, 1, 1] 970
[0, 1, 1, 1, 1, 1, 1, 1] 975
[0, 0, 1, 1, 1, 1, 1, 1] 7
[0, 0, 1, 1, 1, 1, 1, 1] 184
[0, 0, 1, 1, 1, 1, 1, 1] 247
[0, 0, 1, 1, 1, 1, 1, 1] 537
[0, 0, 1, 1, 1, 1, 1, 1] 548
[0, 0, 1, 1, 1, 1, 1, 1] 629
[0, 0, 1, 1, 1, 1, 1, 1] 728
[0, 0, 1, 1, 1, 1, 1, 1] 855
[0, 0, 1, 1, 1, 1, 1, 1] 926
[0, 0, 1, 1, 1, 1, 1, 1] 929
[0, 0, 0, 1, 1, 1, 1, 1] 14
[0, 0, 0, 1, 1, 1, 1, 1] 125
[0, 0, 0, 1, 1, 1, 1, 1] 273
[0, 0, 0, 1, 1, 1, 1, 1] 331
[0, 0, 0, 1, 1, 1, 1, 1] 341
[0, 0, 0, 1, 1, 1, 1, 1] 392
[0, 0, 0, 1, 1, 1, 1, 1] 392
[0, 0, 0, 1, 1, 1, 1, 1] 396
[0, 0, 0, 1, 1, 1, 1, 1] 419
[0, 0, 0, 1, 1, 1, 1, 1] 547
[0, 0, 0, 1, 1, 1, 1, 1] 548
[0, 0, 0, 1, 1, 1, 1, 1] 563
[0, 0, 0, 1, 1, 1, 1, 1] 576
[0, 0, 0, 1, 1, 1, 1, 1] 637
[0, 0, 0, 1, 1, 1, 1, 1] 694
[0, 0, 0, 1, 1, 1, 1, 1] 695
[0, 0, 0, 1, 1, 1, 1, 1] 864
[0, 0, 0, 1, 1, 1, 1, 1] 867
[0, 0, 0, 1, 1, 1, 1, 1] 941
[0, 0, 0, 0, 1, 1, 1, 1] 5
[0, 0, 0, 0, 1, 1, 1, 1] 8
[0, 0, 0, 0, 1, 1, 1, 1] 102
[0, 0, 0, 0, 1, 1, 1, 1] 123
[0, 0, 0, 0, 1, 1, 1, 1] 273
[0, 0, 0, 0, 1, 1, 1, 1] 295
[0, 0, 0, 0, 1, 1, 1, 1] 303
[0, 0, 0, 0, 1, 1, 1, 1] 387
[0, 0, 0, 0, 1, 1, 1, 1] 394
[0, 0, 0, 0, 1, 1, 1, 1] 401
[0, 0, 0, 0, 1, 1, 1, 1] 424
[0, 0, 0, 0, 1, 1, 1, 1] 555
[0, 0, 0, 0, 1, 1, 1, 1] 806
[0, 0, 0, 0, 1, 1, 1, 1] 850
[0, 0, 0, 0, 1, 1, 1, 1] 894
[0, 0, 0, 0, 1, 1, 1, 1] 943
[0, 0, 0, 0, 0, 1, 1, 1] 201
[0, 0, 0, 0, 0, 1, 1, 1] 248
[0, 0, 0, 0, 0, 1, 1, 1] 588
[0, 0, 0, 0, 0, 1, 1, 1] 743
[0, 0, 0, 0, 0, 1, 1, 1] 775
[0, 0, 0, 0, 0, 1, 1, 1] 792
[0, 0, 0, 0, 0, 1, 1, 1] 924
[0, 0, 0, 0, 0, 1, 1, 1] 952
[0, 0, 0, 0, 0, 0, 1, 1] 13
[0, 0, 0, 0, 0, 0, 1, 1] 18
[0, 0, 0, 0, 0, 0, 1, 1] 30
[0, 0, 0, 0, 0, 0, 1, 1] 108
[0, 0, 0, 0, 0, 0, 1, 1] 156
[0, 0, 0, 0, 0, 0, 1, 1] 239
[0, 0, 0, 0, 0, 0, 1, 1] 301
[0, 0, 0, 0, 0, 0, 1, 1] 313
[0, 0, 0, 0, 0, 0, 1, 1] 666
[0, 0, 0, 0, 0, 0, 1, 1] 718
[0, 0, 0, 0, 0, 0, 1, 1] 728
[0, 0, 0, 0, 0, 0, 1, 1] 856
[0, 0, 0, 0, 0, 0, 1, 1] 899
[0, 0, 0, 0, 0, 0, 0, 1] 2
[0, 0, 0, 0, 0, 0, 0, 1] 175
[0, 0, 0, 0, 0, 0, 0, 1] 230
[0, 0, 0, 0, 0, 0, 0, 1] 259
[0, 0, 0, 0, 0, 0, 0, 1] 385
[0, 0, 0, 0, 0, 0, 0, 1] 564
[0, 0, 0, 0, 0, 0, 0, 1] 598
[0, 0, 0, 0, 0, 0, 0, 1] 812
[0, 0, 0, 0, 0, 0, 0, 1] 863
[0, 0, 0, 0, 0, 0, 0, 1] 911
[0, 0, 0, 0, 0, 0, 0, 1] 951
[0, 0, 0, 0, 0, 0, 0, 1] 952
[0, 0, 0, 0, 0, 0, 0, 1] 968
