VARIABLES 100
NB_OBJ 8
ITEMS
[1, 1, 1, 1, 1, 1, 1, 1] 45
[1, 1, 1, 1, 1, 1, 1, 1] 57
[1, 1, 1, 1, 1, 1, 1, 1] 163
[1, 1, 1, 1, 1, 1, 1, 1] 187
[1, 1, 1, 1, 1, 1, 1, 1] 247
[1, 1, 1, 1, 1, 1, 1, 1] 314
[1, 1, 1, 1, 1, 1, 1, 1] 349
[1, 1, 1, 1, 1, 1, 1, 1] 453
[1, 1, 1, 1, 1, 1, 1, 1] 661
[1, 1, 1, 1, 1, 1, 1, 1] 917
[0, 1, 1, 1, 1, 1, 1, 1] 78
[0, 1, 1, 1, 1, 1, 1, 1] 105
[0, 1, 1, 1, 1, 1, 1, 1] 246
[0, 1, 1, 1, 1, 1, 1, 1] 266
[0, 1, 1, 1, 1, 1, 1, 1] 397
[0, 1, 1, 1, 1, 1, 1, 1] 404
[0, 1, 1, 1, 1, 1, 1, 1] 422
[0, 1, 1, 1, 1, 1, 1, 1] 511
[0, 1, 1, 1, 1, 1, 1, 1] 546
[0, 0, 1, 1, 1, 1, 1, 1] 5
[0, 0, 1, 1, 1, 1, 1, 1] 7
[0, 0, 1, 1, 1, 1, 1, 1] 85
[0, 0, 1, 1, 1, 1, 1, 1] 135
[0, 0, 1, 1, 1, 1, 1, 1] 207
[0, 0, 1, 1, 1, 1, 1, 1] 237
[0, 0, 1, 1, 1, 1, 1, 1] 265
[0, 0, 1, 1, 1, 1, 1, 1] 299
[0, 0, 1, 1, 1, 1, 1, 1] 348
[0, 0, 1, 1, 1, 1, 1, 1] 506
[0, 0, 1, 1, 1, 1, 1, 1] 631
[0, 0, 1, 1, 1, 1, 1, 1] 652
[0, 0, 1, 1, 1, 1, 1, 1] 770
[0, 0, 1, 1, 1, 1, 1, 1] 791
[0, 0, 1, 1, 1, 1, 1, 1] 912
[0, 0, 1, 1, 1, 1, 1, 1] 925
[0, 0, 1, 1, 1, 1, 1, 1] 999
[0, 0, 0, 1, 1, 1, 1, 1] 50
[0, 0, 0, 1, 1, 1, 1, 1] 52
[0, 0, 0, 1, 1, 1, 1, 1] 68
[0, 0, 0, 1, 1, 1, 1, 1] 82
[0, 0, 0, 1, 1, 1, 1, 1] 82
[0, 0, 0, 1, 1, 1, 1, 1] 144
[0, 0, 0, 1, 1, 1, 1, 1] 199
[0, 0, 0, 1, 1, 1, 1, 1] 506
[0, 0, 0, 1, 1, 1, 1, 1] 508
[0, 0, 0, 1, 1, 1, 1, 1] 553
[0, 0, 0, 1, 1, 1, 1, 1] 675
[0, 0, 0, 1, 1, 1, 1, 1] 693
[0, 0, 0, 1, 1, 1, 1, 1] 714
[0, 0, 0, 1, 1, 1, 1, 1] 805
[0, 0, 0, 1, 1, 1, 1, 1] 813
[0, 0, 0, 1, 1, 1, 1, 1] 844
[0, 0, 0, 1, 1, 1, 1, 1] 911
[0, 0, 0, 1, 1, 1, 1, 1] 953
[0, 0, 0, 1, 1, 1, 1, 1] 958
[0, 0, 0, 0, 1, 1, 1, 1] 60
[0, 0, 0, 0, 1, 1, 1, 1] 72
[0, 0, 0, 0, 1, 1, 1, 1] 100
[0, 0, 0, 0, 1, 1, 1, 1] 202
[0, 0, 0, 0, 1, 1, 1, 1] 228
[0, 0, 0, 0, 1, 1, 1, 1] 398
[0, 0, 0, 0, 1, 1, 1, 1] 468
[0, 0, 0, 0, 1, 1, 1, 1] 541
[0, 0, 0, 0, 1, 1, 1, 1] 700
[0, 0, 0, 0, 1, 1, 1, 1] 766
[0, 0, 0, 0, 1, 1, 1, 1] 792
[0, 0, 0, 0, 1, 1, 1, 1] 848
[0, 0, 0, 0, 1, 1, 1, 1] 857
[0, 0, 0, 0, 1, 1, 1, 1] 875
[0, 0, 0, 0, 1, 1, 1, 1] 945
[0, 0, 0, 0, 0, 1, 1, 1] 17
[0, 0, 0, 0, 0, 1, 1, 1] 17
[0, 0, 0, 0, 0, 1, 1, 1] 80
[0, 0, 0, 0, 0, 1, 1, 1] 153
[0, 0, 0, 0, 0, 1, 1, 1] 236
[0, 0, 0, 0, 0, 1, 1, 1] 274
[0, 0, 0, 0, 0, 1, 1, 1] 329
[0, 0, 0, 0, 0, 1, 1, 1] 609
[0, 0, 0, 0, 0, 1, 1, 1] 610
[0, 0, 0, 0, 0, 1, 1, 1] 621
[0, 0, 0, 0, 0, 1, 1, 1] 832
[0, 0, 0, 0, 0, 1, 1, 1] 934
[0, 0, 0, 0, 0, 1, 1, 1] 947
[0, 0, 0, 0, 0, 0, 1, 1] 127
[0, 0, 0, 0, 0, 0, 1, 1] 208
[0, 0, 0, 0, 0, 0, 1, 1] 261
[0, 0, 0, 0, 0, 0, 1, 1] 542
[0, 0, 0, 0, 0, 0, 1, 1] 611
[0, 0, 0, 0, 0, 0, 1, 1] 637
[0, 0, 0, 0, 0, 0, 1, 1] 649
[0, 0, 0, 0, 0, 0, 1, 1] 666
[0, 0, 0, 0, 0, 0, 1, 1] 890
[0, 0, 0, 0, 0, 0, 1, 1] 909
[0, 0, 0, 0, 0, 0, 0, 1] 42
[0, 0, 0, 0, 0, 0, 0, 1] 261
[0, 0, 0, 0, 0, 0, 0, 1] 463
[0, 0, 0, 0, 0, 0, 0, 1] 651
[0, 0, 0, 0, 0, 0, 0, 1] 793
[0, 0, 0, 0, 0, 0, 0, 1] 885
[0, 0, 0, 0, 0, 0, 0, 1] 889
