VARIABLES 100
NB_OBJ 8
ITEMS
[1, 1, 1, 1, 1, 1, 1, 1] 17
[1, 1, 1, 1, 1, 1, 1, 1] 72
[1, 1, 1, 1, 1, 1, 1, 1] 156
[1, 1, 1, 1, 1, 1, 1, 1] 248
[1, 1, 1, 1, 1, 1, 1, 1] 273
[1, 1, 1, 1, 1, 1, 1, 1] 305
[1, 1, 1, 1, 1, 1, 1, 1] 510
[1, 1, 1, 1, 1, 1, 1, 1] 602
[1, 1, 1, 1, 1, 1, 1, 1] 621
[1, 1, 1, 1, 1, 1, 1, 1] 684
[1, 1, 1, 1, 1, 1, 1, 1] 795
[1, 1, 1, 1, 1, 1, 1, 1] 873
[1, 1, 1, 1, 1, 1, 1, 1] 930
[1, 1, 1, 1, 1, 1, 1, 1] 985
[0, 1, 1, 1, 1, 1, 1, 1] 206
[0, 1, 1, 1, 1, 1, 1, 1] 311
[0, 1, 1, 1, 1, 1, 1, 1] 793
[0, 1, 1, 1, 1, 1, 1, 1] 914
[0, 0, 1, 1, 1, 1, 1, 1] 32
[0, 0, 1, 1, 1, 1, 1, 1] 284
[0, 0, 1, 1, 1, 1, 1, 1] 330
[0, 0, 1, 1, 1, 1, 1, 1] 408
[0, 0, 1, 1, 1, 1, 1, 1] 460
[0, 0, 1, 1, 1, 1, 1, 1] 463
[0, 0, 1, 1, 1, 1, 1, 1] 463
[0, 0, 1, 1, 1, 1, 1, 1] 482
[0, 0, 1, 1, 1, 1, 1, 1] 639
[0, 0, 1, 1, 1, 1, 1, 1] 662
[0, 0, 1, 1, 1, 1, 1, 1] 685
[0, 0, 1, 1, 1, 1, 1, 1] 753
[0, 0, 1, 1, 1, 1, 1, 1] 798
[0, 0, 1, 1, 1, 1, 1, 1] 839
[0, 0, 1, 1, 1, 1, 1, 1] 906
[0, 0, 1, 1, 1, 1, 1, 1] 972
[0, 0, 1, 1, 1, 1, 1, 1] 984
[0, 0, 0, 1, 1, 1, 1, 1] 65
[0, 0, 0, 1, 1, 1, 1, 1] 84
[0, 0, 0, 1, 1, 1, 1, 1] 109
[0, 0, 0, 1, 1, 1, 1, 1] 186
[0, 0, 0, 1, 1, 1, 1, 1] 227
[0, 0, 0, 1, 1, 1, 1, 1] 502
[0, 0, 0, 1, 1, 1, 1, 1] 602
[0, 0, 0, 1, 1, 1, 1, 1] 626
[0, 0, 0, 1, 1, 1, 1, 1] 773
[0, 0, 0, 1, 1, 1, 1, 1] 939
[0, 0, 0, 0, 1, 1, 1, 1] 6
[0, 0, 0, 0, 1, 1, 1, 1] 179
[0, 0, 0, 0, 1, 1, 1, 1] 325
[0, 0, 0, 0, 1, 1, 1, 1] 349
[0, 0, 0, 0, 1, 1, 1, 1] 377
[0, 0, 0, 0, 1, 1, 1, 1] 450
[0, 0, 0, 0, 1, 1, 1, 1] 459
[0, 0, 0, 0, 1, 1, 1, 1] 521
[0, 0, 0, 0, 1, 1, 1, 1] 668
[0, 0, 0, 0, 1, 1, 1, 1] 719
[0, 0, 0, 0, 1, 1, 1, 1] 719
[0, 0, 0, 0, 1, 1, 1, 1] 722
[0, 0, 0, 0, 1, 1, 1, 1] 737
[0, 0, 0, 0, 1, 1, 1, 1] 893
[0, 0, 0, 0, 1, 1, 1, 1] 982
[0, 0, 0, 0, 1, 1, 1, 1] 986
[0, 0, 0, 0, 0, 1, 1, 1] 17
[0, 0, 0, 0, 0, 1, 1, 1] 91
[0, 0, 0, 0, 0, 1, 1, 1] 167
[0, 0, 0, 0, 0, 1, 1, 1] 274
[0, 0, 0, 0, 0, 1, 1, 1] 353
[0, 0, 0, 0, 0, 1, 1, 1] 492
[0, 0, 0, 0, 0, 1, 1, 1] 546
[0, 0, 0, 0, 0, 1, 1, 1] 565
[0, 0, 0, 0, 0, 1, 1, 1] 648
[0, 0, 0, 0, 0, 1, 1, 1] 848
[0, 0, 0, 0, 0, 1, 1, 1] 891
[0, 0, 0, 0, 0, 1, 1, 1] 893
[0, 0, 0, 0, 0, 1, 1, 1] 921
[0, 0, 0, 0, 0, 1, 1, 1] 927
[0, 0, 0, 0, 0, 1, 1, 1] 998
[0, 0, 0, 0, 0, 0, 1, 1] 19
[0, 0, 0, 0, 0, 0, 1, 1] 36
[0, 0, 0, 0, 0, 0, 1, 1] 64
[0, 0, 0, 0, 0, 0, 1, 1] 282
[0, 0, 0, 0, 0, 0, 1, 1] 417
[0, 0, 0, 0, 0, 0, 1, 1] 441
[0, 0, 0, 0, 0, 0, 1, 1] 443
[0, 0, 0, 0, 0, 0, 1, 1] 488
[0, 0, 0, 0, 0, 0, 1, 1] 603
[0, 0, 0, 0, 0, 0, 1, 1] 707
[0, 0, 0, 0, 0, 0, 1, 1] 753
[0, 0, 0, 0, 0, 0, 1, 1] 790
[0, 0, 0, 0, 0, 0, 1, 1] 956
[0, 0, 0, 0, 0, 0, 0, 1] 3
[0, 0, 0, 0, 0, 0, 0, 1] 28
[0, 0, 0, 0, 0, 0, 0, 1] 86
[0, 0, 0, 0, 0, 0, 0, 1] 145
[0, 0, 0, 0, 0, 0, 0, 1] 345
[0, 0, 0, 0, 0, 0, 0, 1] 351
[0, 0, 0, 0, 0, 0, 0, 1] 391
[0, 0, 0, 0, 0, 0, 0, 1] 444
[0, 0, 0, 0, 0, 0, 0, 1] 509
[0, 0, 0, 0, 0, 0, 0, 1] 841
[0, 0, 0, 0, 0, 0, 0, 1] 884
