VARIABLES 100
NB_OBJ 8
ITEMS
[1, 1, 1, 1, 1, 1, 1, 1] 56
[1, 1, 1, 1, 1, 1, 1, 1] 127
[1, 1, 1, 1, 1, 1, 1, 1] 147
[1, 1, 1, 1, 1, 1, 1, 1] 291
[1, 1, 1, 1, 1, 1, 1, 1] 374
[1, 1, 1, 1, 1, 1, 1, 1] 401
[1, 1, 1, 1, 1, 1, 1, 1] 512
[1, 1, 1, 1, 1, 1, 1, 1] 576
[1, 1, 1, 1, 1, 1, 1, 1] 581
[1, 1, 1, 1, 1, 1, 1, 1] 636
[1, 1, 1, 1, 1, 1, 1, 1] 649
[1, 1, 1, 1, 1, 1, 1, 1] 827
[1, 1, 1, 1, 1, 1, 1, 1] 883
[1, 1, 1, 1, 1, 1, 1, 1] 888
[1, 1, 1, 1, 1, 1, 1, 1] 949
[0, 1, 1, 1, 1, 1, 1, 1] 90
[0, 1, 1, 1, 1, 1, 1, 1] 109
[0, 1, 1, 1, 1, 1, 1, 1] 124
[0, 1, 1, 1, 1, 1, 1, 1] 147
[0, 1, 1, 1, 1, 1, 1, 1] 548
[0, 1, 1, 1, 1, 1, 1, 1] 554
[0, 1, 1, 1, 1, 1, 1, 1] 640
[0, 1, 1, 1, 1, 1, 1, 1] 840
[0, 1, 1, 1, 1, 1, 1, 1] 887
[0, 1, 1, 1, 1, 1, 1, 1] 969
[0, 1, 1, 1, 1, 1, 1, 1] 981
[0, 0, 1, 1, 1, 1, 1, 1] 4
[0, 0, 1, 1, 1, 1, 1, 1] 58
[0, 0, 1, 1, 1, 1, 1, 1] 150
[0, 0, 1, 1, 1, 1, 1, 1] 243
[0, 0, 1, 1, 1, 1, 1, 1] 459
[0, 0, 1, 1, 1, 1, 1, 1] 487
[0, 0, 1, 1, 1, 1, 1, 1] 850
[0, 0, 1, 1, 1, 1, 1, 1] 920
[0, 0, 1, 1, 1, 1, 1, 1] 988
[0, 0, 0, 1, 1, 1, 1, 1] 75
[0, 0, 0, 1, 1, 1, 1, 1] 195
[0, 0, 0, 1, 1, 1, 1, 1] 372
[0, 0, 0, 1, 1, 1, 1, 1] 415
[0, 0, 0, 1, 1, 1, 1, 1] 535
[0, 0, 0, 1, 1, 1, 1, 1] 572
[0, 0, 0, 1, 1, 1, 1, 1] 573
[0, 0, 0, 1, 1, 1, 1, 1] 666
[0, 0, 0, 1, 1, 1, 1, 1] 792
[0, 0, 0, 1, 1, 1, 1, 1] 796
[0, 0, 0, 1, 1, 1, 1, 1] 863
[0, 0, 0, 1, 1, 1, 1, 1] 901
[0, 0, 0, 1, 1, 1, 1, 1] 944
[0, 0, 0, 1, 1, 1, 1, 1] 961
[0, 0, 0, 0, 1, 1, 1, 1] 62
[0, 0, 0, 0, 1, 1, 1, 1] 113
[0, 0, 0, 0, 1, 1, 1, 1] 231
[0, 0, 0, 0, 1, 1, 1, 1] 355
[0, 0, 0, 0, 1, 1, 1, 1] 412
[0, 0, 0, 0, 1, 1, 1, 1] 515
[0, 0, 0, 0, 1, 1, 1, 1] 519
[0, 0, 0, 0, 1, 1, 1, 1] 534
[0, 0, 0, 0, 1, 1, 1, 1] 749
[0, 0, 0, 0, 1, 1, 1, 1] 787
[0, 0, 0, 0, 1, 1, 1, 1] 895
[0, 0, 0, 0, 1, 1, 1, 1] 954
[0, 0, 0, 0, 0, 1, 1, 1] 84
[0, 0, 0, 0, 0, 1, 1, 1] 113
[0, 0, 0, 0, 0, 1, 1, 1] 132
[0, 0, 0, 0, 0, 1, 1, 1] 247
[0, 0, 0, 0, 0, 1, 1, 1] 351
[0, 0, 0, 0, 0, 1, 1, 1] 388
[0, 0, 0, 0, 0, 1, 1, 1] 468
[0, 0, 0, 0, 0, 1, 1, 1] 475
[0, 0, 0, 0, 0, 1, 1, 1] 553
[0, 0, 0, 0, 0, 1, 1, 1] 708
[0, 0, 0, 0, 0, 1, 1, 1] 792
[0, 0, 0, 0, 0, 1, 1, 1] 851
[0, 0, 0, 0, 0, 0, 1, 1] 154
[0, 0, 0, 0, 0, 0, 1, 1] 228
[0, 0, 0, 0, 0, 0, 1, 1] 308
[0, 0, 0, 0, 0, 0, 1, 1] 371
[0, 0, 0, 0, 0, 0, 1, 1] 400
[0, 0, 0, 0, 0, 0, 1, 1] 522
[0, 0, 0, 0, 0, 0, 1, 1] 538
[0, 0, 0, 0, 0, 0, 1, 1] 566
[0, 0, 0, 0, 0, 0, 1, 1] 605
[0, 0, 0, 0, 0, 0, 1, 1] 654
[0, 0, 0, 0, 0, 0, 1, 1] 658
[0, 0, 0, 0, 0, 0, 1, 1] 726
[0, 0, 0, 0, 0, 0, 1, 1] 736
[0, 0, 0, 0, 0, 0, 1, 1] 756
[0, 0, 0, 0, 0, 0, 1, 1] 788
[0, 0, 0, 0, 0, 0, 1, 1] 822
[0, 0, 0, 0, 0, 0, 1, 1] 825
[0, 0, 0, 0, 0, 0, 1, 1] 976
[0, 0, 0, 0, 0, 0, 1, 1] 997
[0, 0, 0, 0, 0, 0, 0, 1] 176
[0, 0, 0, 0, 0, 0, 0, 1] 218
[0, 0, 0, 0, 0, 0, 0, 1] 225
[0, 0, 0, 0, 0, 0, 0, 1] 431
[0, 0, 0, 0, 0, 0, 0, 1] 690
[0, 0, 0, 0, 0, 0, 0, 1] 735
[0, 0, 0, 0, 0, 0, 0, 1] 741
[0, 0, 0, 0, 0, 0, 0, 1] 748
