VARIABLES 100
NB_OBJ 8
ITEMS
[1, 1, 1, 1, 1, 1, 1, 1] 69
[1, 1, 1, 1, 1, 1, 1, 1] 116
[1, 1, 1, 1, 1, 1, 1, 1] 130
[1, 1, 1, 1, 1, 1, 1, 1] 295
[1, 1, 1, 1, 1, 1, 1, 1] 455
[1, 1, 1, 1, 1, 1, 1, 1] 539
[1, 1, 1, 1, 1, 1, 1, 1] 584
[1, 1, 1, 1, 1, 1, 1, 1] 596
[1, 1, 1, 1, 1, 1, 1, 1] 716
[1, 1, 1, 1, 1, 1, 1, 1] 747
[1, 1, 1, 1, 1, 1, 1, 1] 788
[1, 1, 1, 1, 1, 1, 1, 1] 860
[1, 1, 1, 1, 1, 1, 1, 1] 938
[1, 1, 1, 1, 1, 1, 1, 1] 961
[0, 1, 1, 1, 1, 1, 1, 1] 451
[0, 1, 1, 1, 1, 1, 1, 1] 466
[0, 1, 1, 1, 1, 1, 1, 1] 468
[0, 1, 1, 1, 1, 1, 1, 1] 512
[0, 1, 1, 1, 1, 1, 1, 1] 549
[0, 1, 1, 1, 1, 1, 1, 1] 593
[0, 1, 1, 1, 1, 1, 1, 1] 601
[0, 1, 1, 1, 1, 1, 1, 1] 637
[0, 1, 1, 1, 1, 1, 1, 1] 783
[0, 1, 1, 1, 1, 1, 1, 1] 817
[0, 1, 1, 1, 1, 1, 1, 1] 821
[0, 1, 1, 1, 1, 1, 1, 1] 834
[0, 1, 1, 1, 1, 1, 1, 1] 970
[0, 0, 1, 1, 1, 1, 1, 1] 292
[0, 0, 1, 1, 1, 1, 1, 1] 404
[0, 0, 1, 1, 1, 1, 1, 1] 409
[0, 0, 1, 1, 1, 1, 1, 1] 437
[0, 0, 1, 1, 1, 1, 1, 1] 494
[0, 0, 1, 1, 1, 1, 1, 1] 509
[0, 0, 1, 1, 1, 1, 1, 1] 586
[0, 0, 1, 1, 1, 1, 1, 1] 720
[0, 0, 1, 1, 1, 1, 1, 1] 726
[0, 0, 1, 1, 1, 1, 1, 1] 784
[0, 0, 1, 1, 1, 1, 1, 1] 835
[0, 0, 1, 1, 1, 1, 1, 1] 905
[0, 0, 1, 1, 1, 1, 1, 1] 974
[0, 0, 0, 1, 1, 1, 1, 1] 219
[0, 0, 0, 1, 1, 1, 1, 1] 301
[0, 0, 0, 1, 1, 1, 1, 1] 323
[0, 0, 0, 1, 1, 1, 1, 1] 360
[0, 0, 0, 1, 1, 1, 1, 1] 479
[0, 0, 0, 1, 1, 1, 1, 1] 507
[0, 0, 0, 1, 1, 1, 1, 1] 563
[0, 0, 0, 1, 1, 1, 1, 1] 582
[0, 0, 0, 1, 1, 1, 1, 1] 618
[0, 0, 0, 1, 1, 1, 1, 1] 677
[0, 0, 0, 1, 1, 1, 1, 1] 759
[0, 0, 0, 1, 1, 1, 1, 1] 819
[0, 0, 0, 0, 1, 1, 1, 1] 46
[0, 0, 0, 0, 1, 1, 1, 1] 78
[0, 0, 0, 0, 1, 1, 1, 1] 183
[0, 0, 0, 0, 1, 1, 1, 1] 191
[0, 0, 0, 0, 1, 1, 1, 1] 206
[0, 0, 0, 0, 1, 1, 1, 1] 330
[0, 0, 0, 0, 1, 1, 1, 1] 463
[0, 0, 0, 0, 1, 1, 1, 1] 576
[0, 0, 0, 0, 1, 1, 1, 1] 603
[0, 0, 0, 0, 1, 1, 1, 1] 808
[0, 0, 0, 0, 1, 1, 1, 1] 993
[0, 0, 0, 0, 0, 1, 1, 1] 91
[0, 0, 0, 0, 0, 1, 1, 1] 122
[0, 0, 0, 0, 0, 1, 1, 1] 124
[0, 0, 0, 0, 0, 1, 1, 1] 163
[0, 0, 0, 0, 0, 1, 1, 1] 258
[0, 0, 0, 0, 0, 1, 1, 1] 277
[0, 0, 0, 0, 0, 1, 1, 1] 297
[0, 0, 0, 0, 0, 1, 1, 1] 500
[0, 0, 0, 0, 0, 1, 1, 1] 657
[0, 0, 0, 0, 0, 1, 1, 1] 780
[0, 0, 0, 0, 0, 1, 1, 1] 820
[0, 0, 0, 0, 0, 1, 1, 1] 897
[0, 0, 0, 0, 0, 1, 1, 1] 976
[0, 0, 0, 0, 0, 0, 1, 1] 33
[0, 0, 0, 0, 0, 0, 1, 1] 48
[0, 0, 0, 0, 0, 0, 1, 1] 148
[0, 0, 0, 0, 0, 0, 1, 1] 299
[0, 0, 0, 0, 0, 0, 1, 1] 315
[0, 0, 0, 0, 0, 0, 1, 1] 316
[0, 0, 0, 0, 0, 0, 1, 1] 449
[0, 0, 0, 0, 0, 0, 1, 1] 457
[0, 0, 0, 0, 0, 0, 1, 1] 494
[0, 0, 0, 0, 0, 0, 1, 1] 557
[0, 0, 0, 0, 0, 0, 1, 1] 588
[0, 0, 0, 0, 0, 0, 1, 1] 610
[0, 0, 0, 0, 0, 0, 1, 1] 704
[0, 0, 0, 0, 0, 0, 1, 1] 920
[0, 0, 0, 0, 0, 0, 0, 1] 168
[0, 0, 0, 0, 0, 0, 0, 1] 233
[0, 0, 0, 0, 0, 0, 0, 1] 238
[0, 0, 0, 0, 0, 0, 0, 1] 292
[0, 0, 0, 0, 0, 0, 0, 1] 448
[0, 0, 0, 0, 0, 0, 0, 1] 572
[0, 0, 0, 0, 0, 0, 0, 1] 626
[0, 0, 0, 0, 0, 0, 0, 1] 652
[0, 0, 0, 0, 0, 0, 0, 1] 661
[0, 0, 0, 0, 0, 0, 0, 1] 884
