VARIABLES 100
NB_OBJ 8
ITEMS
[1, 1, 1, 1, 1, 1, 1, 1] 12
[1, 1, 1, 1, 1, 1, 1, 1] 176
[1, 1, 1, 1, 1, 1, 1, 1] 204
[1, 1, 1, 1, 1, 1, 1, 1] 277
[1, 1, 1, 1, 1, 1, 1, 1] 328
[1, 1, 1, 1, 1, 1, 1, 1] 432
[1, 1, 1, 1, 1, 1, 1, 1] 441
[1, 1, 1, 1, 1, 1, 1, 1] 475
[1, 1, 1, 1, 1, 1, 1, 1] 537
[1, 1, 1, 1, 1, 1, 1, 1] 589
[1, 1, 1, 1, 1, 1, 1, 1] 599
[1, 1, 1, 1, 1, 1, 1, 1] 603
[1, 1, 1, 1, 1, 1, 1, 1] 836
[1, 1, 1, 1, 1, 1, 1, 1] 842
[1, 1, 1, 1, 1, 1, 1, 1] 886
[0, 1, 1, 1, 1, 1, 1, 1] 189
[0, 1, 1, 1, 1, 1, 1, 1] 231
[0, 1, 1, 1, 1, 1, 1, 1] 301
[0, 1, 1, 1, 1, 1, 1, 1] 376
[0, 1, 1, 1, 1, 1, 1, 1] 397
[0, 1, 1, 1, 1, 1, 1, 1] 530
[0, 1, 1, 1, 1, 1, 1, 1] 557
[0, 1, 1, 1, 1, 1, 1, 1] 586
[0, 1, 1, 1, 1, 1, 1, 1] 717
[0, 1, 1, 1, 1, 1, 1, 1] 790
[0, 1, 1, 1, 1, 1, 1, 1] 849
[0, 1, 1, 1, 1, 1, 1, 1] 883
[0, 1, 1, 1, 1, 1, 1, 1] 927
[0, 1, 1, 1, 1, 1, 1, 1] 946
[0, 1, 1, 1, 1, 1, 1, 1] 1000
[0, 0, 1, 1, 1, 1, 1, 1] 14
[0, 0, 1, 1, 1, 1, 1, 1] 93
[0, 0, 1, 1, 1, 1, 1, 1] 168
[0, 0, 1, 1, 1, 1, 1, 1] 249
[0, 0, 1, 1, 1, 1, 1, 1] 463
[0, 0, 1, 1, 1, 1, 1, 1] 561
[0, 0, 1, 1, 1, 1, 1, 1] 571
[0, 0, 0, 1, 1, 1, 1, 1] 7
[0, 0, 0, 1, 1, 1, 1, 1] 17
[0, 0, 0, 1, 1, 1, 1, 1] 62
[0, 0, 0, 1, 1, 1, 1, 1] 77
[0, 0, 0, 1, 1, 1, 1, 1] 112
[0, 0, 0, 1, 1, 1, 1, 1] 114
[0, 0, 0, 1, 1, 1, 1, 1] 159
[0, 0, 0, 1, 1, 1, 1, 1] 244
[0, 0, 0, 1, 1, 1, 1, 1] 363
[0, 0, 0, 1, 1, 1, 1, 1] 413
[0, 0, 0, 1, 1, 1, 1, 1] 440
[0, 0, 0, 1, 1, 1, 1, 1] 481
[0, 0, 0, 1, 1, 1, 1, 1] 652
[0, 0, 0, 1, 1, 1, 1, 1] 678
[0, 0, 0, 1, 1, 1, 1, 1] 740
[0, 0, 0, 1, 1, 1, 1, 1] 841
[0, 0, 0, 1, 1, 1, 1, 1] 847
[0, 0, 0, 1, 1, 1, 1, 1] 971
[0, 0, 0, 0, 1, 1, 1, 1] 25
[0, 0, 0, 0, 1, 1, 1, 1] 242
[0, 0, 0, 0, 1, 1, 1, 1] 277
[0, 0, 0, 0, 1, 1, 1, 1] 278
[0, 0, 0, 0, 1, 1, 1, 1] 373
[0, 0, 0, 0, 1, 1, 1, 1] 418
[0, 0, 0, 0, 1, 1, 1, 1] 520
[0, 0, 0, 0, 1, 1, 1, 1] 594
[0, 0, 0, 0, 1, 1, 1, 1] 628
[0, 0, 0, 0, 1, 1, 1, 1] 829
[0, 0, 0, 0, 1, 1, 1, 1] 890
[0, 0, 0, 0, 1, 1, 1, 1] 910
[0, 0, 0, 0, 0, 1, 1, 1] 273
[0, 0, 0, 0, 0, 1, 1, 1] 293
[0, 0, 0, 0, 0, 1, 1, 1] 394
[0, 0, 0, 0, 0, 1, 1, 1] 729
[0, 0, 0, 0, 0, 1, 1, 1] 825
[0, 0, 0, 0, 0, 0, 1, 1] 98
[0, 0, 0, 0, 0, 0, 1, 1] 146
[0, 0, 0, 0, 0, 0, 1, 1] 150
[0, 0, 0, 0, 0, 0, 1, 1] 173
[0, 0, 0, 0, 0, 0, 1, 1] 280
[0, 0, 0, 0, 0, 0, 1, 1] 305
[0, 0, 0, 0, 0, 0, 1, 1] 332
[0, 0, 0, 0, 0, 0, 1, 1] 461
[0, 0, 0, 0, 0, 0, 1, 1] 497
[0, 0, 0, 0, 0, 0, 1, 1] 658
[0, 0, 0, 0, 0, 0, 1, 1] 847
[0, 0, 0, 0, 0, 0, 1, 1] 924
[0, 0, 0, 0, 0, 0, 1, 1] 930
[0, 0, 0, 0, 0, 0, 1, 1] 940
[0, 0, 0, 0, 0, 0, 1, 1] 998
[0, 0, 0, 0, 0, 0, 0, 1] 42
[0, 0, 0, 0, 0, 0, 0, 1] 44
[0, 0, 0, 0, 0, 0, 0, 1] 73
[0, 0, 0, 0, 0, 0, 0, 1] 81
[0, 0, 0, 0, 0, 0, 0, 1] 148
[0, 0, 0, 0, 0, 0, 0, 1] 231
[0, 0, 0, 0, 0, 0, 0, 1] 383
[0, 0, 0, 0, 0, 0, 0, 1] 391
[0, 0, 0, 0, 0, 0, 0, 1] 404
[0, 0, 0, 0, 0, 0, 0, 1] 619
[0, 0, 0, 0, 0, 0, 0, 1] 729
[0, 0, 0, 0, 0, 0, 0, 1] 773
[0, 0, 0, 0, 0, 0, 0, 1] 816
