VARIABLES 100
NB_OBJ 8
ITEMS
[1, 1, 1, 1, 1, 1, 1, 1] 107
[1, 1, 1, 1, 1, 1, 1, 1] 471
[1, 1, 1, 1, 1, 1, 1, 1] 534
[1, 1, 1, 1, 1, 1, 1, 1] 577
[1, 1, 1, 1, 1, 1, 1, 1] 602
[1, 1, 1, 1, 1, 1, 1, 1] 675
[1, 1, 1, 1, 1, 1, 1, 1] 677
[1, 1, 1, 1, 1, 1, 1, 1] 680
[1, 1, 1, 1, 1, 1, 1, 1] 694
[1, 1, 1, 1, 1, 1, 1, 1] 828
[0, 1, 1, 1, 1, 1, 1, 1] 201
[0, 1, 1, 1, 1, 1, 1, 1] 352
[0, 1, 1, 1, 1, 1, 1, 1] 409
[0, 1, 1, 1, 1, 1, 1, 1] 525
[0, 1, 1, 1, 1, 1, 1, 1] 534
[0, 1, 1, 1, 1, 1, 1, 1] 668
[0, 1, 1, 1, 1, 1, 1, 1] 721
[0, 1, 1, 1, 1, 1, 1, 1] 800
[0, 1, 1, 1, 1, 1, 1, 1] 909
[0, 1, 1, 1, 1, 1, 1, 1] 959
[0, 1, 1, 1, 1, 1, 1, 1] 988
[0, 1, 1, 1, 1, 1, 1, 1] 1000
[0, 0, 1, 1, 1, 1, 1, 1] 153
[0, 0, 1, 1, 1, 1, 1, 1] 183
[0, 0, 1, 1, 1, 1, 1, 1] 263
[0, 0, 1, 1, 1, 1, 1, 1] 499
[0, 0, 1, 1, 1, 1, 1, 1] 525
[0, 0, 1, 1, 1, 1, 1, 1] 633
[0, 0, 1, 1, 1, 1, 1, 1] 692
[0, 0, 1, 1, 1, 1, 1, 1] 832
[0, 0, 0, 1, 1, 1, 1, 1] 17
[0, 0, 0, 1, 1, 1, 1, 1] 181
[0, 0, 0, 1, 1, 1, 1, 1] 188
[0, 0, 0, 1, 1, 1, 1, 1] 204
[0, 0, 0, 1, 1, 1, 1, 1] 217
[0, 0, 0, 1, 1, 1, 1, 1] 450
[0, 0, 0, 1, 1, 1, 1, 1] 478
[0, 0, 0, 1, 1, 1, 1, 1] 527
[0, 0, 0, 1, 1, 1, 1, 1] 560
[0, 0, 0, 1, 1, 1, 1, 1] 781
[0, 0, 0, 1, 1, 1, 1, 1] 903
[0, 0, 0, 1, 1, 1, 1, 1] 977
[0, 0, 0, 0, 1, 1, 1, 1] 33
[0, 0, 0, 0, 1, 1, 1, 1] 133
[0, 0, 0, 0, 1, 1, 1, 1] 227
[0, 0, 0, 0, 1, 1, 1, 1] 237
[0, 0, 0, 0, 1, 1, 1, 1] 291
[0, 0, 0, 0, 1, 1, 1, 1] 294
[0, 0, 0, 0, 1, 1, 1, 1] 405
[0, 0, 0, 0, 1, 1, 1, 1] 470
[0, 0, 0, 0, 1, 1, 1, 1] 480
[0, 0, 0, 0, 1, 1, 1, 1] 591
[0, 0, 0, 0, 1, 1, 1, 1] 619
[0, 0, 0, 0, 1, 1, 1, 1] 824
[0, 0, 0, 0, 1, 1, 1, 1] 835
[0, 0, 0, 0, 1, 1, 1, 1] 853
[0, 0, 0, 0, 1, 1, 1, 1] 877
[0, 0, 0, 0, 1, 1, 1, 1] 903
[0, 0, 0, 0, 1, 1, 1, 1] 921
[0, 0, 0, 0, 1, 1, 1, 1] 971
[0, 0, 0, 0, 0, 1, 1, 1] 22
[0, 0, 0, 0, 0, 1, 1, 1] 68
[0, 0, 0, 0, 0, 1, 1, 1] 345
[0, 0, 0, 0, 0, 1, 1, 1] 380
[0, 0, 0, 0, 0, 1, 1, 1] 414
[0, 0, 0, 0, 0, 1, 1, 1] 471
[0, 0, 0, 0, 0, 1, 1, 1] 482
[0, 0, 0, 0, 0, 1, 1, 1] 505
[0, 0, 0, 0, 0, 1, 1, 1] 614
[0, 0, 0, 0, 0, 1, 1, 1] 631
[0, 0, 0, 0, 0, 1, 1, 1] 656
[0, 0, 0, 0, 0, 1, 1, 1] 691
[0, 0, 0, 0, 0, 1, 1, 1] 720
[0, 0, 0, 0, 0, 0, 1, 1] 43
[0, 0, 0, 0, 0, 0, 1, 1] 56
[0, 0, 0, 0, 0, 0, 1, 1] 96
[0, 0, 0, 0, 0, 0, 1, 1] 155
[0, 0, 0, 0, 0, 0, 1, 1] 219
[0, 0, 0, 0, 0, 0, 1, 1] 227
[0, 0, 0, 0, 0, 0, 1, 1] 243
[0, 0, 0, 0, 0, 0, 1, 1] 469
[0, 0, 0, 0, 0, 0, 1, 1] 471
[0, 0, 0, 0, 0, 0, 1, 1] 479
[0, 0, 0, 0, 0, 0, 1, 1] 487
[0, 0, 0, 0, 0, 0, 1, 1] 490
[0, 0, 0, 0, 0, 0, 1, 1] 527
[0, 0, 0, 0, 0, 0, 1, 1] 858
[0, 0, 0, 0, 0, 0, 1, 1] 973
[0, 0, 0, 0, 0, 0, 0, 1] 198
[0, 0, 0, 0, 0, 0, 0, 1] 216
[0, 0, 0, 0, 0, 0, 0, 1] 219
[0, 0, 0, 0, 0, 0, 0, 1] 326
[0, 0, 0, 0, 0, 0, 0, 1] 419
[0, 0, 0, 0, 0, 0, 0, 1] 450
[0, 0, 0, 0, 0, 0, 0, 1] 471
[0, 0, 0, 0, 0, 0, 0, 1] 484
[0, 0, 0, 0, 0, 0, 0, 1] 502
[0, 0, 0, 0, 0, 0, 0, 1] 575
[0, 0, 0, 0, 0, 0, 0, 1] 691
[0, 0, 0, 0, 0, 0, 0, 1] 779
