VARIABLES 300
NB_OBJ 4
ITEMS
[1, 1, 1, 1] 2
[1, 1, 1, 1] 7
[1, 1, 1, 1] 17
[1, 1, 1, 1] 47
[1, 1, 1, 1] 48
[1, 1, 1, 1] 71
[1, 1, 1, 1] 76
[1, 1, 1, 1] 82
[1, 1, 1, 1] 100
[1, 1, 1, 1] 117
[1, 1, 1, 1] 119
[1, 1, 1, 1] 162
[1, 1, 1, 1] 168
[1, 1, 1, 1] 189
[1, 1, 1, 1] 195
[1, 1, 1, 1] 233
[1, 1, 1, 1] 234
[1, 1, 1, 1] 250
[1, 1, 1, 1] 267
[1, 1, 1, 1] 343
[1, 1, 1, 1] 348
[1, 1, 1, 1] 348
[1, 1, 1, 1] 375
[1, 1, 1, 1] 386
[1, 1, 1, 1] 403
[1, 1, 1, 1] 409
[1, 1, 1, 1] 417
[1, 1, 1, 1] 422
[1, 1, 1, 1] 439
[1, 1, 1, 1] 439
[1, 1, 1, 1] 447
[1, 1, 1, 1] 474
[1, 1, 1, 1] 486
[1, 1, 1, 1] 487
[1, 1, 1, 1] 487
[1, 1, 1, 1] 501
[1, 1, 1, 1] 519
[1, 1, 1, 1] 547
[1, 1, 1, 1] 562
[1, 1, 1, 1] 586
[1, 1, 1, 1] 590
[1, 1, 1, 1] 606
[1, 1, 1, 1] 610
[1, 1, 1, 1] 620
[1, 1, 1, 1] 670
[1, 1, 1, 1] 677
[1, 1, 1, 1] 705
[1, 1, 1, 1] 720
[1, 1, 1, 1] 742
[1, 1, 1, 1] 753
[1, 1, 1, 1] 757
[1, 1, 1, 1] 758
[1, 1, 1, 1] 800
[1, 1, 1, 1] 801
[1, 1, 1, 1] 805
[1, 1, 1, 1] 829
[1, 1, 1, 1] 832
[1, 1, 1, 1] 904
[1, 1, 1, 1] 906
[1, 1, 1, 1] 908
[1, 1, 1, 1] 932
[1, 1, 1, 1] 937
[1, 1, 1, 1] 939
[1, 1, 1, 1] 942
[1, 1, 1, 1] 949
[1, 1, 1, 1] 961
[1, 1, 1, 1] 983
[1, 1, 1, 1] 987
[1, 1, 1, 1] 987
[1, 1, 1, 1] 993
[0, 1, 1, 1] 4
[0, 1, 1, 1] 9
[0, 1, 1, 1] 11
[0, 1, 1, 1] 13
[0, 1, 1, 1] 22
[0, 1, 1, 1] 23
[0, 1, 1, 1] 28
[0, 1, 1, 1] 30
[0, 1, 1, 1] 49
[0, 1, 1, 1] 79
[0, 1, 1, 1] 102
[0, 1, 1, 1] 106
[0, 1, 1, 1] 133
[0, 1, 1, 1] 133
[0, 1, 1, 1] 153
[0, 1, 1, 1] 154
[0, 1, 1, 1] 207
[0, 1, 1, 1] 212
[0, 1, 1, 1] 240
[0, 1, 1, 1] 240
[0, 1, 1, 1] 253
[0, 1, 1, 1] 280
[0, 1, 1, 1] 293
[0, 1, 1, 1] 293
[0, 1, 1, 1] 294
[0, 1, 1, 1] 298
[0, 1, 1, 1] 303
[0, 1, 1, 1] 309
[0, 1, 1, 1] 312
[0, 1, 1, 1] 313
[0, 1, 1, 1] 329
[0, 1, 1, 1] 357
[0, 1, 1, 1] 358
[0, 1, 1, 1] 383
[0, 1, 1, 1] 386
[0, 1, 1, 1] 398
[0, 1, 1, 1] 413
[0, 1, 1, 1] 422
[0, 1, 1, 1] 435
[0, 1, 1, 1] 475
[0, 1, 1, 1] 480
[0, 1, 1, 1] 484
[0, 1, 1, 1] 488
[0, 1, 1, 1] 494
[0, 1, 1, 1] 499
[0, 1, 1, 1] 508
[0, 1, 1, 1] 522
[0, 1, 1, 1] 522
[0, 1, 1, 1] 533
[0, 1, 1, 1] 540
[0, 1, 1, 1] 567
[0, 1, 1, 1] 580
[0, 1, 1, 1] 586
[0, 1, 1, 1] 591
[0, 1, 1, 1] 634
[0, 1, 1, 1] 641
[0, 1, 1, 1] 660
[0, 1, 1, 1] 663
[0, 1, 1, 1] 713
[0, 1, 1, 1] 727
[0, 1, 1, 1] 735
[0, 1, 1, 1] 782
[0, 1, 1, 1] 790
[0, 1, 1, 1] 802
[0, 1, 1, 1] 843
[0, 1, 1, 1] 852
[0, 1, 1, 1] 866
[0, 1, 1, 1] 870
[0, 1, 1, 1] 872
[0, 1, 1, 1] 876
[0, 1, 1, 1] 890
[0, 1, 1, 1] 899
[0, 1, 1, 1] 914
[0, 1, 1, 1] 919
[0, 1, 1, 1] 921
[0, 1, 1, 1] 925
[0, 1, 1, 1] 927
[0, 1, 1, 1] 931
[0, 1, 1, 1] 940
[0, 1, 1, 1] 943
[0, 1, 1, 1] 972
[0, 1, 1, 1] 973
[0, 1, 1, 1] 984
[0, 1, 1, 1] 987
[0, 1, 1, 1] 997
[0, 0, 1, 1] 33
[0, 0, 1, 1] 51
[0, 0, 1, 1] 81
[0, 0, 1, 1] 81
[0, 0, 1, 1] 112
[0, 0, 1, 1] 122
[0, 0, 1, 1] 132
[0, 0, 1, 1] 154
[0, 0, 1, 1] 168
[0, 0, 1, 1] 172
[0, 0, 1, 1] 176
[0, 0, 1, 1] 200
[0, 0, 1, 1] 200
[0, 0, 1, 1] 203
[0, 0, 1, 1] 255
[0, 0, 1, 1] 258
[0, 0, 1, 1] 260
[0, 0, 1, 1] 263
[0, 0, 1, 1] 270
[0, 0, 1, 1] 272
[0, 0, 1, 1] 278
[0, 0, 1, 1] 279
[0, 0, 1, 1] 300
[0, 0, 1, 1] 302
[0, 0, 1, 1] 304
[0, 0, 1, 1] 321
[0, 0, 1, 1] 338
[0, 0, 1, 1] 340
[0, 0, 1, 1] 343
[0, 0, 1, 1] 346
[0, 0, 1, 1] 349
[0, 0, 1, 1] 349
[0, 0, 1, 1] 355
[0, 0, 1, 1] 359
[0, 0, 1, 1] 364
[0, 0, 1, 1] 416
[0, 0, 1, 1] 435
[0, 0, 1, 1] 440
[0, 0, 1, 1] 443
[0, 0, 1, 1] 502
[0, 0, 1, 1] 532
[0, 0, 1, 1] 562
[0, 0, 1, 1] 563
[0, 0, 1, 1] 565
[0, 0, 1, 1] 573
[0, 0, 1, 1] 592
[0, 0, 1, 1] 602
[0, 0, 1, 1] 619
[0, 0, 1, 1] 654
[0, 0, 1, 1] 676
[0, 0, 1, 1] 701
[0, 0, 1, 1] 702
[0, 0, 1, 1] 704
[0, 0, 1, 1] 711
[0, 0, 1, 1] 715
[0, 0, 1, 1] 720
[0, 0, 1, 1] 721
[0, 0, 1, 1] 733
[0, 0, 1, 1] 737
[0, 0, 1, 1] 779
[0, 0, 1, 1] 787
[0, 0, 1, 1] 789
[0, 0, 1, 1] 815
[0, 0, 1, 1] 831
[0, 0, 1, 1] 841
[0, 0, 1, 1] 846
[0, 0, 1, 1] 857
[0, 0, 1, 1] 885
[0, 0, 1, 1] 888
[0, 0, 1, 1] 892
[0, 0, 1, 1] 905
[0, 0, 1, 1] 937
[0, 0, 1, 1] 960
[0, 0, 1, 1] 962
[0, 0, 1, 1] 978
[0, 0, 1, 1] 995
[0, 0, 0, 1] 6
[0, 0, 0, 1] 21
[0, 0, 0, 1] 66
[0, 0, 0, 1] 77
[0, 0, 0, 1] 82
[0, 0, 0, 1] 102
[0, 0, 0, 1] 102
[0, 0, 0, 1] 119
[0, 0, 0, 1] 124
[0, 0, 0, 1] 163
[0, 0, 0, 1] 206
[0, 0, 0, 1] 214
[0, 0, 0, 1] 217
[0, 0, 0, 1] 258
[0, 0, 0, 1] 290
[0, 0, 0, 1] 293
[0, 0, 0, 1] 304
[0, 0, 0, 1] 335
[0, 0, 0, 1] 339
[0, 0, 0, 1] 342
[0, 0, 0, 1] 350
[0, 0, 0, 1] 352
[0, 0, 0, 1] 414
[0, 0, 0, 1] 415
[0, 0, 0, 1] 428
[0, 0, 0, 1] 433
[0, 0, 0, 1] 452
[0, 0, 0, 1] 456
[0, 0, 0, 1] 461
[0, 0, 0, 1] 476
[0, 0, 0, 1] 527
[0, 0, 0, 1] 540
[0, 0, 0, 1] 547
[0, 0, 0, 1] 549
[0, 0, 0, 1] 596
[0, 0, 0, 1] 608
[0, 0, 0, 1] 624
[0, 0, 0, 1] 628
[0, 0, 0, 1] 653
[0, 0, 0, 1] 674
[0, 0, 0, 1] 675
[0, 0, 0, 1] 679
[0, 0, 0, 1] 691
[0, 0, 0, 1] 701
[0, 0, 0, 1] 710
[0, 0, 0, 1] 724
[0, 0, 0, 1] 740
[0, 0, 0, 1] 760
[0, 0, 0, 1] 764
[0, 0, 0, 1] 827
[0, 0, 0, 1] 830
[0, 0, 0, 1] 841
[0, 0, 0, 1] 849
[0, 0, 0, 1] 851
[0, 0, 0, 1] 872
[0, 0, 0, 1] 873
[0, 0, 0, 1] 878
[0, 0, 0, 1] 879
[0, 0, 0, 1] 899
[0, 0, 0, 1] 900
[0, 0, 0, 1] 901
[0, 0, 0, 1] 916
[0, 0, 0, 1] 921
[0, 0, 0, 1] 946
[0, 0, 0, 1] 963
[0, 0, 0, 1] 980
[0, 0, 0, 1] 983
[0, 0, 0, 1] 989
[0, 0, 0, 1] 994
