VARIABLES 300
NB_OBJ 4
ITEMS
[1, 1, 1, 1] 6
[1, 1, 1, 1] 15
[1, 1, 1, 1] 47
[1, 1, 1, 1] 48
[1, 1, 1, 1] 73
[1, 1, 1, 1] 85
[1, 1, 1, 1] 89
[1, 1, 1, 1] 92
[1, 1, 1, 1] 96
[1, 1, 1, 1] 100
[1, 1, 1, 1] 108
[1, 1, 1, 1] 132
[1, 1, 1, 1] 155
[1, 1, 1, 1] 165
[1, 1, 1, 1] 175
[1, 1, 1, 1] 211
[1, 1, 1, 1] 213
[1, 1, 1, 1] 216
[1, 1, 1, 1] 220
[1, 1, 1, 1] 235
[1, 1, 1, 1] 239
[1, 1, 1, 1] 241
[1, 1, 1, 1] 254
[1, 1, 1, 1] 273
[1, 1, 1, 1] 291
[1, 1, 1, 1] 297
[1, 1, 1, 1] 318
[1, 1, 1, 1] 342
[1, 1, 1, 1] 356
[1, 1, 1, 1] 364
[1, 1, 1, 1] 365
[1, 1, 1, 1] 375
[1, 1, 1, 1] 396
[1, 1, 1, 1] 405
[1, 1, 1, 1] 429
[1, 1, 1, 1] 456
[1, 1, 1, 1] 465
[1, 1, 1, 1] 470
[1, 1, 1, 1] 479
[1, 1, 1, 1] 525
[1, 1, 1, 1] 542
[1, 1, 1, 1] 557
[1, 1, 1, 1] 562
[1, 1, 1, 1] 565
[1, 1, 1, 1] 565
[1, 1, 1, 1] 577
[1, 1, 1, 1] 592
[1, 1, 1, 1] 619
[1, 1, 1, 1] 636
[1, 1, 1, 1] 654
[1, 1, 1, 1] 674
[1, 1, 1, 1] 678
[1, 1, 1, 1] 688
[1, 1, 1, 1] 714
[1, 1, 1, 1] 729
[1, 1, 1, 1] 747
[1, 1, 1, 1] 748
[1, 1, 1, 1] 749
[1, 1, 1, 1] 752
[1, 1, 1, 1] 753
[1, 1, 1, 1] 757
[1, 1, 1, 1] 762
[1, 1, 1, 1] 763
[1, 1, 1, 1] 783
[1, 1, 1, 1] 783
[1, 1, 1, 1] 797
[1, 1, 1, 1] 803
[1, 1, 1, 1] 827
[1, 1, 1, 1] 867
[1, 1, 1, 1] 868
[1, 1, 1, 1] 889
[1, 1, 1, 1] 894
[1, 1, 1, 1] 919
[1, 1, 1, 1] 919
[1, 1, 1, 1] 920
[1, 1, 1, 1] 927
[1, 1, 1, 1] 997
[1, 1, 1, 1] 1000
[0, 1, 1, 1] 1
[0, 1, 1, 1] 7
[0, 1, 1, 1] 30
[0, 1, 1, 1] 57
[0, 1, 1, 1] 59
[0, 1, 1, 1] 70
[0, 1, 1, 1] 79
[0, 1, 1, 1] 82
[0, 1, 1, 1] 83
[0, 1, 1, 1] 120
[0, 1, 1, 1] 121
[0, 1, 1, 1] 130
[0, 1, 1, 1] 137
[0, 1, 1, 1] 146
[0, 1, 1, 1] 150
[0, 1, 1, 1] 162
[0, 1, 1, 1] 184
[0, 1, 1, 1] 209
[0, 1, 1, 1] 214
[0, 1, 1, 1] 214
[0, 1, 1, 1] 236
[0, 1, 1, 1] 243
[0, 1, 1, 1] 251
[0, 1, 1, 1] 273
[0, 1, 1, 1] 283
[0, 1, 1, 1] 291
[0, 1, 1, 1] 305
[0, 1, 1, 1] 325
[0, 1, 1, 1] 325
[0, 1, 1, 1] 365
[0, 1, 1, 1] 371
[0, 1, 1, 1] 436
[0, 1, 1, 1] 438
[0, 1, 1, 1] 453
[0, 1, 1, 1] 469
[0, 1, 1, 1] 471
[0, 1, 1, 1] 485
[0, 1, 1, 1] 499
[0, 1, 1, 1] 499
[0, 1, 1, 1] 506
[0, 1, 1, 1] 524
[0, 1, 1, 1] 536
[0, 1, 1, 1] 565
[0, 1, 1, 1] 586
[0, 1, 1, 1] 629
[0, 1, 1, 1] 644
[0, 1, 1, 1] 650
[0, 1, 1, 1] 664
[0, 1, 1, 1] 687
[0, 1, 1, 1] 703
[0, 1, 1, 1] 707
[0, 1, 1, 1] 712
[0, 1, 1, 1] 715
[0, 1, 1, 1] 721
[0, 1, 1, 1] 731
[0, 1, 1, 1] 749
[0, 1, 1, 1] 749
[0, 1, 1, 1] 761
[0, 1, 1, 1] 780
[0, 1, 1, 1] 784
[0, 1, 1, 1] 816
[0, 1, 1, 1] 828
[0, 1, 1, 1] 829
[0, 1, 1, 1] 844
[0, 1, 1, 1] 863
[0, 1, 1, 1] 870
[0, 1, 1, 1] 891
[0, 1, 1, 1] 899
[0, 1, 1, 1] 900
[0, 1, 1, 1] 915
[0, 1, 1, 1] 917
[0, 1, 1, 1] 926
[0, 1, 1, 1] 932
[0, 1, 1, 1] 937
[0, 1, 1, 1] 944
[0, 1, 1, 1] 955
[0, 1, 1, 1] 988
[0, 1, 1, 1] 993
[0, 0, 1, 1] 1
[0, 0, 1, 1] 2
[0, 0, 1, 1] 3
[0, 0, 1, 1] 5
[0, 0, 1, 1] 26
[0, 0, 1, 1] 45
[0, 0, 1, 1] 48
[0, 0, 1, 1] 64
[0, 0, 1, 1] 78
[0, 0, 1, 1] 103
[0, 0, 1, 1] 109
[0, 0, 1, 1] 126
[0, 0, 1, 1] 161
[0, 0, 1, 1] 165
[0, 0, 1, 1] 167
[0, 0, 1, 1] 168
[0, 0, 1, 1] 176
[0, 0, 1, 1] 177
[0, 0, 1, 1] 187
[0, 0, 1, 1] 199
[0, 0, 1, 1] 248
[0, 0, 1, 1] 279
[0, 0, 1, 1] 363
[0, 0, 1, 1] 383
[0, 0, 1, 1] 399
[0, 0, 1, 1] 404
[0, 0, 1, 1] 406
[0, 0, 1, 1] 426
[0, 0, 1, 1] 468
[0, 0, 1, 1] 487
[0, 0, 1, 1] 490
[0, 0, 1, 1] 491
[0, 0, 1, 1] 499
[0, 0, 1, 1] 568
[0, 0, 1, 1] 581
[0, 0, 1, 1] 592
[0, 0, 1, 1] 594
[0, 0, 1, 1] 620
[0, 0, 1, 1] 661
[0, 0, 1, 1] 667
[0, 0, 1, 1] 679
[0, 0, 1, 1] 695
[0, 0, 1, 1] 723
[0, 0, 1, 1] 728
[0, 0, 1, 1] 731
[0, 0, 1, 1] 762
[0, 0, 1, 1] 776
[0, 0, 1, 1] 791
[0, 0, 1, 1] 806
[0, 0, 1, 1] 817
[0, 0, 1, 1] 820
[0, 0, 1, 1] 823
[0, 0, 1, 1] 825
[0, 0, 1, 1] 845
[0, 0, 1, 1] 863
[0, 0, 1, 1] 885
[0, 0, 1, 1] 898
[0, 0, 1, 1] 903
[0, 0, 1, 1] 903
[0, 0, 1, 1] 908
[0, 0, 1, 1] 916
[0, 0, 1, 1] 921
[0, 0, 1, 1] 923
[0, 0, 1, 1] 938
[0, 0, 1, 1] 959
[0, 0, 1, 1] 969
[0, 0, 1, 1] 990
[0, 0, 1, 1] 994
[0, 0, 0, 1] 18
[0, 0, 0, 1] 51
[0, 0, 0, 1] 94
[0, 0, 0, 1] 96
[0, 0, 0, 1] 100
[0, 0, 0, 1] 126
[0, 0, 0, 1] 138
[0, 0, 0, 1] 152
[0, 0, 0, 1] 155
[0, 0, 0, 1] 168
[0, 0, 0, 1] 173
[0, 0, 0, 1] 178
[0, 0, 0, 1] 180
[0, 0, 0, 1] 195
[0, 0, 0, 1] 220
[0, 0, 0, 1] 223
[0, 0, 0, 1] 223
[0, 0, 0, 1] 239
[0, 0, 0, 1] 240
[0, 0, 0, 1] 243
[0, 0, 0, 1] 245
[0, 0, 0, 1] 253
[0, 0, 0, 1] 258
[0, 0, 0, 1] 259
[0, 0, 0, 1] 260
[0, 0, 0, 1] 276
[0, 0, 0, 1] 279
[0, 0, 0, 1] 282
[0, 0, 0, 1] 355
[0, 0, 0, 1] 372
[0, 0, 0, 1] 402
[0, 0, 0, 1] 406
[0, 0, 0, 1] 419
[0, 0, 0, 1] 429
[0, 0, 0, 1] 442
[0, 0, 0, 1] 443
[0, 0, 0, 1] 445
[0, 0, 0, 1] 448
[0, 0, 0, 1] 455
[0, 0, 0, 1] 455
[0, 0, 0, 1] 464
[0, 0, 0, 1] 506
[0, 0, 0, 1] 555
[0, 0, 0, 1] 568
[0, 0, 0, 1] 572
[0, 0, 0, 1] 611
[0, 0, 0, 1] 614
[0, 0, 0, 1] 618
[0, 0, 0, 1] 618
[0, 0, 0, 1] 620
[0, 0, 0, 1] 634
[0, 0, 0, 1] 642
[0, 0, 0, 1] 648
[0, 0, 0, 1] 659
[0, 0, 0, 1] 705
[0, 0, 0, 1] 728
[0, 0, 0, 1] 731
[0, 0, 0, 1] 768
[0, 0, 0, 1] 772
[0, 0, 0, 1] 785
[0, 0, 0, 1] 791
[0, 0, 0, 1] 798
[0, 0, 0, 1] 806
[0, 0, 0, 1] 808
[0, 0, 0, 1] 817
[0, 0, 0, 1] 852
[0, 0, 0, 1] 867
[0, 0, 0, 1] 898
[0, 0, 0, 1] 909
[0, 0, 0, 1] 910
[0, 0, 0, 1] 964
[0, 0, 0, 1] 968
[0, 0, 0, 1] 980
[0, 0, 0, 1] 980
[0, 0, 0, 1] 986
[0, 0, 0, 1] 998
