VARIABLES 300
NB_OBJ 4
ITEMS
[1, 1, 1, 1] 7
[1, 1, 1, 1] 8
[1, 1, 1, 1] 10
[1, 1, 1, 1] 16
[1, 1, 1, 1] 27
[1, 1, 1, 1] 31
[1, 1, 1, 1] 34
[1, 1, 1, 1] 34
[1, 1, 1, 1] 39
[1, 1, 1, 1] 58
[1, 1, 1, 1] 62
[1, 1, 1, 1] 67
[1, 1, 1, 1] 70
[1, 1, 1, 1] 75
[1, 1, 1, 1] 129
[1, 1, 1, 1] 134
[1, 1, 1, 1] 140
[1, 1, 1, 1] 182
[1, 1, 1, 1] 210
[1, 1, 1, 1] 216
[1, 1, 1, 1] 222
[1, 1, 1, 1] 263
[1, 1, 1, 1] 277
[1, 1, 1, 1] 294
[1, 1, 1, 1] 336
[1, 1, 1, 1] 347
[1, 1, 1, 1] 355
[1, 1, 1, 1] 362
[1, 1, 1, 1] 364
[1, 1, 1, 1] 371
[1, 1, 1, 1] 373
[1, 1, 1, 1] 398
[1, 1, 1, 1] 402
[1, 1, 1, 1] 402
[1, 1, 1, 1] 409
[1, 1, 1, 1] 423
[1, 1, 1, 1] 438
[1, 1, 1, 1] 444
[1, 1, 1, 1] 450
[1, 1, 1, 1] 459
[1, 1, 1, 1] 460
[1, 1, 1, 1] 488
[1, 1, 1, 1] 496
[1, 1, 1, 1] 542
[1, 1, 1, 1] 559
[1, 1, 1, 1] 562
[1, 1, 1, 1] 580
[1, 1, 1, 1] 592
[1, 1, 1, 1] 615
[1, 1, 1, 1] 629
[1, 1, 1, 1] 635
[1, 1, 1, 1] 663
[1, 1, 1, 1] 682
[1, 1, 1, 1] 687
[1, 1, 1, 1] 705
[1, 1, 1, 1] 709
[1, 1, 1, 1] 727
[1, 1, 1, 1] 741
[1, 1, 1, 1] 743
[1, 1, 1, 1] 753
[1, 1, 1, 1] 755
[1, 1, 1, 1] 758
[1, 1, 1, 1] 788
[1, 1, 1, 1] 801
[1, 1, 1, 1] 880
[1, 1, 1, 1] 903
[1, 1, 1, 1] 910
[1, 1, 1, 1] 936
[1, 1, 1, 1] 942
[1, 1, 1, 1] 945
[1, 1, 1, 1] 952
[1, 1, 1, 1] 956
[1, 1, 1, 1] 968
[1, 1, 1, 1] 970
[1, 1, 1, 1] 977
[1, 1, 1, 1] 999
[0, 1, 1, 1] 20
[0, 1, 1, 1] 28
[0, 1, 1, 1] 46
[0, 1, 1, 1] 47
[0, 1, 1, 1] 49
[0, 1, 1, 1] 55
[0, 1, 1, 1] 68
[0, 1, 1, 1] 98
[0, 1, 1, 1] 115
[0, 1, 1, 1] 138
[0, 1, 1, 1] 141
[0, 1, 1, 1] 157
[0, 1, 1, 1] 166
[0, 1, 1, 1] 174
[0, 1, 1, 1] 176
[0, 1, 1, 1] 190
[0, 1, 1, 1] 201
[0, 1, 1, 1] 201
[0, 1, 1, 1] 212
[0, 1, 1, 1] 246
[0, 1, 1, 1] 249
[0, 1, 1, 1] 270
[0, 1, 1, 1] 284
[0, 1, 1, 1] 305
[0, 1, 1, 1] 314
[0, 1, 1, 1] 334
[0, 1, 1, 1] 344
[0, 1, 1, 1] 353
[0, 1, 1, 1] 361
[0, 1, 1, 1] 396
[0, 1, 1, 1] 423
[0, 1, 1, 1] 426
[0, 1, 1, 1] 428
[0, 1, 1, 1] 438
[0, 1, 1, 1] 451
[0, 1, 1, 1] 468
[0, 1, 1, 1] 469
[0, 1, 1, 1] 533
[0, 1, 1, 1] 547
[0, 1, 1, 1] 612
[0, 1, 1, 1] 642
[0, 1, 1, 1] 644
[0, 1, 1, 1] 662
[0, 1, 1, 1] 670
[0, 1, 1, 1] 672
[0, 1, 1, 1] 680
[0, 1, 1, 1] 683
[0, 1, 1, 1] 691
[0, 1, 1, 1] 693
[0, 1, 1, 1] 723
[0, 1, 1, 1] 724
[0, 1, 1, 1] 730
[0, 1, 1, 1] 742
[0, 1, 1, 1] 780
[0, 1, 1, 1] 784
[0, 1, 1, 1] 785
[0, 1, 1, 1] 790
[0, 1, 1, 1] 796
[0, 1, 1, 1] 802
[0, 1, 1, 1] 812
[0, 1, 1, 1] 816
[0, 1, 1, 1] 849
[0, 1, 1, 1] 853
[0, 1, 1, 1] 856
[0, 1, 1, 1] 858
[0, 1, 1, 1] 873
[0, 1, 1, 1] 900
[0, 1, 1, 1] 903
[0, 1, 1, 1] 910
[0, 1, 1, 1] 913
[0, 1, 1, 1] 915
[0, 1, 1, 1] 915
[0, 1, 1, 1] 938
[0, 1, 1, 1] 940
[0, 1, 1, 1] 943
[0, 1, 1, 1] 945
[0, 1, 1, 1] 984
[0, 1, 1, 1] 994
[0, 1, 1, 1] 997
[0, 0, 1, 1] 4
[0, 0, 1, 1] 6
[0, 0, 1, 1] 18
[0, 0, 1, 1] 84
[0, 0, 1, 1] 90
[0, 0, 1, 1] 112
[0, 0, 1, 1] 115
[0, 0, 1, 1] 141
[0, 0, 1, 1] 149
[0, 0, 1, 1] 154
[0, 0, 1, 1] 197
[0, 0, 1, 1] 226
[0, 0, 1, 1] 243
[0, 0, 1, 1] 255
[0, 0, 1, 1] 258
[0, 0, 1, 1] 260
[0, 0, 1, 1] 267
[0, 0, 1, 1] 279
[0, 0, 1, 1] 279
[0, 0, 1, 1] 291
[0, 0, 1, 1] 311
[0, 0, 1, 1] 313
[0, 0, 1, 1] 326
[0, 0, 1, 1] 367
[0, 0, 1, 1] 376
[0, 0, 1, 1] 384
[0, 0, 1, 1] 402
[0, 0, 1, 1] 433
[0, 0, 1, 1] 438
[0, 0, 1, 1] 447
[0, 0, 1, 1] 458
[0, 0, 1, 1] 460
[0, 0, 1, 1] 461
[0, 0, 1, 1] 465
[0, 0, 1, 1] 487
[0, 0, 1, 1] 503
[0, 0, 1, 1] 506
[0, 0, 1, 1] 507
[0, 0, 1, 1] 515
[0, 0, 1, 1] 530
[0, 0, 1, 1] 558
[0, 0, 1, 1] 561
[0, 0, 1, 1] 569
[0, 0, 1, 1] 571
[0, 0, 1, 1] 574
[0, 0, 1, 1] 585
[0, 0, 1, 1] 614
[0, 0, 1, 1] 654
[0, 0, 1, 1] 670
[0, 0, 1, 1] 672
[0, 0, 1, 1] 686
[0, 0, 1, 1] 710
[0, 0, 1, 1] 747
[0, 0, 1, 1] 752
[0, 0, 1, 1] 786
[0, 0, 1, 1] 792
[0, 0, 1, 1] 795
[0, 0, 1, 1] 808
[0, 0, 1, 1] 819
[0, 0, 1, 1] 831
[0, 0, 1, 1] 834
[0, 0, 1, 1] 841
[0, 0, 1, 1] 846
[0, 0, 1, 1] 850
[0, 0, 1, 1] 867
[0, 0, 1, 1] 937
[0, 0, 1, 1] 946
[0, 0, 1, 1] 953
[0, 0, 1, 1] 962
[0, 0, 1, 1] 988
[0, 0, 1, 1] 991
[0, 0, 0, 1] 5
[0, 0, 0, 1] 28
[0, 0, 0, 1] 61
[0, 0, 0, 1] 63
[0, 0, 0, 1] 75
[0, 0, 0, 1] 94
[0, 0, 0, 1] 105
[0, 0, 0, 1] 121
[0, 0, 0, 1] 132
[0, 0, 0, 1] 139
[0, 0, 0, 1] 139
[0, 0, 0, 1] 142
[0, 0, 0, 1] 145
[0, 0, 0, 1] 147
[0, 0, 0, 1] 154
[0, 0, 0, 1] 182
[0, 0, 0, 1] 212
[0, 0, 0, 1] 216
[0, 0, 0, 1] 250
[0, 0, 0, 1] 295
[0, 0, 0, 1] 300
[0, 0, 0, 1] 303
[0, 0, 0, 1] 307
[0, 0, 0, 1] 315
[0, 0, 0, 1] 317
[0, 0, 0, 1] 318
[0, 0, 0, 1] 329
[0, 0, 0, 1] 339
[0, 0, 0, 1] 343
[0, 0, 0, 1] 351
[0, 0, 0, 1] 351
[0, 0, 0, 1] 365
[0, 0, 0, 1] 372
[0, 0, 0, 1] 387
[0, 0, 0, 1] 416
[0, 0, 0, 1] 428
[0, 0, 0, 1] 432
[0, 0, 0, 1] 439
[0, 0, 0, 1] 453
[0, 0, 0, 1] 459
[0, 0, 0, 1] 468
[0, 0, 0, 1] 468
[0, 0, 0, 1] 487
[0, 0, 0, 1] 488
[0, 0, 0, 1] 503
[0, 0, 0, 1] 525
[0, 0, 0, 1] 540
[0, 0, 0, 1] 568
[0, 0, 0, 1] 579
[0, 0, 0, 1] 579
[0, 0, 0, 1] 587
[0, 0, 0, 1] 591
[0, 0, 0, 1] 613
[0, 0, 0, 1] 658
[0, 0, 0, 1] 673
[0, 0, 0, 1] 678
[0, 0, 0, 1] 697
[0, 0, 0, 1] 809
[0, 0, 0, 1] 811
[0, 0, 0, 1] 833
[0, 0, 0, 1] 835
[0, 0, 0, 1] 836
[0, 0, 0, 1] 861
[0, 0, 0, 1] 867
[0, 0, 0, 1] 879
[0, 0, 0, 1] 879
[0, 0, 0, 1] 883
[0, 0, 0, 1] 893
[0, 0, 0, 1] 918
[0, 0, 0, 1] 930
[0, 0, 0, 1] 945
[0, 0, 0, 1] 953
[0, 0, 0, 1] 981
[0, 0, 0, 1] 992
