VARIABLES 300
NB_OBJ 4
ITEMS
[1, 1, 1, 1] 6
[1, 1, 1, 1] 17
[1, 1, 1, 1] 29
[1, 1, 1, 1] 29
[1, 1, 1, 1] 61
[1, 1, 1, 1] 69
[1, 1, 1, 1] 85
[1, 1, 1, 1] 85
[1, 1, 1, 1] 90
[1, 1, 1, 1] 110
[1, 1, 1, 1] 123
[1, 1, 1, 1] 126
[1, 1, 1, 1] 137
[1, 1, 1, 1] 142
[1, 1, 1, 1] 166
[1, 1, 1, 1] 171
[1, 1, 1, 1] 227
[1, 1, 1, 1] 266
[1, 1, 1, 1] 267
[1, 1, 1, 1] 285
[1, 1, 1, 1] 286
[1, 1, 1, 1] 304
[1, 1, 1, 1] 306
[1, 1, 1, 1] 307
[1, 1, 1, 1] 307
[1, 1, 1, 1] 317
[1, 1, 1, 1] 337
[1, 1, 1, 1] 344
[1, 1, 1, 1] 373
[1, 1, 1, 1] 400
[1, 1, 1, 1] 431
[1, 1, 1, 1] 444
[1, 1, 1, 1] 488
[1, 1, 1, 1] 503
[1, 1, 1, 1] 503
[1, 1, 1, 1] 523
[1, 1, 1, 1] 527
[1, 1, 1, 1] 529
[1, 1, 1, 1] 536
[1, 1, 1, 1] 544
[1, 1, 1, 1] 558
[1, 1, 1, 1] 564
[1, 1, 1, 1] 568
[1, 1, 1, 1] 593
[1, 1, 1, 1] 597
[1, 1, 1, 1] 600
[1, 1, 1, 1] 626
[1, 1, 1, 1] 631
[1, 1, 1, 1] 632
[1, 1, 1, 1] 633
[1, 1, 1, 1] 634
[1, 1, 1, 1] 652
[1, 1, 1, 1] 655
[1, 1, 1, 1] 661
[1, 1, 1, 1] 666
[1, 1, 1, 1] 673
[1, 1, 1, 1] 682
[1, 1, 1, 1] 685
[1, 1, 1, 1] 689
[1, 1, 1, 1] 696
[1, 1, 1, 1] 697
[1, 1, 1, 1] 713
[1, 1, 1, 1] 737
[1, 1, 1, 1] 738
[1, 1, 1, 1] 740
[1, 1, 1, 1] 741
[1, 1, 1, 1] 765
[1, 1, 1, 1] 797
[1, 1, 1, 1] 804
[1, 1, 1, 1] 825
[1, 1, 1, 1] 835
[1, 1, 1, 1] 889
[1, 1, 1, 1] 891
[1, 1, 1, 1] 898
[1, 1, 1, 1] 911
[1, 1, 1, 1] 931
[1, 1, 1, 1] 950
[1, 1, 1, 1] 966
[1, 1, 1, 1] 987
[1, 1, 1, 1] 989
[1, 1, 1, 1] 990
[1, 1, 1, 1] 998
[0, 1, 1, 1] 4
[0, 1, 1, 1] 8
[0, 1, 1, 1] 20
[0, 1, 1, 1] 29
[0, 1, 1, 1] 33
[0, 1, 1, 1] 44
[0, 1, 1, 1] 47
[0, 1, 1, 1] 60
[0, 1, 1, 1] 116
[0, 1, 1, 1] 124
[0, 1, 1, 1] 141
[0, 1, 1, 1] 149
[0, 1, 1, 1] 156
[0, 1, 1, 1] 169
[0, 1, 1, 1] 180
[0, 1, 1, 1] 183
[0, 1, 1, 1] 184
[0, 1, 1, 1] 230
[0, 1, 1, 1] 264
[0, 1, 1, 1] 265
[0, 1, 1, 1] 273
[0, 1, 1, 1] 279
[0, 1, 1, 1] 293
[0, 1, 1, 1] 302
[0, 1, 1, 1] 303
[0, 1, 1, 1] 314
[0, 1, 1, 1] 319
[0, 1, 1, 1] 346
[0, 1, 1, 1] 351
[0, 1, 1, 1] 354
[0, 1, 1, 1] 390
[0, 1, 1, 1] 391
[0, 1, 1, 1] 398
[0, 1, 1, 1] 401
[0, 1, 1, 1] 403
[0, 1, 1, 1] 429
[0, 1, 1, 1] 455
[0, 1, 1, 1] 462
[0, 1, 1, 1] 489
[0, 1, 1, 1] 493
[0, 1, 1, 1] 495
[0, 1, 1, 1] 497
[0, 1, 1, 1] 513
[0, 1, 1, 1] 528
[0, 1, 1, 1] 564
[0, 1, 1, 1] 572
[0, 1, 1, 1] 580
[0, 1, 1, 1] 589
[0, 1, 1, 1] 596
[0, 1, 1, 1] 610
[0, 1, 1, 1] 630
[0, 1, 1, 1] 646
[0, 1, 1, 1] 710
[0, 1, 1, 1] 712
[0, 1, 1, 1] 715
[0, 1, 1, 1] 724
[0, 1, 1, 1] 729
[0, 1, 1, 1] 785
[0, 1, 1, 1] 807
[0, 1, 1, 1] 823
[0, 1, 1, 1] 887
[0, 1, 1, 1] 903
[0, 1, 1, 1] 906
[0, 1, 1, 1] 911
[0, 1, 1, 1] 915
[0, 1, 1, 1] 936
[0, 1, 1, 1] 943
[0, 1, 1, 1] 968
[0, 1, 1, 1] 972
[0, 1, 1, 1] 1000
[0, 0, 1, 1] 20
[0, 0, 1, 1] 20
[0, 0, 1, 1] 32
[0, 0, 1, 1] 35
[0, 0, 1, 1] 41
[0, 0, 1, 1] 61
[0, 0, 1, 1] 63
[0, 0, 1, 1] 79
[0, 0, 1, 1] 83
[0, 0, 1, 1] 111
[0, 0, 1, 1] 127
[0, 0, 1, 1] 138
[0, 0, 1, 1] 174
[0, 0, 1, 1] 179
[0, 0, 1, 1] 193
[0, 0, 1, 1] 234
[0, 0, 1, 1] 240
[0, 0, 1, 1] 246
[0, 0, 1, 1] 259
[0, 0, 1, 1] 314
[0, 0, 1, 1] 323
[0, 0, 1, 1] 332
[0, 0, 1, 1] 346
[0, 0, 1, 1] 370
[0, 0, 1, 1] 390
[0, 0, 1, 1] 391
[0, 0, 1, 1] 454
[0, 0, 1, 1] 466
[0, 0, 1, 1] 470
[0, 0, 1, 1] 476
[0, 0, 1, 1] 477
[0, 0, 1, 1] 492
[0, 0, 1, 1] 512
[0, 0, 1, 1] 563
[0, 0, 1, 1] 587
[0, 0, 1, 1] 617
[0, 0, 1, 1] 621
[0, 0, 1, 1] 623
[0, 0, 1, 1] 638
[0, 0, 1, 1] 650
[0, 0, 1, 1] 675
[0, 0, 1, 1] 686
[0, 0, 1, 1] 692
[0, 0, 1, 1] 713
[0, 0, 1, 1] 719
[0, 0, 1, 1] 731
[0, 0, 1, 1] 736
[0, 0, 1, 1] 767
[0, 0, 1, 1] 778
[0, 0, 1, 1] 781
[0, 0, 1, 1] 782
[0, 0, 1, 1] 810
[0, 0, 1, 1] 832
[0, 0, 1, 1] 833
[0, 0, 1, 1] 860
[0, 0, 1, 1] 918
[0, 0, 1, 1] 949
[0, 0, 1, 1] 950
[0, 0, 1, 1] 951
[0, 0, 1, 1] 956
[0, 0, 1, 1] 972
[0, 0, 1, 1] 998
[0, 0, 0, 1] 31
[0, 0, 0, 1] 40
[0, 0, 0, 1] 60
[0, 0, 0, 1] 67
[0, 0, 0, 1] 80
[0, 0, 0, 1] 81
[0, 0, 0, 1] 86
[0, 0, 0, 1] 102
[0, 0, 0, 1] 106
[0, 0, 0, 1] 124
[0, 0, 0, 1] 124
[0, 0, 0, 1] 127
[0, 0, 0, 1] 135
[0, 0, 0, 1] 144
[0, 0, 0, 1] 192
[0, 0, 0, 1] 204
[0, 0, 0, 1] 217
[0, 0, 0, 1] 224
[0, 0, 0, 1] 231
[0, 0, 0, 1] 234
[0, 0, 0, 1] 241
[0, 0, 0, 1] 244
[0, 0, 0, 1] 252
[0, 0, 0, 1] 259
[0, 0, 0, 1] 271
[0, 0, 0, 1] 286
[0, 0, 0, 1] 289
[0, 0, 0, 1] 290
[0, 0, 0, 1] 304
[0, 0, 0, 1] 325
[0, 0, 0, 1] 335
[0, 0, 0, 1] 338
[0, 0, 0, 1] 394
[0, 0, 0, 1] 396
[0, 0, 0, 1] 405
[0, 0, 0, 1] 439
[0, 0, 0, 1] 451
[0, 0, 0, 1] 462
[0, 0, 0, 1] 463
[0, 0, 0, 1] 477
[0, 0, 0, 1] 486
[0, 0, 0, 1] 491
[0, 0, 0, 1] 531
[0, 0, 0, 1] 536
[0, 0, 0, 1] 542
[0, 0, 0, 1] 547
[0, 0, 0, 1] 574
[0, 0, 0, 1] 578
[0, 0, 0, 1] 582
[0, 0, 0, 1] 583
[0, 0, 0, 1] 597
[0, 0, 0, 1] 599
[0, 0, 0, 1] 623
[0, 0, 0, 1] 627
[0, 0, 0, 1] 632
[0, 0, 0, 1] 654
[0, 0, 0, 1] 675
[0, 0, 0, 1] 680
[0, 0, 0, 1] 682
[0, 0, 0, 1] 683
[0, 0, 0, 1] 686
[0, 0, 0, 1] 700
[0, 0, 0, 1] 715
[0, 0, 0, 1] 724
[0, 0, 0, 1] 754
[0, 0, 0, 1] 757
[0, 0, 0, 1] 758
[0, 0, 0, 1] 763
[0, 0, 0, 1] 772
[0, 0, 0, 1] 776
[0, 0, 0, 1] 803
[0, 0, 0, 1] 830
[0, 0, 0, 1] 837
[0, 0, 0, 1] 845
[0, 0, 0, 1] 853
[0, 0, 0, 1] 855
[0, 0, 0, 1] 867
[0, 0, 0, 1] 874
[0, 0, 0, 1] 897
[0, 0, 0, 1] 901
[0, 0, 0, 1] 914
[0, 0, 0, 1] 929
[0, 0, 0, 1] 950
[0, 0, 0, 1] 975
[0, 0, 0, 1] 976
[0, 0, 0, 1] 998
