VARIABLES 300
NB_OBJ 4
ITEMS
[1, 1, 1, 1] 6
[1, 1, 1, 1] 11
[1, 1, 1, 1] 12
[1, 1, 1, 1] 18
[1, 1, 1, 1] 23
[1, 1, 1, 1] 29
[1, 1, 1, 1] 59
[1, 1, 1, 1] 65
[1, 1, 1, 1] 66
[1, 1, 1, 1] 76
[1, 1, 1, 1] 81
[1, 1, 1, 1] 87
[1, 1, 1, 1] 114
[1, 1, 1, 1] 124
[1, 1, 1, 1] 136
[1, 1, 1, 1] 154
[1, 1, 1, 1] 155
[1, 1, 1, 1] 157
[1, 1, 1, 1] 161
[1, 1, 1, 1] 206
[1, 1, 1, 1] 211
[1, 1, 1, 1] 230
[1, 1, 1, 1] 250
[1, 1, 1, 1] 253
[1, 1, 1, 1] 266
[1, 1, 1, 1] 272
[1, 1, 1, 1] 277
[1, 1, 1, 1] 279
[1, 1, 1, 1] 287
[1, 1, 1, 1] 300
[1, 1, 1, 1] 307
[1, 1, 1, 1] 312
[1, 1, 1, 1] 326
[1, 1, 1, 1] 326
[1, 1, 1, 1] 328
[1, 1, 1, 1] 347
[1, 1, 1, 1] 369
[1, 1, 1, 1] 373
[1, 1, 1, 1] 414
[1, 1, 1, 1] 415
[1, 1, 1, 1] 419
[1, 1, 1, 1] 424
[1, 1, 1, 1] 432
[1, 1, 1, 1] 442
[1, 1, 1, 1] 452
[1, 1, 1, 1] 458
[1, 1, 1, 1] 467
[1, 1, 1, 1] 477
[1, 1, 1, 1] 495
[1, 1, 1, 1] 496
[1, 1, 1, 1] 499
[1, 1, 1, 1] 500
[1, 1, 1, 1] 506
[1, 1, 1, 1] 535
[1, 1, 1, 1] 541
[1, 1, 1, 1] 590
[1, 1, 1, 1] 601
[1, 1, 1, 1] 629
[1, 1, 1, 1] 663
[1, 1, 1, 1] 701
[1, 1, 1, 1] 721
[1, 1, 1, 1] 725
[1, 1, 1, 1] 741
[1, 1, 1, 1] 752
[1, 1, 1, 1] 754
[1, 1, 1, 1] 805
[1, 1, 1, 1] 810
[1, 1, 1, 1] 831
[1, 1, 1, 1] 832
[1, 1, 1, 1] 866
[1, 1, 1, 1] 866
[1, 1, 1, 1] 871
[1, 1, 1, 1] 878
[1, 1, 1, 1] 880
[1, 1, 1, 1] 888
[1, 1, 1, 1] 893
[1, 1, 1, 1] 894
[1, 1, 1, 1] 897
[1, 1, 1, 1] 942
[1, 1, 1, 1] 966
[1, 1, 1, 1] 988
[1, 1, 1, 1] 996
[0, 1, 1, 1] 9
[0, 1, 1, 1] 33
[0, 1, 1, 1] 42
[0, 1, 1, 1] 51
[0, 1, 1, 1] 69
[0, 1, 1, 1] 80
[0, 1, 1, 1] 85
[0, 1, 1, 1] 118
[0, 1, 1, 1] 132
[0, 1, 1, 1] 154
[0, 1, 1, 1] 179
[0, 1, 1, 1] 186
[0, 1, 1, 1] 194
[0, 1, 1, 1] 195
[0, 1, 1, 1] 197
[0, 1, 1, 1] 215
[0, 1, 1, 1] 246
[0, 1, 1, 1] 256
[0, 1, 1, 1] 256
[0, 1, 1, 1] 268
[0, 1, 1, 1] 282
[0, 1, 1, 1] 294
[0, 1, 1, 1] 309
[0, 1, 1, 1] 375
[0, 1, 1, 1] 389
[0, 1, 1, 1] 392
[0, 1, 1, 1] 398
[0, 1, 1, 1] 411
[0, 1, 1, 1] 421
[0, 1, 1, 1] 436
[0, 1, 1, 1] 455
[0, 1, 1, 1] 463
[0, 1, 1, 1] 463
[0, 1, 1, 1] 467
[0, 1, 1, 1] 481
[0, 1, 1, 1] 482
[0, 1, 1, 1] 502
[0, 1, 1, 1] 516
[0, 1, 1, 1] 518
[0, 1, 1, 1] 541
[0, 1, 1, 1] 572
[0, 1, 1, 1] 580
[0, 1, 1, 1] 582
[0, 1, 1, 1] 637
[0, 1, 1, 1] 650
[0, 1, 1, 1] 660
[0, 1, 1, 1] 662
[0, 1, 1, 1] 664
[0, 1, 1, 1] 706
[0, 1, 1, 1] 714
[0, 1, 1, 1] 715
[0, 1, 1, 1] 718
[0, 1, 1, 1] 736
[0, 1, 1, 1] 740
[0, 1, 1, 1] 745
[0, 1, 1, 1] 753
[0, 1, 1, 1] 769
[0, 1, 1, 1] 777
[0, 1, 1, 1] 788
[0, 1, 1, 1] 791
[0, 1, 1, 1] 814
[0, 1, 1, 1] 816
[0, 1, 1, 1] 853
[0, 1, 1, 1] 862
[0, 1, 1, 1] 863
[0, 1, 1, 1] 871
[0, 1, 1, 1] 921
[0, 1, 1, 1] 958
[0, 1, 1, 1] 963
[0, 1, 1, 1] 985
[0, 0, 1, 1] 2
[0, 0, 1, 1] 7
[0, 0, 1, 1] 11
[0, 0, 1, 1] 15
[0, 0, 1, 1] 27
[0, 0, 1, 1] 43
[0, 0, 1, 1] 46
[0, 0, 1, 1] 52
[0, 0, 1, 1] 68
[0, 0, 1, 1] 111
[0, 0, 1, 1] 114
[0, 0, 1, 1] 120
[0, 0, 1, 1] 122
[0, 0, 1, 1] 164
[0, 0, 1, 1] 220
[0, 0, 1, 1] 248
[0, 0, 1, 1] 256
[0, 0, 1, 1] 280
[0, 0, 1, 1] 319
[0, 0, 1, 1] 332
[0, 0, 1, 1] 347
[0, 0, 1, 1] 350
[0, 0, 1, 1] 360
[0, 0, 1, 1] 381
[0, 0, 1, 1] 404
[0, 0, 1, 1] 420
[0, 0, 1, 1] 420
[0, 0, 1, 1] 430
[0, 0, 1, 1] 433
[0, 0, 1, 1] 441
[0, 0, 1, 1] 451
[0, 0, 1, 1] 486
[0, 0, 1, 1] 504
[0, 0, 1, 1] 531
[0, 0, 1, 1] 548
[0, 0, 1, 1] 549
[0, 0, 1, 1] 549
[0, 0, 1, 1] 549
[0, 0, 1, 1] 561
[0, 0, 1, 1] 563
[0, 0, 1, 1] 593
[0, 0, 1, 1] 598
[0, 0, 1, 1] 599
[0, 0, 1, 1] 650
[0, 0, 1, 1] 665
[0, 0, 1, 1] 673
[0, 0, 1, 1] 682
[0, 0, 1, 1] 685
[0, 0, 1, 1] 692
[0, 0, 1, 1] 712
[0, 0, 1, 1] 728
[0, 0, 1, 1] 730
[0, 0, 1, 1] 741
[0, 0, 1, 1] 755
[0, 0, 1, 1] 768
[0, 0, 1, 1] 773
[0, 0, 1, 1] 776
[0, 0, 1, 1] 779
[0, 0, 1, 1] 787
[0, 0, 1, 1] 801
[0, 0, 1, 1] 803
[0, 0, 1, 1] 825
[0, 0, 1, 1] 825
[0, 0, 1, 1] 834
[0, 0, 1, 1] 836
[0, 0, 1, 1] 859
[0, 0, 1, 1] 875
[0, 0, 1, 1] 882
[0, 0, 1, 1] 907
[0, 0, 1, 1] 909
[0, 0, 1, 1] 910
[0, 0, 1, 1] 920
[0, 0, 1, 1] 926
[0, 0, 1, 1] 930
[0, 0, 1, 1] 934
[0, 0, 1, 1] 941
[0, 0, 1, 1] 967
[0, 0, 1, 1] 996
[0, 0, 1, 1] 997
[0, 0, 0, 1] 1
[0, 0, 0, 1] 28
[0, 0, 0, 1] 29
[0, 0, 0, 1] 33
[0, 0, 0, 1] 41
[0, 0, 0, 1] 96
[0, 0, 0, 1] 103
[0, 0, 0, 1] 105
[0, 0, 0, 1] 121
[0, 0, 0, 1] 129
[0, 0, 0, 1] 139
[0, 0, 0, 1] 148
[0, 0, 0, 1] 162
[0, 0, 0, 1] 193
[0, 0, 0, 1] 218
[0, 0, 0, 1] 227
[0, 0, 0, 1] 228
[0, 0, 0, 1] 228
[0, 0, 0, 1] 231
[0, 0, 0, 1] 245
[0, 0, 0, 1] 277
[0, 0, 0, 1] 312
[0, 0, 0, 1] 328
[0, 0, 0, 1] 348
[0, 0, 0, 1] 350
[0, 0, 0, 1] 366
[0, 0, 0, 1] 396
[0, 0, 0, 1] 418
[0, 0, 0, 1] 420
[0, 0, 0, 1] 442
[0, 0, 0, 1] 468
[0, 0, 0, 1] 487
[0, 0, 0, 1] 487
[0, 0, 0, 1] 519
[0, 0, 0, 1] 546
[0, 0, 0, 1] 575
[0, 0, 0, 1] 638
[0, 0, 0, 1] 685
[0, 0, 0, 1] 692
[0, 0, 0, 1] 705
[0, 0, 0, 1] 720
[0, 0, 0, 1] 722
[0, 0, 0, 1] 726
[0, 0, 0, 1] 728
[0, 0, 0, 1] 763
[0, 0, 0, 1] 763
[0, 0, 0, 1] 778
[0, 0, 0, 1] 798
[0, 0, 0, 1] 815
[0, 0, 0, 1] 816
[0, 0, 0, 1] 821
[0, 0, 0, 1] 833
[0, 0, 0, 1] 834
[0, 0, 0, 1] 846
[0, 0, 0, 1] 859
[0, 0, 0, 1] 867
[0, 0, 0, 1] 876
[0, 0, 0, 1] 880
[0, 0, 0, 1] 899
[0, 0, 0, 1] 906
[0, 0, 0, 1] 936
[0, 0, 0, 1] 953
[0, 0, 0, 1] 967
[0, 0, 0, 1] 968
[0, 0, 0, 1] 977
[0, 0, 0, 1] 978
[0, 0, 0, 1] 982
[0, 0, 0, 1] 985
[0, 0, 0, 1] 985
