VARIABLES 300
NB_OBJ 4
ITEMS
[1, 1, 1, 1] 37
[1, 1, 1, 1] 88
[1, 1, 1, 1] 111
[1, 1, 1, 1] 119
[1, 1, 1, 1] 132
[1, 1, 1, 1] 140
[1, 1, 1, 1] 140
[1, 1, 1, 1] 144
[1, 1, 1, 1] 157
[1, 1, 1, 1] 174
[1, 1, 1, 1] 194
[1, 1, 1, 1] 194
[1, 1, 1, 1] 226
[1, 1, 1, 1] 236
[1, 1, 1, 1] 270
[1, 1, 1, 1] 282
[1, 1, 1, 1] 308
[1, 1, 1, 1] 337
[1, 1, 1, 1] 341
[1, 1, 1, 1] 343
[1, 1, 1, 1] 352
[1, 1, 1, 1] 359
[1, 1, 1, 1] 364
[1, 1, 1, 1] 368
[1, 1, 1, 1] 384
[1, 1, 1, 1] 384
[1, 1, 1, 1] 384
[1, 1, 1, 1] 391
[1, 1, 1, 1] 394
[1, 1, 1, 1] 402
[1, 1, 1, 1] 422
[1, 1, 1, 1] 423
[1, 1, 1, 1] 445
[1, 1, 1, 1] 449
[1, 1, 1, 1] 459
[1, 1, 1, 1] 461
[1, 1, 1, 1] 469
[1, 1, 1, 1] 481
[1, 1, 1, 1] 488
[1, 1, 1, 1] 508
[1, 1, 1, 1] 512
[1, 1, 1, 1] 551
[1, 1, 1, 1] 560
[1, 1, 1, 1] 568
[1, 1, 1, 1] 575
[1, 1, 1, 1] 581
[1, 1, 1, 1] 604
[1, 1, 1, 1] 614
[1, 1, 1, 1] 618
[1, 1, 1, 1] 634
[1, 1, 1, 1] 651
[1, 1, 1, 1] 654
[1, 1, 1, 1] 663
[1, 1, 1, 1] 688
[1, 1, 1, 1] 690
[1, 1, 1, 1] 703
[1, 1, 1, 1] 722
[1, 1, 1, 1] 759
[1, 1, 1, 1] 761
[1, 1, 1, 1] 783
[1, 1, 1, 1] 783
[1, 1, 1, 1] 789
[1, 1, 1, 1] 811
[1, 1, 1, 1] 812
[1, 1, 1, 1] 821
[1, 1, 1, 1] 823
[1, 1, 1, 1] 823
[1, 1, 1, 1] 824
[1, 1, 1, 1] 831
[1, 1, 1, 1] 851
[1, 1, 1, 1] 861
[1, 1, 1, 1] 876
[1, 1, 1, 1] 876
[1, 1, 1, 1] 884
[1, 1, 1, 1] 920
[1, 1, 1, 1] 941
[1, 1, 1, 1] 954
[1, 1, 1, 1] 962
[1, 1, 1, 1] 970
[1, 1, 1, 1] 980
[0, 1, 1, 1] 7
[0, 1, 1, 1] 89
[0, 1, 1, 1] 111
[0, 1, 1, 1] 123
[0, 1, 1, 1] 132
[0, 1, 1, 1] 134
[0, 1, 1, 1] 135
[0, 1, 1, 1] 141
[0, 1, 1, 1] 168
[0, 1, 1, 1] 172
[0, 1, 1, 1] 175
[0, 1, 1, 1] 183
[0, 1, 1, 1] 186
[0, 1, 1, 1] 196
[0, 1, 1, 1] 196
[0, 1, 1, 1] 203
[0, 1, 1, 1] 212
[0, 1, 1, 1] 223
[0, 1, 1, 1] 232
[0, 1, 1, 1] 257
[0, 1, 1, 1] 275
[0, 1, 1, 1] 288
[0, 1, 1, 1] 289
[0, 1, 1, 1] 289
[0, 1, 1, 1] 303
[0, 1, 1, 1] 308
[0, 1, 1, 1] 308
[0, 1, 1, 1] 317
[0, 1, 1, 1] 361
[0, 1, 1, 1] 366
[0, 1, 1, 1] 377
[0, 1, 1, 1] 393
[0, 1, 1, 1] 406
[0, 1, 1, 1] 409
[0, 1, 1, 1] 410
[0, 1, 1, 1] 423
[0, 1, 1, 1] 450
[0, 1, 1, 1] 466
[0, 1, 1, 1] 467
[0, 1, 1, 1] 497
[0, 1, 1, 1] 504
[0, 1, 1, 1] 505
[0, 1, 1, 1] 514
[0, 1, 1, 1] 515
[0, 1, 1, 1] 527
[0, 1, 1, 1] 529
[0, 1, 1, 1] 533
[0, 1, 1, 1] 595
[0, 1, 1, 1] 603
[0, 1, 1, 1] 609
[0, 1, 1, 1] 613
[0, 1, 1, 1] 660
[0, 1, 1, 1] 681
[0, 1, 1, 1] 693
[0, 1, 1, 1] 709
[0, 1, 1, 1] 725
[0, 1, 1, 1] 737
[0, 1, 1, 1] 767
[0, 1, 1, 1] 831
[0, 1, 1, 1] 836
[0, 1, 1, 1] 844
[0, 1, 1, 1] 850
[0, 1, 1, 1] 900
[0, 1, 1, 1] 908
[0, 1, 1, 1] 980
[0, 1, 1, 1] 981
[0, 0, 1, 1] 28
[0, 0, 1, 1] 34
[0, 0, 1, 1] 41
[0, 0, 1, 1] 50
[0, 0, 1, 1] 54
[0, 0, 1, 1] 58
[0, 0, 1, 1] 72
[0, 0, 1, 1] 96
[0, 0, 1, 1] 100
[0, 0, 1, 1] 136
[0, 0, 1, 1] 172
[0, 0, 1, 1] 179
[0, 0, 1, 1] 197
[0, 0, 1, 1] 204
[0, 0, 1, 1] 220
[0, 0, 1, 1] 243
[0, 0, 1, 1] 256
[0, 0, 1, 1] 273
[0, 0, 1, 1] 277
[0, 0, 1, 1] 278
[0, 0, 1, 1] 290
[0, 0, 1, 1] 295
[0, 0, 1, 1] 295
[0, 0, 1, 1] 305
[0, 0, 1, 1] 326
[0, 0, 1, 1] 329
[0, 0, 1, 1] 330
[0, 0, 1, 1] 341
[0, 0, 1, 1] 358
[0, 0, 1, 1] 358
[0, 0, 1, 1] 359
[0, 0, 1, 1] 368
[0, 0, 1, 1] 372
[0, 0, 1, 1] 388
[0, 0, 1, 1] 397
[0, 0, 1, 1] 402
[0, 0, 1, 1] 434
[0, 0, 1, 1] 495
[0, 0, 1, 1] 499
[0, 0, 1, 1] 515
[0, 0, 1, 1] 544
[0, 0, 1, 1] 549
[0, 0, 1, 1] 551
[0, 0, 1, 1] 557
[0, 0, 1, 1] 608
[0, 0, 1, 1] 611
[0, 0, 1, 1] 613
[0, 0, 1, 1] 615
[0, 0, 1, 1] 619
[0, 0, 1, 1] 647
[0, 0, 1, 1] 666
[0, 0, 1, 1] 708
[0, 0, 1, 1] 709
[0, 0, 1, 1] 709
[0, 0, 1, 1] 734
[0, 0, 1, 1] 745
[0, 0, 1, 1] 754
[0, 0, 1, 1] 755
[0, 0, 1, 1] 760
[0, 0, 1, 1] 765
[0, 0, 1, 1] 794
[0, 0, 1, 1] 799
[0, 0, 1, 1] 799
[0, 0, 1, 1] 800
[0, 0, 1, 1] 844
[0, 0, 1, 1] 844
[0, 0, 1, 1] 863
[0, 0, 1, 1] 873
[0, 0, 1, 1] 884
[0, 0, 1, 1] 889
[0, 0, 1, 1] 908
[0, 0, 1, 1] 911
[0, 0, 1, 1] 912
[0, 0, 1, 1] 912
[0, 0, 1, 1] 976
[0, 0, 0, 1] 22
[0, 0, 0, 1] 34
[0, 0, 0, 1] 34
[0, 0, 0, 1] 35
[0, 0, 0, 1] 58
[0, 0, 0, 1] 110
[0, 0, 0, 1] 120
[0, 0, 0, 1] 137
[0, 0, 0, 1] 137
[0, 0, 0, 1] 172
[0, 0, 0, 1] 182
[0, 0, 0, 1] 199
[0, 0, 0, 1] 205
[0, 0, 0, 1] 222
[0, 0, 0, 1] 247
[0, 0, 0, 1] 255
[0, 0, 0, 1] 263
[0, 0, 0, 1] 284
[0, 0, 0, 1] 289
[0, 0, 0, 1] 298
[0, 0, 0, 1] 303
[0, 0, 0, 1] 306
[0, 0, 0, 1] 321
[0, 0, 0, 1] 322
[0, 0, 0, 1] 339
[0, 0, 0, 1] 360
[0, 0, 0, 1] 363
[0, 0, 0, 1] 395
[0, 0, 0, 1] 402
[0, 0, 0, 1] 411
[0, 0, 0, 1] 428
[0, 0, 0, 1] 459
[0, 0, 0, 1] 463
[0, 0, 0, 1] 464
[0, 0, 0, 1] 467
[0, 0, 0, 1] 472
[0, 0, 0, 1] 483
[0, 0, 0, 1] 491
[0, 0, 0, 1] 496
[0, 0, 0, 1] 502
[0, 0, 0, 1] 502
[0, 0, 0, 1] 527
[0, 0, 0, 1] 529
[0, 0, 0, 1] 533
[0, 0, 0, 1] 546
[0, 0, 0, 1] 547
[0, 0, 0, 1] 558
[0, 0, 0, 1] 582
[0, 0, 0, 1] 597
[0, 0, 0, 1] 629
[0, 0, 0, 1] 629
[0, 0, 0, 1] 662
[0, 0, 0, 1] 663
[0, 0, 0, 1] 670
[0, 0, 0, 1] 679
[0, 0, 0, 1] 701
[0, 0, 0, 1] 714
[0, 0, 0, 1] 740
[0, 0, 0, 1] 763
[0, 0, 0, 1] 769
[0, 0, 0, 1] 782
[0, 0, 0, 1] 795
[0, 0, 0, 1] 797
[0, 0, 0, 1] 807
[0, 0, 0, 1] 817
[0, 0, 0, 1] 827
[0, 0, 0, 1] 851
[0, 0, 0, 1] 868
[0, 0, 0, 1] 875
[0, 0, 0, 1] 909
[0, 0, 0, 1] 913
[0, 0, 0, 1] 923
[0, 0, 0, 1] 926
[0, 0, 0, 1] 934
[0, 0, 0, 1] 966
[0, 0, 0, 1] 968
[0, 0, 0, 1] 993
[0, 0, 0, 1] 996
[0, 0, 0, 1] 1000
