VARIABLES 300
NB_OBJ 4
ITEMS
[1, 1, 1, 1] 29
[1, 1, 1, 1] 56
[1, 1, 1, 1] 59
[1, 1, 1, 1] 86
[1, 1, 1, 1] 96
[1, 1, 1, 1] 98
[1, 1, 1, 1] 116
[1, 1, 1, 1] 126
[1, 1, 1, 1] 137
[1, 1, 1, 1] 143
[1, 1, 1, 1] 157
[1, 1, 1, 1] 159
[1, 1, 1, 1] 160
[1, 1, 1, 1] 169
[1, 1, 1, 1] 183
[1, 1, 1, 1] 213
[1, 1, 1, 1] 215
[1, 1, 1, 1] 235
[1, 1, 1, 1] 239
[1, 1, 1, 1] 243
[1, 1, 1, 1] 247
[1, 1, 1, 1] 260
[1, 1, 1, 1] 317
[1, 1, 1, 1] 348
[1, 1, 1, 1] 355
[1, 1, 1, 1] 373
[1, 1, 1, 1] 389
[1, 1, 1, 1] 393
[1, 1, 1, 1] 420
[1, 1, 1, 1] 441
[1, 1, 1, 1] 443
[1, 1, 1, 1] 459
[1, 1, 1, 1] 479
[1, 1, 1, 1] 515
[1, 1, 1, 1] 521
[1, 1, 1, 1] 524
[1, 1, 1, 1] 544
[1, 1, 1, 1] 568
[1, 1, 1, 1] 570
[1, 1, 1, 1] 574
[1, 1, 1, 1] 575
[1, 1, 1, 1] 589
[1, 1, 1, 1] 599
[1, 1, 1, 1] 604
[1, 1, 1, 1] 604
[1, 1, 1, 1] 605
[1, 1, 1, 1] 606
[1, 1, 1, 1] 607
[1, 1, 1, 1] 609
[1, 1, 1, 1] 619
[1, 1, 1, 1] 633
[1, 1, 1, 1] 663
[1, 1, 1, 1] 677
[1, 1, 1, 1] 693
[1, 1, 1, 1] 714
[1, 1, 1, 1] 726
[1, 1, 1, 1] 749
[1, 1, 1, 1] 755
[1, 1, 1, 1] 757
[1, 1, 1, 1] 771
[1, 1, 1, 1] 800
[1, 1, 1, 1] 896
[1, 1, 1, 1] 936
[1, 1, 1, 1] 942
[1, 1, 1, 1] 971
[1, 1, 1, 1] 997
[0, 1, 1, 1] 15
[0, 1, 1, 1] 26
[0, 1, 1, 1] 28
[0, 1, 1, 1] 38
[0, 1, 1, 1] 44
[0, 1, 1, 1] 89
[0, 1, 1, 1] 111
[0, 1, 1, 1] 135
[0, 1, 1, 1] 138
[0, 1, 1, 1] 149
[0, 1, 1, 1] 151
[0, 1, 1, 1] 174
[0, 1, 1, 1] 196
[0, 1, 1, 1] 207
[0, 1, 1, 1] 227
[0, 1, 1, 1] 244
[0, 1, 1, 1] 257
[0, 1, 1, 1] 308
[0, 1, 1, 1] 340
[0, 1, 1, 1] 347
[0, 1, 1, 1] 419
[0, 1, 1, 1] 419
[0, 1, 1, 1] 432
[0, 1, 1, 1] 439
[0, 1, 1, 1] 454
[0, 1, 1, 1] 459
[0, 1, 1, 1] 462
[0, 1, 1, 1] 462
[0, 1, 1, 1] 463
[0, 1, 1, 1] 477
[0, 1, 1, 1] 478
[0, 1, 1, 1] 497
[0, 1, 1, 1] 499
[0, 1, 1, 1] 530
[0, 1, 1, 1] 555
[0, 1, 1, 1] 560
[0, 1, 1, 1] 566
[0, 1, 1, 1] 578
[0, 1, 1, 1] 588
[0, 1, 1, 1] 591
[0, 1, 1, 1] 600
[0, 1, 1, 1] 602
[0, 1, 1, 1] 620
[0, 1, 1, 1] 625
[0, 1, 1, 1] 647
[0, 1, 1, 1] 666
[0, 1, 1, 1] 685
[0, 1, 1, 1] 688
[0, 1, 1, 1] 703
[0, 1, 1, 1] 728
[0, 1, 1, 1] 749
[0, 1, 1, 1] 759
[0, 1, 1, 1] 769
[0, 1, 1, 1] 786
[0, 1, 1, 1] 792
[0, 1, 1, 1] 806
[0, 1, 1, 1] 809
[0, 1, 1, 1] 814
[0, 1, 1, 1] 819
[0, 1, 1, 1] 823
[0, 1, 1, 1] 826
[0, 1, 1, 1] 837
[0, 1, 1, 1] 871
[0, 1, 1, 1] 874
[0, 1, 1, 1] 880
[0, 1, 1, 1] 892
[0, 1, 1, 1] 908
[0, 1, 1, 1] 909
[0, 1, 1, 1] 942
[0, 1, 1, 1] 944
[0, 1, 1, 1] 947
[0, 1, 1, 1] 956
[0, 1, 1, 1] 957
[0, 1, 1, 1] 966
[0, 0, 1, 1] 17
[0, 0, 1, 1] 21
[0, 0, 1, 1] 26
[0, 0, 1, 1] 43
[0, 0, 1, 1] 58
[0, 0, 1, 1] 73
[0, 0, 1, 1] 93
[0, 0, 1, 1] 101
[0, 0, 1, 1] 105
[0, 0, 1, 1] 128
[0, 0, 1, 1] 137
[0, 0, 1, 1] 137
[0, 0, 1, 1] 142
[0, 0, 1, 1] 144
[0, 0, 1, 1] 145
[0, 0, 1, 1] 156
[0, 0, 1, 1] 156
[0, 0, 1, 1] 172
[0, 0, 1, 1] 195
[0, 0, 1, 1] 201
[0, 0, 1, 1] 201
[0, 0, 1, 1] 209
[0, 0, 1, 1] 234
[0, 0, 1, 1] 235
[0, 0, 1, 1] 243
[0, 0, 1, 1] 250
[0, 0, 1, 1] 258
[0, 0, 1, 1] 278
[0, 0, 1, 1] 287
[0, 0, 1, 1] 298
[0, 0, 1, 1] 318
[0, 0, 1, 1] 326
[0, 0, 1, 1] 356
[0, 0, 1, 1] 399
[0, 0, 1, 1] 426
[0, 0, 1, 1] 431
[0, 0, 1, 1] 478
[0, 0, 1, 1] 485
[0, 0, 1, 1] 486
[0, 0, 1, 1] 495
[0, 0, 1, 1] 498
[0, 0, 1, 1] 506
[0, 0, 1, 1] 532
[0, 0, 1, 1] 565
[0, 0, 1, 1] 580
[0, 0, 1, 1] 584
[0, 0, 1, 1] 584
[0, 0, 1, 1] 594
[0, 0, 1, 1] 599
[0, 0, 1, 1] 600
[0, 0, 1, 1] 602
[0, 0, 1, 1] 605
[0, 0, 1, 1] 606
[0, 0, 1, 1] 612
[0, 0, 1, 1] 618
[0, 0, 1, 1] 628
[0, 0, 1, 1] 634
[0, 0, 1, 1] 676
[0, 0, 1, 1] 680
[0, 0, 1, 1] 684
[0, 0, 1, 1] 702
[0, 0, 1, 1] 704
[0, 0, 1, 1] 706
[0, 0, 1, 1] 708
[0, 0, 1, 1] 715
[0, 0, 1, 1] 723
[0, 0, 1, 1] 743
[0, 0, 1, 1] 744
[0, 0, 1, 1] 748
[0, 0, 1, 1] 753
[0, 0, 1, 1] 755
[0, 0, 1, 1] 759
[0, 0, 1, 1] 772
[0, 0, 1, 1] 774
[0, 0, 1, 1] 781
[0, 0, 1, 1] 783
[0, 0, 1, 1] 823
[0, 0, 1, 1] 826
[0, 0, 1, 1] 837
[0, 0, 1, 1] 865
[0, 0, 1, 1] 894
[0, 0, 1, 1] 902
[0, 0, 1, 1] 983
[0, 0, 1, 1] 990
[0, 0, 0, 1] 1
[0, 0, 0, 1] 6
[0, 0, 0, 1] 11
[0, 0, 0, 1] 27
[0, 0, 0, 1] 59
[0, 0, 0, 1] 60
[0, 0, 0, 1] 62
[0, 0, 0, 1] 67
[0, 0, 0, 1] 76
[0, 0, 0, 1] 87
[0, 0, 0, 1] 97
[0, 0, 0, 1] 115
[0, 0, 0, 1] 117
[0, 0, 0, 1] 123
[0, 0, 0, 1] 137
[0, 0, 0, 1] 142
[0, 0, 0, 1] 148
[0, 0, 0, 1] 155
[0, 0, 0, 1] 157
[0, 0, 0, 1] 170
[0, 0, 0, 1] 171
[0, 0, 0, 1] 173
[0, 0, 0, 1] 179
[0, 0, 0, 1] 185
[0, 0, 0, 1] 212
[0, 0, 0, 1] 218
[0, 0, 0, 1] 237
[0, 0, 0, 1] 248
[0, 0, 0, 1] 253
[0, 0, 0, 1] 257
[0, 0, 0, 1] 264
[0, 0, 0, 1] 284
[0, 0, 0, 1] 305
[0, 0, 0, 1] 307
[0, 0, 0, 1] 336
[0, 0, 0, 1] 342
[0, 0, 0, 1] 358
[0, 0, 0, 1] 360
[0, 0, 0, 1] 367
[0, 0, 0, 1] 379
[0, 0, 0, 1] 395
[0, 0, 0, 1] 419
[0, 0, 0, 1] 428
[0, 0, 0, 1] 448
[0, 0, 0, 1] 461
[0, 0, 0, 1] 482
[0, 0, 0, 1] 507
[0, 0, 0, 1] 558
[0, 0, 0, 1] 559
[0, 0, 0, 1] 561
[0, 0, 0, 1] 576
[0, 0, 0, 1] 588
[0, 0, 0, 1] 613
[0, 0, 0, 1] 635
[0, 0, 0, 1] 680
[0, 0, 0, 1] 685
[0, 0, 0, 1] 690
[0, 0, 0, 1] 701
[0, 0, 0, 1] 723
[0, 0, 0, 1] 735
[0, 0, 0, 1] 774
[0, 0, 0, 1] 836
[0, 0, 0, 1] 867
[0, 0, 0, 1] 898
[0, 0, 0, 1] 921
[0, 0, 0, 1] 925
[0, 0, 0, 1] 926
[0, 0, 0, 1] 926
[0, 0, 0, 1] 939
[0, 0, 0, 1] 958
[0, 0, 0, 1] 980
[0, 0, 0, 1] 981
[0, 0, 0, 1] 983
[0, 0, 0, 1] 991
[0, 0, 0, 1] 997
[0, 0, 0, 1] 998
