VARIABLES 300
NB_OBJ 4
ITEMS
[1, 1, 1, 1] 1
[1, 1, 1, 1] 12
[1, 1, 1, 1] 13
[1, 1, 1, 1] 73
[1, 1, 1, 1] 82
[1, 1, 1, 1] 104
[1, 1, 1, 1] 106
[1, 1, 1, 1] 117
[1, 1, 1, 1] 169
[1, 1, 1, 1] 171
[1, 1, 1, 1] 194
[1, 1, 1, 1] 210
[1, 1, 1, 1] 272
[1, 1, 1, 1] 278
[1, 1, 1, 1] 299
[1, 1, 1, 1] 305
[1, 1, 1, 1] 318
[1, 1, 1, 1] 324
[1, 1, 1, 1] 331
[1, 1, 1, 1] 342
[1, 1, 1, 1] 343
[1, 1, 1, 1] 360
[1, 1, 1, 1] 371
[1, 1, 1, 1] 373
[1, 1, 1, 1] 378
[1, 1, 1, 1] 389
[1, 1, 1, 1] 404
[1, 1, 1, 1] 447
[1, 1, 1, 1] 449
[1, 1, 1, 1] 457
[1, 1, 1, 1] 494
[1, 1, 1, 1] 503
[1, 1, 1, 1] 503
[1, 1, 1, 1] 521
[1, 1, 1, 1] 542
[1, 1, 1, 1] 543
[1, 1, 1, 1] 543
[1, 1, 1, 1] 546
[1, 1, 1, 1] 547
[1, 1, 1, 1] 551
[1, 1, 1, 1] 571
[1, 1, 1, 1] 598
[1, 1, 1, 1] 614
[1, 1, 1, 1] 620
[1, 1, 1, 1] 668
[1, 1, 1, 1] 668
[1, 1, 1, 1] 687
[1, 1, 1, 1] 689
[1, 1, 1, 1] 715
[1, 1, 1, 1] 737
[1, 1, 1, 1] 741
[1, 1, 1, 1] 741
[1, 1, 1, 1] 758
[1, 1, 1, 1] 770
[1, 1, 1, 1] 772
[1, 1, 1, 1] 778
[1, 1, 1, 1] 795
[1, 1, 1, 1] 835
[1, 1, 1, 1] 836
[1, 1, 1, 1] 842
[1, 1, 1, 1] 895
[1, 1, 1, 1] 898
[1, 1, 1, 1] 899
[1, 1, 1, 1] 922
[1, 1, 1, 1] 942
[1, 1, 1, 1] 951
[1, 1, 1, 1] 953
[1, 1, 1, 1] 961
[1, 1, 1, 1] 977
[1, 1, 1, 1] 990
[1, 1, 1, 1] 1000
[0, 1, 1, 1] 15
[0, 1, 1, 1] 45
[0, 1, 1, 1] 46
[0, 1, 1, 1] 47
[0, 1, 1, 1] 61
[0, 1, 1, 1] 69
[0, 1, 1, 1] 71
[0, 1, 1, 1] 78
[0, 1, 1, 1] 79
[0, 1, 1, 1] 88
[0, 1, 1, 1] 96
[0, 1, 1, 1] 112
[0, 1, 1, 1] 115
[0, 1, 1, 1] 175
[0, 1, 1, 1] 207
[0, 1, 1, 1] 221
[0, 1, 1, 1] 237
[0, 1, 1, 1] 262
[0, 1, 1, 1] 272
[0, 1, 1, 1] 275
[0, 1, 1, 1] 283
[0, 1, 1, 1] 292
[0, 1, 1, 1] 317
[0, 1, 1, 1] 324
[0, 1, 1, 1] 328
[0, 1, 1, 1] 333
[0, 1, 1, 1] 336
[0, 1, 1, 1] 374
[0, 1, 1, 1] 420
[0, 1, 1, 1] 435
[0, 1, 1, 1] 444
[0, 1, 1, 1] 468
[0, 1, 1, 1] 485
[0, 1, 1, 1] 557
[0, 1, 1, 1] 569
[0, 1, 1, 1] 583
[0, 1, 1, 1] 585
[0, 1, 1, 1] 625
[0, 1, 1, 1] 710
[0, 1, 1, 1] 712
[0, 1, 1, 1] 768
[0, 1, 1, 1] 768
[0, 1, 1, 1] 773
[0, 1, 1, 1] 802
[0, 1, 1, 1] 811
[0, 1, 1, 1] 812
[0, 1, 1, 1] 813
[0, 1, 1, 1] 823
[0, 1, 1, 1] 845
[0, 1, 1, 1] 858
[0, 1, 1, 1] 858
[0, 1, 1, 1] 866
[0, 1, 1, 1] 882
[0, 1, 1, 1] 890
[0, 1, 1, 1] 898
[0, 1, 1, 1] 901
[0, 1, 1, 1] 909
[0, 1, 1, 1] 914
[0, 1, 1, 1] 923
[0, 1, 1, 1] 956
[0, 1, 1, 1] 965
[0, 1, 1, 1] 989
[0, 0, 1, 1] 27
[0, 0, 1, 1] 37
[0, 0, 1, 1] 48
[0, 0, 1, 1] 63
[0, 0, 1, 1] 64
[0, 0, 1, 1] 64
[0, 0, 1, 1] 65
[0, 0, 1, 1] 109
[0, 0, 1, 1] 113
[0, 0, 1, 1] 122
[0, 0, 1, 1] 123
[0, 0, 1, 1] 128
[0, 0, 1, 1] 156
[0, 0, 1, 1] 170
[0, 0, 1, 1] 170
[0, 0, 1, 1] 171
[0, 0, 1, 1] 183
[0, 0, 1, 1] 194
[0, 0, 1, 1] 213
[0, 0, 1, 1] 214
[0, 0, 1, 1] 219
[0, 0, 1, 1] 222
[0, 0, 1, 1] 228
[0, 0, 1, 1] 234
[0, 0, 1, 1] 236
[0, 0, 1, 1] 292
[0, 0, 1, 1] 350
[0, 0, 1, 1] 364
[0, 0, 1, 1] 379
[0, 0, 1, 1] 395
[0, 0, 1, 1] 402
[0, 0, 1, 1] 424
[0, 0, 1, 1] 433
[0, 0, 1, 1] 458
[0, 0, 1, 1] 472
[0, 0, 1, 1] 486
[0, 0, 1, 1] 506
[0, 0, 1, 1] 507
[0, 0, 1, 1] 519
[0, 0, 1, 1] 521
[0, 0, 1, 1] 533
[0, 0, 1, 1] 533
[0, 0, 1, 1] 560
[0, 0, 1, 1] 567
[0, 0, 1, 1] 628
[0, 0, 1, 1] 631
[0, 0, 1, 1] 638
[0, 0, 1, 1] 643
[0, 0, 1, 1] 659
[0, 0, 1, 1] 661
[0, 0, 1, 1] 671
[0, 0, 1, 1] 676
[0, 0, 1, 1] 678
[0, 0, 1, 1] 699
[0, 0, 1, 1] 700
[0, 0, 1, 1] 712
[0, 0, 1, 1] 730
[0, 0, 1, 1] 742
[0, 0, 1, 1] 763
[0, 0, 1, 1] 794
[0, 0, 1, 1] 806
[0, 0, 1, 1] 819
[0, 0, 1, 1] 827
[0, 0, 1, 1] 828
[0, 0, 1, 1] 829
[0, 0, 1, 1] 837
[0, 0, 1, 1] 848
[0, 0, 1, 1] 849
[0, 0, 1, 1] 850
[0, 0, 1, 1] 855
[0, 0, 1, 1] 874
[0, 0, 1, 1] 878
[0, 0, 1, 1] 882
[0, 0, 1, 1] 885
[0, 0, 1, 1] 901
[0, 0, 1, 1] 912
[0, 0, 1, 1] 915
[0, 0, 1, 1] 932
[0, 0, 1, 1] 934
[0, 0, 1, 1] 942
[0, 0, 1, 1] 960
[0, 0, 1, 1] 967
[0, 0, 1, 1] 972
[0, 0, 1, 1] 980
[0, 0, 1, 1] 986
[0, 0, 1, 1] 989
[0, 0, 1, 1] 1000
[0, 0, 0, 1] 5
[0, 0, 0, 1] 16
[0, 0, 0, 1] 19
[0, 0, 0, 1] 25
[0, 0, 0, 1] 44
[0, 0, 0, 1] 53
[0, 0, 0, 1] 53
[0, 0, 0, 1] 53
[0, 0, 0, 1] 69
[0, 0, 0, 1] 107
[0, 0, 0, 1] 115
[0, 0, 0, 1] 123
[0, 0, 0, 1] 138
[0, 0, 0, 1] 140
[0, 0, 0, 1] 162
[0, 0, 0, 1] 163
[0, 0, 0, 1] 179
[0, 0, 0, 1] 183
[0, 0, 0, 1] 192
[0, 0, 0, 1] 218
[0, 0, 0, 1] 242
[0, 0, 0, 1] 253
[0, 0, 0, 1] 287
[0, 0, 0, 1] 288
[0, 0, 0, 1] 304
[0, 0, 0, 1] 307
[0, 0, 0, 1] 307
[0, 0, 0, 1] 314
[0, 0, 0, 1] 324
[0, 0, 0, 1] 333
[0, 0, 0, 1] 341
[0, 0, 0, 1] 364
[0, 0, 0, 1] 394
[0, 0, 0, 1] 431
[0, 0, 0, 1] 441
[0, 0, 0, 1] 443
[0, 0, 0, 1] 448
[0, 0, 0, 1] 460
[0, 0, 0, 1] 485
[0, 0, 0, 1] 491
[0, 0, 0, 1] 508
[0, 0, 0, 1] 509
[0, 0, 0, 1] 516
[0, 0, 0, 1] 533
[0, 0, 0, 1] 563
[0, 0, 0, 1] 581
[0, 0, 0, 1] 599
[0, 0, 0, 1] 604
[0, 0, 0, 1] 605
[0, 0, 0, 1] 637
[0, 0, 0, 1] 648
[0, 0, 0, 1] 653
[0, 0, 0, 1] 660
[0, 0, 0, 1] 705
[0, 0, 0, 1] 711
[0, 0, 0, 1] 732
[0, 0, 0, 1] 743
[0, 0, 0, 1] 755
[0, 0, 0, 1] 760
[0, 0, 0, 1] 762
[0, 0, 0, 1] 779
[0, 0, 0, 1] 785
[0, 0, 0, 1] 812
[0, 0, 0, 1] 813
[0, 0, 0, 1] 823
[0, 0, 0, 1] 837
[0, 0, 0, 1] 838
[0, 0, 0, 1] 848
[0, 0, 0, 1] 864
[0, 0, 0, 1] 864
[0, 0, 0, 1] 876
[0, 0, 0, 1] 903
[0, 0, 0, 1] 910
[0, 0, 0, 1] 928
[0, 0, 0, 1] 935
[0, 0, 0, 1] 940
[0, 0, 0, 1] 960
[0, 0, 0, 1] 974
[0, 0, 0, 1] 991
[0, 0, 0, 1] 995
