VARIABLES 300
NB_OBJ 4
ITEMS
[1, 1, 1, 1] 7
[1, 1, 1, 1] 13
[1, 1, 1, 1] 18
[1, 1, 1, 1] 65
[1, 1, 1, 1] 76
[1, 1, 1, 1] 79
[1, 1, 1, 1] 88
[1, 1, 1, 1] 116
[1, 1, 1, 1] 121
[1, 1, 1, 1] 121
[1, 1, 1, 1] 162
[1, 1, 1, 1] 190
[1, 1, 1, 1] 208
[1, 1, 1, 1] 208
[1, 1, 1, 1] 219
[1, 1, 1, 1] 247
[1, 1, 1, 1] 262
[1, 1, 1, 1] 279
[1, 1, 1, 1] 296
[1, 1, 1, 1] 303
[1, 1, 1, 1] 310
[1, 1, 1, 1] 318
[1, 1, 1, 1] 346
[1, 1, 1, 1] 358
[1, 1, 1, 1] 375
[1, 1, 1, 1] 384
[1, 1, 1, 1] 384
[1, 1, 1, 1] 401
[1, 1, 1, 1] 407
[1, 1, 1, 1] 411
[1, 1, 1, 1] 416
[1, 1, 1, 1] 431
[1, 1, 1, 1] 435
[1, 1, 1, 1] 448
[1, 1, 1, 1] 452
[1, 1, 1, 1] 455
[1, 1, 1, 1] 475
[1, 1, 1, 1] 477
[1, 1, 1, 1] 481
[1, 1, 1, 1] 501
[1, 1, 1, 1] 503
[1, 1, 1, 1] 513
[1, 1, 1, 1] 530
[1, 1, 1, 1] 539
[1, 1, 1, 1] 542
[1, 1, 1, 1] 559
[1, 1, 1, 1] 589
[1, 1, 1, 1] 591
[1, 1, 1, 1] 599
[1, 1, 1, 1] 620
[1, 1, 1, 1] 673
[1, 1, 1, 1] 676
[1, 1, 1, 1] 715
[1, 1, 1, 1] 719
[1, 1, 1, 1] 722
[1, 1, 1, 1] 722
[1, 1, 1, 1] 724
[1, 1, 1, 1] 772
[1, 1, 1, 1] 774
[1, 1, 1, 1] 781
[1, 1, 1, 1] 786
[1, 1, 1, 1] 794
[1, 1, 1, 1] 800
[1, 1, 1, 1] 819
[1, 1, 1, 1] 823
[1, 1, 1, 1] 834
[1, 1, 1, 1] 872
[1, 1, 1, 1] 880
[1, 1, 1, 1] 896
[1, 1, 1, 1] 920
[1, 1, 1, 1] 926
[1, 1, 1, 1] 932
[1, 1, 1, 1] 944
[1, 1, 1, 1] 987
[1, 1, 1, 1] 994
[0, 1, 1, 1] 21
[0, 1, 1, 1] 27
[0, 1, 1, 1] 34
[0, 1, 1, 1] 52
[0, 1, 1, 1] 69
[0, 1, 1, 1] 71
[0, 1, 1, 1] 80
[0, 1, 1, 1] 85
[0, 1, 1, 1] 96
[0, 1, 1, 1] 102
[0, 1, 1, 1] 108
[0, 1, 1, 1] 124
[0, 1, 1, 1] 165
[0, 1, 1, 1] 170
[0, 1, 1, 1] 202
[0, 1, 1, 1] 226
[0, 1, 1, 1] 235
[0, 1, 1, 1] 246
[0, 1, 1, 1] 284
[0, 1, 1, 1] 295
[0, 1, 1, 1] 311
[0, 1, 1, 1] 326
[0, 1, 1, 1] 328
[0, 1, 1, 1] 329
[0, 1, 1, 1] 379
[0, 1, 1, 1] 381
[0, 1, 1, 1] 385
[0, 1, 1, 1] 389
[0, 1, 1, 1] 426
[0, 1, 1, 1] 433
[0, 1, 1, 1] 456
[0, 1, 1, 1] 464
[0, 1, 1, 1] 490
[0, 1, 1, 1] 509
[0, 1, 1, 1] 517
[0, 1, 1, 1] 523
[0, 1, 1, 1] 567
[0, 1, 1, 1] 569
[0, 1, 1, 1] 582
[0, 1, 1, 1] 584
[0, 1, 1, 1] 590
[0, 1, 1, 1] 590
[0, 1, 1, 1] 593
[0, 1, 1, 1] 602
[0, 1, 1, 1] 603
[0, 1, 1, 1] 622
[0, 1, 1, 1] 628
[0, 1, 1, 1] 650
[0, 1, 1, 1] 655
[0, 1, 1, 1] 691
[0, 1, 1, 1] 697
[0, 1, 1, 1] 701
[0, 1, 1, 1] 705
[0, 1, 1, 1] 717
[0, 1, 1, 1] 725
[0, 1, 1, 1] 744
[0, 1, 1, 1] 750
[0, 1, 1, 1] 754
[0, 1, 1, 1] 787
[0, 1, 1, 1] 790
[0, 1, 1, 1] 798
[0, 1, 1, 1] 805
[0, 1, 1, 1] 837
[0, 1, 1, 1] 864
[0, 1, 1, 1] 882
[0, 1, 1, 1] 886
[0, 1, 1, 1] 891
[0, 1, 1, 1] 900
[0, 1, 1, 1] 923
[0, 1, 1, 1] 926
[0, 1, 1, 1] 929
[0, 1, 1, 1] 935
[0, 1, 1, 1] 939
[0, 1, 1, 1] 941
[0, 1, 1, 1] 963
[0, 1, 1, 1] 976
[0, 0, 1, 1] 18
[0, 0, 1, 1] 27
[0, 0, 1, 1] 36
[0, 0, 1, 1] 71
[0, 0, 1, 1] 90
[0, 0, 1, 1] 91
[0, 0, 1, 1] 102
[0, 0, 1, 1] 109
[0, 0, 1, 1] 129
[0, 0, 1, 1] 136
[0, 0, 1, 1] 142
[0, 0, 1, 1] 157
[0, 0, 1, 1] 171
[0, 0, 1, 1] 195
[0, 0, 1, 1] 234
[0, 0, 1, 1] 239
[0, 0, 1, 1] 248
[0, 0, 1, 1] 251
[0, 0, 1, 1] 265
[0, 0, 1, 1] 269
[0, 0, 1, 1] 273
[0, 0, 1, 1] 294
[0, 0, 1, 1] 294
[0, 0, 1, 1] 305
[0, 0, 1, 1] 332
[0, 0, 1, 1] 334
[0, 0, 1, 1] 344
[0, 0, 1, 1] 350
[0, 0, 1, 1] 355
[0, 0, 1, 1] 357
[0, 0, 1, 1] 365
[0, 0, 1, 1] 375
[0, 0, 1, 1] 391
[0, 0, 1, 1] 393
[0, 0, 1, 1] 405
[0, 0, 1, 1] 410
[0, 0, 1, 1] 410
[0, 0, 1, 1] 418
[0, 0, 1, 1] 420
[0, 0, 1, 1] 444
[0, 0, 1, 1] 455
[0, 0, 1, 1] 480
[0, 0, 1, 1] 488
[0, 0, 1, 1] 512
[0, 0, 1, 1] 512
[0, 0, 1, 1] 518
[0, 0, 1, 1] 534
[0, 0, 1, 1] 536
[0, 0, 1, 1] 551
[0, 0, 1, 1] 553
[0, 0, 1, 1] 576
[0, 0, 1, 1] 595
[0, 0, 1, 1] 602
[0, 0, 1, 1] 605
[0, 0, 1, 1] 612
[0, 0, 1, 1] 643
[0, 0, 1, 1] 644
[0, 0, 1, 1] 650
[0, 0, 1, 1] 657
[0, 0, 1, 1] 713
[0, 0, 1, 1] 726
[0, 0, 1, 1] 743
[0, 0, 1, 1] 759
[0, 0, 1, 1] 792
[0, 0, 1, 1] 827
[0, 0, 1, 1] 846
[0, 0, 1, 1] 868
[0, 0, 1, 1] 873
[0, 0, 1, 1] 873
[0, 0, 1, 1] 897
[0, 0, 1, 1] 941
[0, 0, 1, 1] 978
[0, 0, 1, 1] 981
[0, 0, 1, 1] 983
[0, 0, 1, 1] 996
[0, 0, 1, 1] 1000
[0, 0, 0, 1] 5
[0, 0, 0, 1] 10
[0, 0, 0, 1] 11
[0, 0, 0, 1] 26
[0, 0, 0, 1] 30
[0, 0, 0, 1] 44
[0, 0, 0, 1] 67
[0, 0, 0, 1] 75
[0, 0, 0, 1] 113
[0, 0, 0, 1] 116
[0, 0, 0, 1] 130
[0, 0, 0, 1] 131
[0, 0, 0, 1] 134
[0, 0, 0, 1] 135
[0, 0, 0, 1] 145
[0, 0, 0, 1] 158
[0, 0, 0, 1] 175
[0, 0, 0, 1] 181
[0, 0, 0, 1] 191
[0, 0, 0, 1] 192
[0, 0, 0, 1] 202
[0, 0, 0, 1] 205
[0, 0, 0, 1] 220
[0, 0, 0, 1] 225
[0, 0, 0, 1] 250
[0, 0, 0, 1] 268
[0, 0, 0, 1] 291
[0, 0, 0, 1] 295
[0, 0, 0, 1] 313
[0, 0, 0, 1] 327
[0, 0, 0, 1] 362
[0, 0, 0, 1] 387
[0, 0, 0, 1] 393
[0, 0, 0, 1] 396
[0, 0, 0, 1] 398
[0, 0, 0, 1] 402
[0, 0, 0, 1] 431
[0, 0, 0, 1] 435
[0, 0, 0, 1] 438
[0, 0, 0, 1] 458
[0, 0, 0, 1] 462
[0, 0, 0, 1] 487
[0, 0, 0, 1] 553
[0, 0, 0, 1] 582
[0, 0, 0, 1] 603
[0, 0, 0, 1] 635
[0, 0, 0, 1] 651
[0, 0, 0, 1] 653
[0, 0, 0, 1] 678
[0, 0, 0, 1] 701
[0, 0, 0, 1] 704
[0, 0, 0, 1] 709
[0, 0, 0, 1] 717
[0, 0, 0, 1] 730
[0, 0, 0, 1] 740
[0, 0, 0, 1] 757
[0, 0, 0, 1] 759
[0, 0, 0, 1] 770
[0, 0, 0, 1] 777
[0, 0, 0, 1] 793
[0, 0, 0, 1] 798
[0, 0, 0, 1] 832
[0, 0, 0, 1] 856
[0, 0, 0, 1] 872
[0, 0, 0, 1] 876
[0, 0, 0, 1] 883
[0, 0, 0, 1] 886
[0, 0, 0, 1] 909
[0, 0, 0, 1] 912
[0, 0, 0, 1] 940
[0, 0, 0, 1] 950
[0, 0, 0, 1] 966
[0, 0, 0, 1] 979
