VARIABLES 300
NB_OBJ 4
ITEMS
[1, 1, 1, 1] 6
[1, 1, 1, 1] 15
[1, 1, 1, 1] 67
[1, 1, 1, 1] 105
[1, 1, 1, 1] 110
[1, 1, 1, 1] 111
[1, 1, 1, 1] 119
[1, 1, 1, 1] 124
[1, 1, 1, 1] 132
[1, 1, 1, 1] 167
[1, 1, 1, 1] 173
[1, 1, 1, 1] 182
[1, 1, 1, 1] 228
[1, 1, 1, 1] 232
[1, 1, 1, 1] 281
[1, 1, 1, 1] 285
[1, 1, 1, 1] 296
[1, 1, 1, 1] 312
[1, 1, 1, 1] 317
[1, 1, 1, 1] 318
[1, 1, 1, 1] 319
[1, 1, 1, 1] 321
[1, 1, 1, 1] 322
[1, 1, 1, 1] 326
[1, 1, 1, 1] 343
[1, 1, 1, 1] 350
[1, 1, 1, 1] 356
[1, 1, 1, 1] 368
[1, 1, 1, 1] 370
[1, 1, 1, 1] 380
[1, 1, 1, 1] 394
[1, 1, 1, 1] 414
[1, 1, 1, 1] 425
[1, 1, 1, 1] 440
[1, 1, 1, 1] 441
[1, 1, 1, 1] 448
[1, 1, 1, 1] 449
[1, 1, 1, 1] 478
[1, 1, 1, 1] 482
[1, 1, 1, 1] 516
[1, 1, 1, 1] 521
[1, 1, 1, 1] 537
[1, 1, 1, 1] 554
[1, 1, 1, 1] 556
[1, 1, 1, 1] 563
[1, 1, 1, 1] 580
[1, 1, 1, 1] 581
[1, 1, 1, 1] 591
[1, 1, 1, 1] 613
[1, 1, 1, 1] 636
[1, 1, 1, 1] 640
[1, 1, 1, 1] 643
[1, 1, 1, 1] 647
[1, 1, 1, 1] 650
[1, 1, 1, 1] 658
[1, 1, 1, 1] 660
[1, 1, 1, 1] 674
[1, 1, 1, 1] 685
[1, 1, 1, 1] 705
[1, 1, 1, 1] 730
[1, 1, 1, 1] 737
[1, 1, 1, 1] 744
[1, 1, 1, 1] 765
[1, 1, 1, 1] 782
[1, 1, 1, 1] 811
[1, 1, 1, 1] 827
[1, 1, 1, 1] 836
[1, 1, 1, 1] 853
[1, 1, 1, 1] 882
[1, 1, 1, 1] 897
[1, 1, 1, 1] 898
[1, 1, 1, 1] 906
[1, 1, 1, 1] 915
[1, 1, 1, 1] 915
[1, 1, 1, 1] 926
[1, 1, 1, 1] 928
[1, 1, 1, 1] 951
[0, 1, 1, 1] 13
[0, 1, 1, 1] 22
[0, 1, 1, 1] 22
[0, 1, 1, 1] 50
[0, 1, 1, 1] 52
[0, 1, 1, 1] 57
[0, 1, 1, 1] 77
[0, 1, 1, 1] 87
[0, 1, 1, 1] 140
[0, 1, 1, 1] 145
[0, 1, 1, 1] 163
[0, 1, 1, 1] 180
[0, 1, 1, 1] 185
[0, 1, 1, 1] 198
[0, 1, 1, 1] 204
[0, 1, 1, 1] 206
[0, 1, 1, 1] 223
[0, 1, 1, 1] 232
[0, 1, 1, 1] 238
[0, 1, 1, 1] 243
[0, 1, 1, 1] 249
[0, 1, 1, 1] 259
[0, 1, 1, 1] 263
[0, 1, 1, 1] 263
[0, 1, 1, 1] 272
[0, 1, 1, 1] 285
[0, 1, 1, 1] 287
[0, 1, 1, 1] 299
[0, 1, 1, 1] 320
[0, 1, 1, 1] 321
[0, 1, 1, 1] 334
[0, 1, 1, 1] 336
[0, 1, 1, 1] 347
[0, 1, 1, 1] 375
[0, 1, 1, 1] 388
[0, 1, 1, 1] 395
[0, 1, 1, 1] 417
[0, 1, 1, 1] 431
[0, 1, 1, 1] 460
[0, 1, 1, 1] 468
[0, 1, 1, 1] 475
[0, 1, 1, 1] 482
[0, 1, 1, 1] 483
[0, 1, 1, 1] 495
[0, 1, 1, 1] 495
[0, 1, 1, 1] 531
[0, 1, 1, 1] 562
[0, 1, 1, 1] 572
[0, 1, 1, 1] 598
[0, 1, 1, 1] 600
[0, 1, 1, 1] 608
[0, 1, 1, 1] 610
[0, 1, 1, 1] 632
[0, 1, 1, 1] 634
[0, 1, 1, 1] 639
[0, 1, 1, 1] 644
[0, 1, 1, 1] 648
[0, 1, 1, 1] 688
[0, 1, 1, 1] 698
[0, 1, 1, 1] 704
[0, 1, 1, 1] 718
[0, 1, 1, 1] 725
[0, 1, 1, 1] 741
[0, 1, 1, 1] 743
[0, 1, 1, 1] 755
[0, 1, 1, 1] 768
[0, 1, 1, 1] 774
[0, 1, 1, 1] 781
[0, 1, 1, 1] 794
[0, 1, 1, 1] 795
[0, 1, 1, 1] 832
[0, 1, 1, 1] 833
[0, 1, 1, 1] 847
[0, 1, 1, 1] 849
[0, 1, 1, 1] 855
[0, 1, 1, 1] 865
[0, 1, 1, 1] 874
[0, 1, 1, 1] 884
[0, 1, 1, 1] 885
[0, 1, 1, 1] 905
[0, 1, 1, 1] 915
[0, 1, 1, 1] 933
[0, 1, 1, 1] 945
[0, 1, 1, 1] 976
[0, 1, 1, 1] 993
[0, 0, 1, 1] 31
[0, 0, 1, 1] 32
[0, 0, 1, 1] 37
[0, 0, 1, 1] 39
[0, 0, 1, 1] 40
[0, 0, 1, 1] 45
[0, 0, 1, 1] 52
[0, 0, 1, 1] 117
[0, 0, 1, 1] 126
[0, 0, 1, 1] 137
[0, 0, 1, 1] 144
[0, 0, 1, 1] 158
[0, 0, 1, 1] 170
[0, 0, 1, 1] 187
[0, 0, 1, 1] 191
[0, 0, 1, 1] 193
[0, 0, 1, 1] 228
[0, 0, 1, 1] 234
[0, 0, 1, 1] 242
[0, 0, 1, 1] 247
[0, 0, 1, 1] 247
[0, 0, 1, 1] 248
[0, 0, 1, 1] 289
[0, 0, 1, 1] 296
[0, 0, 1, 1] 345
[0, 0, 1, 1] 347
[0, 0, 1, 1] 375
[0, 0, 1, 1] 382
[0, 0, 1, 1] 388
[0, 0, 1, 1] 401
[0, 0, 1, 1] 401
[0, 0, 1, 1] 415
[0, 0, 1, 1] 421
[0, 0, 1, 1] 429
[0, 0, 1, 1] 458
[0, 0, 1, 1] 490
[0, 0, 1, 1] 497
[0, 0, 1, 1] 501
[0, 0, 1, 1] 503
[0, 0, 1, 1] 528
[0, 0, 1, 1] 543
[0, 0, 1, 1] 575
[0, 0, 1, 1] 578
[0, 0, 1, 1] 622
[0, 0, 1, 1] 646
[0, 0, 1, 1] 671
[0, 0, 1, 1] 677
[0, 0, 1, 1] 691
[0, 0, 1, 1] 698
[0, 0, 1, 1] 706
[0, 0, 1, 1] 711
[0, 0, 1, 1] 715
[0, 0, 1, 1] 721
[0, 0, 1, 1] 736
[0, 0, 1, 1] 740
[0, 0, 1, 1] 768
[0, 0, 1, 1] 772
[0, 0, 1, 1] 774
[0, 0, 1, 1] 780
[0, 0, 1, 1] 811
[0, 0, 1, 1] 819
[0, 0, 1, 1] 849
[0, 0, 1, 1] 855
[0, 0, 1, 1] 856
[0, 0, 1, 1] 874
[0, 0, 1, 1] 901
[0, 0, 1, 1] 968
[0, 0, 1, 1] 975
[0, 0, 1, 1] 979
[0, 0, 1, 1] 989
[0, 0, 1, 1] 993
[0, 0, 1, 1] 995
[0, 0, 0, 1] 3
[0, 0, 0, 1] 14
[0, 0, 0, 1] 27
[0, 0, 0, 1] 29
[0, 0, 0, 1] 44
[0, 0, 0, 1] 45
[0, 0, 0, 1] 57
[0, 0, 0, 1] 79
[0, 0, 0, 1] 83
[0, 0, 0, 1] 91
[0, 0, 0, 1] 93
[0, 0, 0, 1] 108
[0, 0, 0, 1] 122
[0, 0, 0, 1] 144
[0, 0, 0, 1] 171
[0, 0, 0, 1] 181
[0, 0, 0, 1] 201
[0, 0, 0, 1] 245
[0, 0, 0, 1] 251
[0, 0, 0, 1] 254
[0, 0, 0, 1] 263
[0, 0, 0, 1] 299
[0, 0, 0, 1] 303
[0, 0, 0, 1] 364
[0, 0, 0, 1] 372
[0, 0, 0, 1] 431
[0, 0, 0, 1] 433
[0, 0, 0, 1] 435
[0, 0, 0, 1] 435
[0, 0, 0, 1] 451
[0, 0, 0, 1] 463
[0, 0, 0, 1] 466
[0, 0, 0, 1] 468
[0, 0, 0, 1] 505
[0, 0, 0, 1] 535
[0, 0, 0, 1] 550
[0, 0, 0, 1] 552
[0, 0, 0, 1] 555
[0, 0, 0, 1] 583
[0, 0, 0, 1] 597
[0, 0, 0, 1] 597
[0, 0, 0, 1] 599
[0, 0, 0, 1] 600
[0, 0, 0, 1] 605
[0, 0, 0, 1] 608
[0, 0, 0, 1] 629
[0, 0, 0, 1] 671
[0, 0, 0, 1] 679
[0, 0, 0, 1] 680
[0, 0, 0, 1] 686
[0, 0, 0, 1] 687
[0, 0, 0, 1] 710
[0, 0, 0, 1] 722
[0, 0, 0, 1] 746
[0, 0, 0, 1] 750
[0, 0, 0, 1] 788
[0, 0, 0, 1] 790
[0, 0, 0, 1] 790
[0, 0, 0, 1] 792
[0, 0, 0, 1] 811
[0, 0, 0, 1] 833
[0, 0, 0, 1] 915
[0, 0, 0, 1] 946
[0, 0, 0, 1] 976
[0, 0, 0, 1] 977
[0, 0, 0, 1] 982
