VARIABLES 300
NB_OBJ 4
ITEMS
[1, 1, 1, 1] 9
[1, 1, 1, 1] 30
[1, 1, 1, 1] 46
[1, 1, 1, 1] 56
[1, 1, 1, 1] 66
[1, 1, 1, 1] 89
[1, 1, 1, 1] 94
[1, 1, 1, 1] 125
[1, 1, 1, 1] 129
[1, 1, 1, 1] 131
[1, 1, 1, 1] 131
[1, 1, 1, 1] 143
[1, 1, 1, 1] 147
[1, 1, 1, 1] 147
[1, 1, 1, 1] 156
[1, 1, 1, 1] 167
[1, 1, 1, 1] 182
[1, 1, 1, 1] 186
[1, 1, 1, 1] 216
[1, 1, 1, 1] 224
[1, 1, 1, 1] 225
[1, 1, 1, 1] 236
[1, 1, 1, 1] 246
[1, 1, 1, 1] 265
[1, 1, 1, 1] 270
[1, 1, 1, 1] 275
[1, 1, 1, 1] 282
[1, 1, 1, 1] 288
[1, 1, 1, 1] 294
[1, 1, 1, 1] 335
[1, 1, 1, 1] 338
[1, 1, 1, 1] 364
[1, 1, 1, 1] 390
[1, 1, 1, 1] 396
[1, 1, 1, 1] 408
[1, 1, 1, 1] 423
[1, 1, 1, 1] 429
[1, 1, 1, 1] 440
[1, 1, 1, 1] 450
[1, 1, 1, 1] 460
[1, 1, 1, 1] 490
[1, 1, 1, 1] 500
[1, 1, 1, 1] 502
[1, 1, 1, 1] 514
[1, 1, 1, 1] 526
[1, 1, 1, 1] 552
[1, 1, 1, 1] 557
[1, 1, 1, 1] 573
[1, 1, 1, 1] 577
[1, 1, 1, 1] 593
[1, 1, 1, 1] 611
[1, 1, 1, 1] 617
[1, 1, 1, 1] 624
[1, 1, 1, 1] 633
[1, 1, 1, 1] 634
[1, 1, 1, 1] 641
[1, 1, 1, 1] 654
[1, 1, 1, 1] 681
[1, 1, 1, 1] 685
[1, 1, 1, 1] 739
[1, 1, 1, 1] 746
[1, 1, 1, 1] 758
[1, 1, 1, 1] 763
[1, 1, 1, 1] 765
[1, 1, 1, 1] 780
[1, 1, 1, 1] 782
[1, 1, 1, 1] 795
[1, 1, 1, 1] 809
[1, 1, 1, 1] 821
[1, 1, 1, 1] 825
[1, 1, 1, 1] 830
[1, 1, 1, 1] 840
[1, 1, 1, 1] 842
[1, 1, 1, 1] 891
[1, 1, 1, 1] 906
[1, 1, 1, 1] 913
[1, 1, 1, 1] 925
[1, 1, 1, 1] 944
[1, 1, 1, 1] 945
[1, 1, 1, 1] 967
[1, 1, 1, 1] 991
[0, 1, 1, 1] 15
[0, 1, 1, 1] 16
[0, 1, 1, 1] 21
[0, 1, 1, 1] 37
[0, 1, 1, 1] 57
[0, 1, 1, 1] 65
[0, 1, 1, 1] 91
[0, 1, 1, 1] 103
[0, 1, 1, 1] 127
[0, 1, 1, 1] 160
[0, 1, 1, 1] 163
[0, 1, 1, 1] 171
[0, 1, 1, 1] 185
[0, 1, 1, 1] 197
[0, 1, 1, 1] 208
[0, 1, 1, 1] 211
[0, 1, 1, 1] 215
[0, 1, 1, 1] 225
[0, 1, 1, 1] 254
[0, 1, 1, 1] 274
[0, 1, 1, 1] 287
[0, 1, 1, 1] 309
[0, 1, 1, 1] 324
[0, 1, 1, 1] 333
[0, 1, 1, 1] 362
[0, 1, 1, 1] 376
[0, 1, 1, 1] 388
[0, 1, 1, 1] 414
[0, 1, 1, 1] 430
[0, 1, 1, 1] 437
[0, 1, 1, 1] 469
[0, 1, 1, 1] 489
[0, 1, 1, 1] 502
[0, 1, 1, 1] 532
[0, 1, 1, 1] 536
[0, 1, 1, 1] 538
[0, 1, 1, 1] 627
[0, 1, 1, 1] 674
[0, 1, 1, 1] 691
[0, 1, 1, 1] 717
[0, 1, 1, 1] 726
[0, 1, 1, 1] 734
[0, 1, 1, 1] 740
[0, 1, 1, 1] 779
[0, 1, 1, 1] 782
[0, 1, 1, 1] 789
[0, 1, 1, 1] 791
[0, 1, 1, 1] 792
[0, 1, 1, 1] 810
[0, 1, 1, 1] 834
[0, 1, 1, 1] 853
[0, 1, 1, 1] 856
[0, 1, 1, 1] 876
[0, 1, 1, 1] 899
[0, 1, 1, 1] 902
[0, 1, 1, 1] 922
[0, 1, 1, 1] 942
[0, 1, 1, 1] 953
[0, 1, 1, 1] 955
[0, 1, 1, 1] 958
[0, 1, 1, 1] 970
[0, 1, 1, 1] 982
[0, 1, 1, 1] 986
[0, 1, 1, 1] 993
[0, 1, 1, 1] 994
[0, 0, 1, 1] 16
[0, 0, 1, 1] 26
[0, 0, 1, 1] 32
[0, 0, 1, 1] 48
[0, 0, 1, 1] 49
[0, 0, 1, 1] 51
[0, 0, 1, 1] 65
[0, 0, 1, 1] 83
[0, 0, 1, 1] 84
[0, 0, 1, 1] 109
[0, 0, 1, 1] 117
[0, 0, 1, 1] 124
[0, 0, 1, 1] 132
[0, 0, 1, 1] 133
[0, 0, 1, 1] 141
[0, 0, 1, 1] 152
[0, 0, 1, 1] 202
[0, 0, 1, 1] 206
[0, 0, 1, 1] 218
[0, 0, 1, 1] 228
[0, 0, 1, 1] 247
[0, 0, 1, 1] 267
[0, 0, 1, 1] 296
[0, 0, 1, 1] 305
[0, 0, 1, 1] 306
[0, 0, 1, 1] 315
[0, 0, 1, 1] 338
[0, 0, 1, 1] 344
[0, 0, 1, 1] 348
[0, 0, 1, 1] 361
[0, 0, 1, 1] 366
[0, 0, 1, 1] 368
[0, 0, 1, 1] 378
[0, 0, 1, 1] 387
[0, 0, 1, 1] 390
[0, 0, 1, 1] 399
[0, 0, 1, 1] 436
[0, 0, 1, 1] 449
[0, 0, 1, 1] 454
[0, 0, 1, 1] 457
[0, 0, 1, 1] 460
[0, 0, 1, 1] 460
[0, 0, 1, 1] 482
[0, 0, 1, 1] 484
[0, 0, 1, 1] 495
[0, 0, 1, 1] 502
[0, 0, 1, 1] 520
[0, 0, 1, 1] 548
[0, 0, 1, 1] 549
[0, 0, 1, 1] 560
[0, 0, 1, 1] 565
[0, 0, 1, 1] 571
[0, 0, 1, 1] 580
[0, 0, 1, 1] 599
[0, 0, 1, 1] 618
[0, 0, 1, 1] 620
[0, 0, 1, 1] 626
[0, 0, 1, 1] 637
[0, 0, 1, 1] 667
[0, 0, 1, 1] 668
[0, 0, 1, 1] 680
[0, 0, 1, 1] 707
[0, 0, 1, 1] 742
[0, 0, 1, 1] 745
[0, 0, 1, 1] 788
[0, 0, 1, 1] 793
[0, 0, 1, 1] 802
[0, 0, 1, 1] 807
[0, 0, 1, 1] 808
[0, 0, 1, 1] 815
[0, 0, 1, 1] 823
[0, 0, 1, 1] 844
[0, 0, 1, 1] 861
[0, 0, 1, 1] 863
[0, 0, 1, 1] 875
[0, 0, 1, 1] 882
[0, 0, 1, 1] 896
[0, 0, 1, 1] 932
[0, 0, 1, 1] 942
[0, 0, 1, 1] 995
[0, 0, 0, 1] 48
[0, 0, 0, 1] 49
[0, 0, 0, 1] 74
[0, 0, 0, 1] 78
[0, 0, 0, 1] 93
[0, 0, 0, 1] 101
[0, 0, 0, 1] 121
[0, 0, 0, 1] 123
[0, 0, 0, 1] 141
[0, 0, 0, 1] 170
[0, 0, 0, 1] 224
[0, 0, 0, 1] 245
[0, 0, 0, 1] 245
[0, 0, 0, 1] 253
[0, 0, 0, 1] 266
[0, 0, 0, 1] 279
[0, 0, 0, 1] 297
[0, 0, 0, 1] 321
[0, 0, 0, 1] 355
[0, 0, 0, 1] 363
[0, 0, 0, 1] 372
[0, 0, 0, 1] 377
[0, 0, 0, 1] 388
[0, 0, 0, 1] 395
[0, 0, 0, 1] 396
[0, 0, 0, 1] 399
[0, 0, 0, 1] 409
[0, 0, 0, 1] 490
[0, 0, 0, 1] 493
[0, 0, 0, 1] 507
[0, 0, 0, 1] 548
[0, 0, 0, 1] 568
[0, 0, 0, 1] 572
[0, 0, 0, 1] 583
[0, 0, 0, 1] 591
[0, 0, 0, 1] 591
[0, 0, 0, 1] 610
[0, 0, 0, 1] 619
[0, 0, 0, 1] 645
[0, 0, 0, 1] 660
[0, 0, 0, 1] 661
[0, 0, 0, 1] 671
[0, 0, 0, 1] 674
[0, 0, 0, 1] 684
[0, 0, 0, 1] 684
[0, 0, 0, 1] 712
[0, 0, 0, 1] 713
[0, 0, 0, 1] 743
[0, 0, 0, 1] 754
[0, 0, 0, 1] 757
[0, 0, 0, 1] 760
[0, 0, 0, 1] 801
[0, 0, 0, 1] 802
[0, 0, 0, 1] 816
[0, 0, 0, 1] 827
[0, 0, 0, 1] 828
[0, 0, 0, 1] 838
[0, 0, 0, 1] 846
[0, 0, 0, 1] 853
[0, 0, 0, 1] 861
[0, 0, 0, 1] 865
[0, 0, 0, 1] 884
[0, 0, 0, 1] 893
[0, 0, 0, 1] 904
[0, 0, 0, 1] 917
[0, 0, 0, 1] 924
[0, 0, 0, 1] 939
[0, 0, 0, 1] 939
[0, 0, 0, 1] 940
[0, 0, 0, 1] 951
[0, 0, 0, 1] 957
[0, 0, 0, 1] 962
[0, 0, 0, 1] 966
[0, 0, 0, 1] 985
