VARIABLES 300
NB_OBJ 4
ITEMS
[1, 1, 1, 1] 6
[1, 1, 1, 1] 13
[1, 1, 1, 1] 26
[1, 1, 1, 1] 63
[1, 1, 1, 1] 70
[1, 1, 1, 1] 72
[1, 1, 1, 1] 81
[1, 1, 1, 1] 84
[1, 1, 1, 1] 116
[1, 1, 1, 1] 118
[1, 1, 1, 1] 126
[1, 1, 1, 1] 141
[1, 1, 1, 1] 145
[1, 1, 1, 1] 155
[1, 1, 1, 1] 168
[1, 1, 1, 1] 172
[1, 1, 1, 1] 186
[1, 1, 1, 1] 200
[1, 1, 1, 1] 204
[1, 1, 1, 1] 206
[1, 1, 1, 1] 207
[1, 1, 1, 1] 208
[1, 1, 1, 1] 212
[1, 1, 1, 1] 222
[1, 1, 1, 1] 231
[1, 1, 1, 1] 237
[1, 1, 1, 1] 266
[1, 1, 1, 1] 273
[1, 1, 1, 1] 281
[1, 1, 1, 1] 287
[1, 1, 1, 1] 294
[1, 1, 1, 1] 303
[1, 1, 1, 1] 306
[1, 1, 1, 1] 311
[1, 1, 1, 1] 314
[1, 1, 1, 1] 332
[1, 1, 1, 1] 333
[1, 1, 1, 1] 337
[1, 1, 1, 1] 363
[1, 1, 1, 1] 390
[1, 1, 1, 1] 391
[1, 1, 1, 1] 392
[1, 1, 1, 1] 407
[1, 1, 1, 1] 426
[1, 1, 1, 1] 435
[1, 1, 1, 1] 440
[1, 1, 1, 1] 451
[1, 1, 1, 1] 455
[1, 1, 1, 1] 478
[1, 1, 1, 1] 480
[1, 1, 1, 1] 494
[1, 1, 1, 1] 502
[1, 1, 1, 1] 508
[1, 1, 1, 1] 509
[1, 1, 1, 1] 513
[1, 1, 1, 1] 548
[1, 1, 1, 1] 570
[1, 1, 1, 1] 576
[1, 1, 1, 1] 585
[1, 1, 1, 1] 611
[1, 1, 1, 1] 611
[1, 1, 1, 1] 617
[1, 1, 1, 1] 623
[1, 1, 1, 1] 642
[1, 1, 1, 1] 649
[1, 1, 1, 1] 677
[1, 1, 1, 1] 679
[1, 1, 1, 1] 683
[1, 1, 1, 1] 694
[1, 1, 1, 1] 709
[1, 1, 1, 1] 714
[1, 1, 1, 1] 717
[1, 1, 1, 1] 718
[1, 1, 1, 1] 765
[1, 1, 1, 1] 783
[1, 1, 1, 1] 783
[1, 1, 1, 1] 783
[1, 1, 1, 1] 800
[1, 1, 1, 1] 805
[1, 1, 1, 1] 826
[1, 1, 1, 1] 828
[1, 1, 1, 1] 838
[1, 1, 1, 1] 839
[1, 1, 1, 1] 852
[1, 1, 1, 1] 862
[1, 1, 1, 1] 863
[1, 1, 1, 1] 877
[1, 1, 1, 1] 883
[1, 1, 1, 1] 903
[1, 1, 1, 1] 915
[1, 1, 1, 1] 929
[1, 1, 1, 1] 937
[1, 1, 1, 1] 957
[1, 1, 1, 1] 963
[1, 1, 1, 1] 981
[0, 1, 1, 1] 1
[0, 1, 1, 1] 1
[0, 1, 1, 1] 19
[0, 1, 1, 1] 29
[0, 1, 1, 1] 33
[0, 1, 1, 1] 40
[0, 1, 1, 1] 45
[0, 1, 1, 1] 85
[0, 1, 1, 1] 91
[0, 1, 1, 1] 91
[0, 1, 1, 1] 107
[0, 1, 1, 1] 146
[0, 1, 1, 1] 162
[0, 1, 1, 1] 164
[0, 1, 1, 1] 194
[0, 1, 1, 1] 195
[0, 1, 1, 1] 225
[0, 1, 1, 1] 253
[0, 1, 1, 1] 260
[0, 1, 1, 1] 261
[0, 1, 1, 1] 264
[0, 1, 1, 1] 265
[0, 1, 1, 1] 304
[0, 1, 1, 1] 304
[0, 1, 1, 1] 326
[0, 1, 1, 1] 326
[0, 1, 1, 1] 341
[0, 1, 1, 1] 351
[0, 1, 1, 1] 355
[0, 1, 1, 1] 412
[0, 1, 1, 1] 414
[0, 1, 1, 1] 423
[0, 1, 1, 1] 424
[0, 1, 1, 1] 434
[0, 1, 1, 1] 435
[0, 1, 1, 1] 443
[0, 1, 1, 1] 447
[0, 1, 1, 1] 476
[0, 1, 1, 1] 482
[0, 1, 1, 1] 497
[0, 1, 1, 1] 500
[0, 1, 1, 1] 504
[0, 1, 1, 1] 516
[0, 1, 1, 1] 527
[0, 1, 1, 1] 541
[0, 1, 1, 1] 541
[0, 1, 1, 1] 562
[0, 1, 1, 1] 572
[0, 1, 1, 1] 613
[0, 1, 1, 1] 653
[0, 1, 1, 1] 673
[0, 1, 1, 1] 680
[0, 1, 1, 1] 684
[0, 1, 1, 1] 685
[0, 1, 1, 1] 695
[0, 1, 1, 1] 736
[0, 1, 1, 1] 744
[0, 1, 1, 1] 750
[0, 1, 1, 1] 756
[0, 1, 1, 1] 761
[0, 1, 1, 1] 772
[0, 1, 1, 1] 777
[0, 1, 1, 1] 779
[0, 1, 1, 1] 784
[0, 1, 1, 1] 787
[0, 1, 1, 1] 801
[0, 1, 1, 1] 821
[0, 1, 1, 1] 823
[0, 1, 1, 1] 865
[0, 1, 1, 1] 873
[0, 1, 1, 1] 878
[0, 1, 1, 1] 896
[0, 1, 1, 1] 897
[0, 1, 1, 1] 906
[0, 1, 1, 1] 915
[0, 1, 1, 1] 934
[0, 1, 1, 1] 966
[0, 1, 1, 1] 982
[0, 0, 1, 1] 13
[0, 0, 1, 1] 22
[0, 0, 1, 1] 24
[0, 0, 1, 1] 59
[0, 0, 1, 1] 79
[0, 0, 1, 1] 80
[0, 0, 1, 1] 88
[0, 0, 1, 1] 131
[0, 0, 1, 1] 232
[0, 0, 1, 1] 240
[0, 0, 1, 1] 245
[0, 0, 1, 1] 256
[0, 0, 1, 1] 280
[0, 0, 1, 1] 330
[0, 0, 1, 1] 362
[0, 0, 1, 1] 386
[0, 0, 1, 1] 400
[0, 0, 1, 1] 403
[0, 0, 1, 1] 429
[0, 0, 1, 1] 436
[0, 0, 1, 1] 441
[0, 0, 1, 1] 445
[0, 0, 1, 1] 451
[0, 0, 1, 1] 491
[0, 0, 1, 1] 507
[0, 0, 1, 1] 513
[0, 0, 1, 1] 516
[0, 0, 1, 1] 524
[0, 0, 1, 1] 532
[0, 0, 1, 1] 559
[0, 0, 1, 1] 599
[0, 0, 1, 1] 611
[0, 0, 1, 1] 611
[0, 0, 1, 1] 624
[0, 0, 1, 1] 625
[0, 0, 1, 1] 647
[0, 0, 1, 1] 647
[0, 0, 1, 1] 653
[0, 0, 1, 1] 668
[0, 0, 1, 1] 669
[0, 0, 1, 1] 671
[0, 0, 1, 1] 674
[0, 0, 1, 1] 677
[0, 0, 1, 1] 682
[0, 0, 1, 1] 716
[0, 0, 1, 1] 771
[0, 0, 1, 1] 795
[0, 0, 1, 1] 803
[0, 0, 1, 1] 840
[0, 0, 1, 1] 890
[0, 0, 1, 1] 913
[0, 0, 1, 1] 915
[0, 0, 1, 1] 930
[0, 0, 1, 1] 935
[0, 0, 1, 1] 955
[0, 0, 1, 1] 958
[0, 0, 1, 1] 959
[0, 0, 1, 1] 966
[0, 0, 1, 1] 995
[0, 0, 0, 1] 2
[0, 0, 0, 1] 5
[0, 0, 0, 1] 24
[0, 0, 0, 1] 36
[0, 0, 0, 1] 46
[0, 0, 0, 1] 61
[0, 0, 0, 1] 64
[0, 0, 0, 1] 79
[0, 0, 0, 1] 106
[0, 0, 0, 1] 124
[0, 0, 0, 1] 132
[0, 0, 0, 1] 142
[0, 0, 0, 1] 145
[0, 0, 0, 1] 196
[0, 0, 0, 1] 202
[0, 0, 0, 1] 205
[0, 0, 0, 1] 208
[0, 0, 0, 1] 209
[0, 0, 0, 1] 242
[0, 0, 0, 1] 289
[0, 0, 0, 1] 299
[0, 0, 0, 1] 309
[0, 0, 0, 1] 338
[0, 0, 0, 1] 350
[0, 0, 0, 1] 363
[0, 0, 0, 1] 372
[0, 0, 0, 1] 383
[0, 0, 0, 1] 438
[0, 0, 0, 1] 449
[0, 0, 0, 1] 460
[0, 0, 0, 1] 465
[0, 0, 0, 1] 472
[0, 0, 0, 1] 473
[0, 0, 0, 1] 475
[0, 0, 0, 1] 489
[0, 0, 0, 1] 504
[0, 0, 0, 1] 514
[0, 0, 0, 1] 530
[0, 0, 0, 1] 537
[0, 0, 0, 1] 551
[0, 0, 0, 1] 608
[0, 0, 0, 1] 632
[0, 0, 0, 1] 642
[0, 0, 0, 1] 675
[0, 0, 0, 1] 685
[0, 0, 0, 1] 695
[0, 0, 0, 1] 706
[0, 0, 0, 1] 729
[0, 0, 0, 1] 735
[0, 0, 0, 1] 742
[0, 0, 0, 1] 747
[0, 0, 0, 1] 774
[0, 0, 0, 1] 781
[0, 0, 0, 1] 794
[0, 0, 0, 1] 801
[0, 0, 0, 1] 802
[0, 0, 0, 1] 807
[0, 0, 0, 1] 817
[0, 0, 0, 1] 824
[0, 0, 0, 1] 844
[0, 0, 0, 1] 906
[0, 0, 0, 1] 913
[0, 0, 0, 1] 927
[0, 0, 0, 1] 951
[0, 0, 0, 1] 973
[0, 0, 0, 1] 987
[0, 0, 0, 1] 993
[0, 0, 0, 1] 994
