VARIABLES 300
NB_OBJ 4
ITEMS
[1, 1, 1, 1] 11
[1, 1, 1, 1] 68
[1, 1, 1, 1] 85
[1, 1, 1, 1] 108
[1, 1, 1, 1] 113
[1, 1, 1, 1] 118
[1, 1, 1, 1] 118
[1, 1, 1, 1] 125
[1, 1, 1, 1] 125
[1, 1, 1, 1] 128
[1, 1, 1, 1] 148
[1, 1, 1, 1] 158
[1, 1, 1, 1] 173
[1, 1, 1, 1] 198
[1, 1, 1, 1] 208
[1, 1, 1, 1] 211
[1, 1, 1, 1] 228
[1, 1, 1, 1] 245
[1, 1, 1, 1] 249
[1, 1, 1, 1] 256
[1, 1, 1, 1] 296
[1, 1, 1, 1] 300
[1, 1, 1, 1] 305
[1, 1, 1, 1] 324
[1, 1, 1, 1] 327
[1, 1, 1, 1] 341
[1, 1, 1, 1] 347
[1, 1, 1, 1] 359
[1, 1, 1, 1] 365
[1, 1, 1, 1] 374
[1, 1, 1, 1] 434
[1, 1, 1, 1] 448
[1, 1, 1, 1] 455
[1, 1, 1, 1] 473
[1, 1, 1, 1] 494
[1, 1, 1, 1] 503
[1, 1, 1, 1] 514
[1, 1, 1, 1] 517
[1, 1, 1, 1] 539
[1, 1, 1, 1] 544
[1, 1, 1, 1] 548
[1, 1, 1, 1] 557
[1, 1, 1, 1] 564
[1, 1, 1, 1] 576
[1, 1, 1, 1] 577
[1, 1, 1, 1] 585
[1, 1, 1, 1] 590
[1, 1, 1, 1] 595
[1, 1, 1, 1] 600
[1, 1, 1, 1] 635
[1, 1, 1, 1] 644
[1, 1, 1, 1] 677
[1, 1, 1, 1] 684
[1, 1, 1, 1] 705
[1, 1, 1, 1] 705
[1, 1, 1, 1] 727
[1, 1, 1, 1] 738
[1, 1, 1, 1] 752
[1, 1, 1, 1] 753
[1, 1, 1, 1] 767
[1, 1, 1, 1] 797
[1, 1, 1, 1] 824
[1, 1, 1, 1] 855
[1, 1, 1, 1] 856
[1, 1, 1, 1] 907
[1, 1, 1, 1] 921
[1, 1, 1, 1] 923
[1, 1, 1, 1] 938
[1, 1, 1, 1] 942
[1, 1, 1, 1] 949
[1, 1, 1, 1] 979
[1, 1, 1, 1] 984
[0, 1, 1, 1] 17
[0, 1, 1, 1] 20
[0, 1, 1, 1] 22
[0, 1, 1, 1] 22
[0, 1, 1, 1] 31
[0, 1, 1, 1] 40
[0, 1, 1, 1] 58
[0, 1, 1, 1] 60
[0, 1, 1, 1] 60
[0, 1, 1, 1] 74
[0, 1, 1, 1] 109
[0, 1, 1, 1] 118
[0, 1, 1, 1] 125
[0, 1, 1, 1] 129
[0, 1, 1, 1] 183
[0, 1, 1, 1] 194
[0, 1, 1, 1] 206
[0, 1, 1, 1] 214
[0, 1, 1, 1] 221
[0, 1, 1, 1] 283
[0, 1, 1, 1] 284
[0, 1, 1, 1] 291
[0, 1, 1, 1] 299
[0, 1, 1, 1] 323
[0, 1, 1, 1] 324
[0, 1, 1, 1] 337
[0, 1, 1, 1] 341
[0, 1, 1, 1] 369
[0, 1, 1, 1] 370
[0, 1, 1, 1] 419
[0, 1, 1, 1] 433
[0, 1, 1, 1] 460
[0, 1, 1, 1] 486
[0, 1, 1, 1] 489
[0, 1, 1, 1] 542
[0, 1, 1, 1] 551
[0, 1, 1, 1] 562
[0, 1, 1, 1] 570
[0, 1, 1, 1] 571
[0, 1, 1, 1] 573
[0, 1, 1, 1] 575
[0, 1, 1, 1] 591
[0, 1, 1, 1] 635
[0, 1, 1, 1] 640
[0, 1, 1, 1] 680
[0, 1, 1, 1] 684
[0, 1, 1, 1] 694
[0, 1, 1, 1] 699
[0, 1, 1, 1] 703
[0, 1, 1, 1] 706
[0, 1, 1, 1] 745
[0, 1, 1, 1] 755
[0, 1, 1, 1] 762
[0, 1, 1, 1] 779
[0, 1, 1, 1] 783
[0, 1, 1, 1] 802
[0, 1, 1, 1] 813
[0, 1, 1, 1] 834
[0, 1, 1, 1] 840
[0, 1, 1, 1] 840
[0, 1, 1, 1] 843
[0, 1, 1, 1] 863
[0, 1, 1, 1] 870
[0, 1, 1, 1] 898
[0, 1, 1, 1] 901
[0, 1, 1, 1] 904
[0, 1, 1, 1] 918
[0, 1, 1, 1] 920
[0, 1, 1, 1] 943
[0, 1, 1, 1] 958
[0, 1, 1, 1] 992
[0, 1, 1, 1] 993
[0, 1, 1, 1] 999
[0, 0, 1, 1] 26
[0, 0, 1, 1] 65
[0, 0, 1, 1] 76
[0, 0, 1, 1] 76
[0, 0, 1, 1] 88
[0, 0, 1, 1] 93
[0, 0, 1, 1] 101
[0, 0, 1, 1] 114
[0, 0, 1, 1] 118
[0, 0, 1, 1] 118
[0, 0, 1, 1] 122
[0, 0, 1, 1] 128
[0, 0, 1, 1] 129
[0, 0, 1, 1] 134
[0, 0, 1, 1] 156
[0, 0, 1, 1] 157
[0, 0, 1, 1] 168
[0, 0, 1, 1] 172
[0, 0, 1, 1] 185
[0, 0, 1, 1] 202
[0, 0, 1, 1] 224
[0, 0, 1, 1] 241
[0, 0, 1, 1] 251
[0, 0, 1, 1] 255
[0, 0, 1, 1] 261
[0, 0, 1, 1] 262
[0, 0, 1, 1] 283
[0, 0, 1, 1] 285
[0, 0, 1, 1] 286
[0, 0, 1, 1] 332
[0, 0, 1, 1] 382
[0, 0, 1, 1] 406
[0, 0, 1, 1] 436
[0, 0, 1, 1] 440
[0, 0, 1, 1] 462
[0, 0, 1, 1] 467
[0, 0, 1, 1] 486
[0, 0, 1, 1] 500
[0, 0, 1, 1] 521
[0, 0, 1, 1] 528
[0, 0, 1, 1] 534
[0, 0, 1, 1] 567
[0, 0, 1, 1] 583
[0, 0, 1, 1] 592
[0, 0, 1, 1] 592
[0, 0, 1, 1] 594
[0, 0, 1, 1] 594
[0, 0, 1, 1] 613
[0, 0, 1, 1] 618
[0, 0, 1, 1] 630
[0, 0, 1, 1] 652
[0, 0, 1, 1] 663
[0, 0, 1, 1] 671
[0, 0, 1, 1] 682
[0, 0, 1, 1] 729
[0, 0, 1, 1] 734
[0, 0, 1, 1] 761
[0, 0, 1, 1] 764
[0, 0, 1, 1] 767
[0, 0, 1, 1] 771
[0, 0, 1, 1] 774
[0, 0, 1, 1] 778
[0, 0, 1, 1] 781
[0, 0, 1, 1] 787
[0, 0, 1, 1] 814
[0, 0, 1, 1] 836
[0, 0, 1, 1] 841
[0, 0, 1, 1] 849
[0, 0, 1, 1] 854
[0, 0, 1, 1] 856
[0, 0, 1, 1] 869
[0, 0, 1, 1] 894
[0, 0, 1, 1] 896
[0, 0, 1, 1] 922
[0, 0, 1, 1] 933
[0, 0, 1, 1] 947
[0, 0, 1, 1] 949
[0, 0, 1, 1] 982
[0, 0, 1, 1] 986
[0, 0, 1, 1] 987
[0, 0, 1, 1] 1000
[0, 0, 0, 1] 5
[0, 0, 0, 1] 11
[0, 0, 0, 1] 14
[0, 0, 0, 1] 23
[0, 0, 0, 1] 40
[0, 0, 0, 1] 60
[0, 0, 0, 1] 74
[0, 0, 0, 1] 82
[0, 0, 0, 1] 100
[0, 0, 0, 1] 106
[0, 0, 0, 1] 111
[0, 0, 0, 1] 122
[0, 0, 0, 1] 133
[0, 0, 0, 1] 150
[0, 0, 0, 1] 166
[0, 0, 0, 1] 186
[0, 0, 0, 1] 189
[0, 0, 0, 1] 236
[0, 0, 0, 1] 246
[0, 0, 0, 1] 259
[0, 0, 0, 1] 278
[0, 0, 0, 1] 289
[0, 0, 0, 1] 304
[0, 0, 0, 1] 313
[0, 0, 0, 1] 328
[0, 0, 0, 1] 334
[0, 0, 0, 1] 340
[0, 0, 0, 1] 365
[0, 0, 0, 1] 377
[0, 0, 0, 1] 389
[0, 0, 0, 1] 401
[0, 0, 0, 1] 410
[0, 0, 0, 1] 427
[0, 0, 0, 1] 435
[0, 0, 0, 1] 442
[0, 0, 0, 1] 478
[0, 0, 0, 1] 492
[0, 0, 0, 1] 515
[0, 0, 0, 1] 517
[0, 0, 0, 1] 536
[0, 0, 0, 1] 577
[0, 0, 0, 1] 585
[0, 0, 0, 1] 587
[0, 0, 0, 1] 594
[0, 0, 0, 1] 598
[0, 0, 0, 1] 611
[0, 0, 0, 1] 613
[0, 0, 0, 1] 637
[0, 0, 0, 1] 652
[0, 0, 0, 1] 687
[0, 0, 0, 1] 689
[0, 0, 0, 1] 698
[0, 0, 0, 1] 705
[0, 0, 0, 1] 708
[0, 0, 0, 1] 713
[0, 0, 0, 1] 725
[0, 0, 0, 1] 730
[0, 0, 0, 1] 757
[0, 0, 0, 1] 757
[0, 0, 0, 1] 775
[0, 0, 0, 1] 780
[0, 0, 0, 1] 830
[0, 0, 0, 1] 832
[0, 0, 0, 1] 850
[0, 0, 0, 1] 870
[0, 0, 0, 1] 881
[0, 0, 0, 1] 900
[0, 0, 0, 1] 906
[0, 0, 0, 1] 909
[0, 0, 0, 1] 918
[0, 0, 0, 1] 918
[0, 0, 0, 1] 929
[0, 0, 0, 1] 969
[0, 0, 0, 1] 983
