VARIABLES 300
NB_OBJ 4
ITEMS
[1, 1, 1, 1] 2
[1, 1, 1, 1] 14
[1, 1, 1, 1] 28
[1, 1, 1, 1] 56
[1, 1, 1, 1] 62
[1, 1, 1, 1] 99
[1, 1, 1, 1] 106
[1, 1, 1, 1] 107
[1, 1, 1, 1] 121
[1, 1, 1, 1] 126
[1, 1, 1, 1] 156
[1, 1, 1, 1] 205
[1, 1, 1, 1] 207
[1, 1, 1, 1] 219
[1, 1, 1, 1] 240
[1, 1, 1, 1] 267
[1, 1, 1, 1] 271
[1, 1, 1, 1] 275
[1, 1, 1, 1] 280
[1, 1, 1, 1] 293
[1, 1, 1, 1] 320
[1, 1, 1, 1] 321
[1, 1, 1, 1] 327
[1, 1, 1, 1] 356
[1, 1, 1, 1] 365
[1, 1, 1, 1] 376
[1, 1, 1, 1] 389
[1, 1, 1, 1] 396
[1, 1, 1, 1] 400
[1, 1, 1, 1] 424
[1, 1, 1, 1] 427
[1, 1, 1, 1] 451
[1, 1, 1, 1] 467
[1, 1, 1, 1] 479
[1, 1, 1, 1] 481
[1, 1, 1, 1] 499
[1, 1, 1, 1] 505
[1, 1, 1, 1] 506
[1, 1, 1, 1] 516
[1, 1, 1, 1] 534
[1, 1, 1, 1] 534
[1, 1, 1, 1] 539
[1, 1, 1, 1] 544
[1, 1, 1, 1] 573
[1, 1, 1, 1] 584
[1, 1, 1, 1] 606
[1, 1, 1, 1] 623
[1, 1, 1, 1] 642
[1, 1, 1, 1] 657
[1, 1, 1, 1] 685
[1, 1, 1, 1] 744
[1, 1, 1, 1] 748
[1, 1, 1, 1] 752
[1, 1, 1, 1] 769
[1, 1, 1, 1] 778
[1, 1, 1, 1] 779
[1, 1, 1, 1] 800
[1, 1, 1, 1] 801
[1, 1, 1, 1] 817
[1, 1, 1, 1] 888
[1, 1, 1, 1] 893
[1, 1, 1, 1] 903
[1, 1, 1, 1] 907
[1, 1, 1, 1] 908
[1, 1, 1, 1] 914
[1, 1, 1, 1] 956
[1, 1, 1, 1] 973
[1, 1, 1, 1] 990
[0, 1, 1, 1] 23
[0, 1, 1, 1] 46
[0, 1, 1, 1] 46
[0, 1, 1, 1] 71
[0, 1, 1, 1] 72
[0, 1, 1, 1] 80
[0, 1, 1, 1] 83
[0, 1, 1, 1] 88
[0, 1, 1, 1] 89
[0, 1, 1, 1] 111
[0, 1, 1, 1] 121
[0, 1, 1, 1] 135
[0, 1, 1, 1] 135
[0, 1, 1, 1] 148
[0, 1, 1, 1] 155
[0, 1, 1, 1] 169
[0, 1, 1, 1] 171
[0, 1, 1, 1] 204
[0, 1, 1, 1] 227
[0, 1, 1, 1] 230
[0, 1, 1, 1] 237
[0, 1, 1, 1] 255
[0, 1, 1, 1] 259
[0, 1, 1, 1] 269
[0, 1, 1, 1] 288
[0, 1, 1, 1] 290
[0, 1, 1, 1] 328
[0, 1, 1, 1] 345
[0, 1, 1, 1] 350
[0, 1, 1, 1] 379
[0, 1, 1, 1] 385
[0, 1, 1, 1] 402
[0, 1, 1, 1] 414
[0, 1, 1, 1] 443
[0, 1, 1, 1] 461
[0, 1, 1, 1] 474
[0, 1, 1, 1] 479
[0, 1, 1, 1] 480
[0, 1, 1, 1] 491
[0, 1, 1, 1] 497
[0, 1, 1, 1] 507
[0, 1, 1, 1] 519
[0, 1, 1, 1] 522
[0, 1, 1, 1] 528
[0, 1, 1, 1] 578
[0, 1, 1, 1] 593
[0, 1, 1, 1] 619
[0, 1, 1, 1] 646
[0, 1, 1, 1] 675
[0, 1, 1, 1] 688
[0, 1, 1, 1] 692
[0, 1, 1, 1] 708
[0, 1, 1, 1] 724
[0, 1, 1, 1] 730
[0, 1, 1, 1] 750
[0, 1, 1, 1] 753
[0, 1, 1, 1] 773
[0, 1, 1, 1] 801
[0, 1, 1, 1] 802
[0, 1, 1, 1] 807
[0, 1, 1, 1] 842
[0, 1, 1, 1] 848
[0, 1, 1, 1] 893
[0, 1, 1, 1] 905
[0, 1, 1, 1] 911
[0, 1, 1, 1] 927
[0, 1, 1, 1] 943
[0, 1, 1, 1] 946
[0, 1, 1, 1] 953
[0, 0, 1, 1] 5
[0, 0, 1, 1] 17
[0, 0, 1, 1] 23
[0, 0, 1, 1] 32
[0, 0, 1, 1] 34
[0, 0, 1, 1] 36
[0, 0, 1, 1] 36
[0, 0, 1, 1] 42
[0, 0, 1, 1] 60
[0, 0, 1, 1] 64
[0, 0, 1, 1] 91
[0, 0, 1, 1] 103
[0, 0, 1, 1] 125
[0, 0, 1, 1] 125
[0, 0, 1, 1] 154
[0, 0, 1, 1] 159
[0, 0, 1, 1] 167
[0, 0, 1, 1] 181
[0, 0, 1, 1] 183
[0, 0, 1, 1] 184
[0, 0, 1, 1] 198
[0, 0, 1, 1] 198
[0, 0, 1, 1] 203
[0, 0, 1, 1] 206
[0, 0, 1, 1] 209
[0, 0, 1, 1] 212
[0, 0, 1, 1] 234
[0, 0, 1, 1] 256
[0, 0, 1, 1] 257
[0, 0, 1, 1] 265
[0, 0, 1, 1] 272
[0, 0, 1, 1] 276
[0, 0, 1, 1] 281
[0, 0, 1, 1] 294
[0, 0, 1, 1] 308
[0, 0, 1, 1] 322
[0, 0, 1, 1] 343
[0, 0, 1, 1] 346
[0, 0, 1, 1] 382
[0, 0, 1, 1] 387
[0, 0, 1, 1] 390
[0, 0, 1, 1] 420
[0, 0, 1, 1] 438
[0, 0, 1, 1] 441
[0, 0, 1, 1] 443
[0, 0, 1, 1] 445
[0, 0, 1, 1] 453
[0, 0, 1, 1] 457
[0, 0, 1, 1] 461
[0, 0, 1, 1] 467
[0, 0, 1, 1] 497
[0, 0, 1, 1] 503
[0, 0, 1, 1] 526
[0, 0, 1, 1] 527
[0, 0, 1, 1] 528
[0, 0, 1, 1] 532
[0, 0, 1, 1] 538
[0, 0, 1, 1] 575
[0, 0, 1, 1] 595
[0, 0, 1, 1] 613
[0, 0, 1, 1] 629
[0, 0, 1, 1] 656
[0, 0, 1, 1] 666
[0, 0, 1, 1] 676
[0, 0, 1, 1] 680
[0, 0, 1, 1] 695
[0, 0, 1, 1] 697
[0, 0, 1, 1] 699
[0, 0, 1, 1] 702
[0, 0, 1, 1] 718
[0, 0, 1, 1] 730
[0, 0, 1, 1] 766
[0, 0, 1, 1] 786
[0, 0, 1, 1] 807
[0, 0, 1, 1] 822
[0, 0, 1, 1] 838
[0, 0, 1, 1] 846
[0, 0, 1, 1] 881
[0, 0, 1, 1] 903
[0, 0, 1, 1] 916
[0, 0, 1, 1] 949
[0, 0, 1, 1] 949
[0, 0, 1, 1] 955
[0, 0, 1, 1] 957
[0, 0, 1, 1] 960
[0, 0, 1, 1] 980
[0, 0, 1, 1] 981
[0, 0, 1, 1] 982
[0, 0, 1, 1] 987
[0, 0, 0, 1] 38
[0, 0, 0, 1] 69
[0, 0, 0, 1] 71
[0, 0, 0, 1] 86
[0, 0, 0, 1] 117
[0, 0, 0, 1] 141
[0, 0, 0, 1] 145
[0, 0, 0, 1] 145
[0, 0, 0, 1] 147
[0, 0, 0, 1] 175
[0, 0, 0, 1] 176
[0, 0, 0, 1] 188
[0, 0, 0, 1] 194
[0, 0, 0, 1] 209
[0, 0, 0, 1] 238
[0, 0, 0, 1] 255
[0, 0, 0, 1] 268
[0, 0, 0, 1] 268
[0, 0, 0, 1] 276
[0, 0, 0, 1] 285
[0, 0, 0, 1] 301
[0, 0, 0, 1] 301
[0, 0, 0, 1] 339
[0, 0, 0, 1] 342
[0, 0, 0, 1] 344
[0, 0, 0, 1] 344
[0, 0, 0, 1] 349
[0, 0, 0, 1] 366
[0, 0, 0, 1] 373
[0, 0, 0, 1] 376
[0, 0, 0, 1] 394
[0, 0, 0, 1] 422
[0, 0, 0, 1] 438
[0, 0, 0, 1] 443
[0, 0, 0, 1] 444
[0, 0, 0, 1] 487
[0, 0, 0, 1] 505
[0, 0, 0, 1] 511
[0, 0, 0, 1] 527
[0, 0, 0, 1] 543
[0, 0, 0, 1] 545
[0, 0, 0, 1] 555
[0, 0, 0, 1] 574
[0, 0, 0, 1] 599
[0, 0, 0, 1] 600
[0, 0, 0, 1] 616
[0, 0, 0, 1] 617
[0, 0, 0, 1] 624
[0, 0, 0, 1] 636
[0, 0, 0, 1] 636
[0, 0, 0, 1] 690
[0, 0, 0, 1] 693
[0, 0, 0, 1] 699
[0, 0, 0, 1] 714
[0, 0, 0, 1] 717
[0, 0, 0, 1] 736
[0, 0, 0, 1] 745
[0, 0, 0, 1] 747
[0, 0, 0, 1] 749
[0, 0, 0, 1] 750
[0, 0, 0, 1] 762
[0, 0, 0, 1] 791
[0, 0, 0, 1] 821
[0, 0, 0, 1] 847
[0, 0, 0, 1] 858
[0, 0, 0, 1] 887
[0, 0, 0, 1] 888
[0, 0, 0, 1] 895
[0, 0, 0, 1] 907
[0, 0, 0, 1] 935
[0, 0, 0, 1] 970
[0, 0, 0, 1] 979
[0, 0, 0, 1] 993
[0, 0, 0, 1] 995
