VARIABLES 300
NB_OBJ 4
ITEMS
[1, 1, 1, 1] 19
[1, 1, 1, 1] 31
[1, 1, 1, 1] 38
[1, 1, 1, 1] 83
[1, 1, 1, 1] 93
[1, 1, 1, 1] 101
[1, 1, 1, 1] 111
[1, 1, 1, 1] 134
[1, 1, 1, 1] 154
[1, 1, 1, 1] 171
[1, 1, 1, 1] 176
[1, 1, 1, 1] 178
[1, 1, 1, 1] 184
[1, 1, 1, 1] 184
[1, 1, 1, 1] 188
[1, 1, 1, 1] 197
[1, 1, 1, 1] 226
[1, 1, 1, 1] 227
[1, 1, 1, 1] 228
[1, 1, 1, 1] 241
[1, 1, 1, 1] 241
[1, 1, 1, 1] 283
[1, 1, 1, 1] 337
[1, 1, 1, 1] 343
[1, 1, 1, 1] 354
[1, 1, 1, 1] 368
[1, 1, 1, 1] 371
[1, 1, 1, 1] 373
[1, 1, 1, 1] 381
[1, 1, 1, 1] 386
[1, 1, 1, 1] 387
[1, 1, 1, 1] 401
[1, 1, 1, 1] 415
[1, 1, 1, 1] 425
[1, 1, 1, 1] 434
[1, 1, 1, 1] 441
[1, 1, 1, 1] 445
[1, 1, 1, 1] 448
[1, 1, 1, 1] 449
[1, 1, 1, 1] 453
[1, 1, 1, 1] 469
[1, 1, 1, 1] 494
[1, 1, 1, 1] 497
[1, 1, 1, 1] 505
[1, 1, 1, 1] 509
[1, 1, 1, 1] 519
[1, 1, 1, 1] 524
[1, 1, 1, 1] 527
[1, 1, 1, 1] 539
[1, 1, 1, 1] 540
[1, 1, 1, 1] 545
[1, 1, 1, 1] 551
[1, 1, 1, 1] 558
[1, 1, 1, 1] 567
[1, 1, 1, 1] 567
[1, 1, 1, 1] 576
[1, 1, 1, 1] 577
[1, 1, 1, 1] 580
[1, 1, 1, 1] 587
[1, 1, 1, 1] 595
[1, 1, 1, 1] 598
[1, 1, 1, 1] 614
[1, 1, 1, 1] 624
[1, 1, 1, 1] 630
[1, 1, 1, 1] 649
[1, 1, 1, 1] 684
[1, 1, 1, 1] 685
[1, 1, 1, 1] 703
[1, 1, 1, 1] 708
[1, 1, 1, 1] 722
[1, 1, 1, 1] 726
[1, 1, 1, 1] 750
[1, 1, 1, 1] 752
[1, 1, 1, 1] 760
[1, 1, 1, 1] 769
[1, 1, 1, 1] 778
[1, 1, 1, 1] 814
[1, 1, 1, 1] 833
[1, 1, 1, 1] 843
[1, 1, 1, 1] 851
[1, 1, 1, 1] 871
[1, 1, 1, 1] 890
[1, 1, 1, 1] 896
[1, 1, 1, 1] 905
[1, 1, 1, 1] 918
[1, 1, 1, 1] 936
[1, 1, 1, 1] 944
[1, 1, 1, 1] 950
[1, 1, 1, 1] 973
[1, 1, 1, 1] 1000
[1, 1, 1, 1] 1000
[0, 1, 1, 1] 11
[0, 1, 1, 1] 33
[0, 1, 1, 1] 64
[0, 1, 1, 1] 65
[0, 1, 1, 1] 76
[0, 1, 1, 1] 76
[0, 1, 1, 1] 85
[0, 1, 1, 1] 86
[0, 1, 1, 1] 109
[0, 1, 1, 1] 112
[0, 1, 1, 1] 116
[0, 1, 1, 1] 129
[0, 1, 1, 1] 129
[0, 1, 1, 1] 143
[0, 1, 1, 1] 148
[0, 1, 1, 1] 157
[0, 1, 1, 1] 197
[0, 1, 1, 1] 212
[0, 1, 1, 1] 217
[0, 1, 1, 1] 234
[0, 1, 1, 1] 246
[0, 1, 1, 1] 248
[0, 1, 1, 1] 279
[0, 1, 1, 1] 326
[0, 1, 1, 1] 327
[0, 1, 1, 1] 348
[0, 1, 1, 1] 355
[0, 1, 1, 1] 359
[0, 1, 1, 1] 360
[0, 1, 1, 1] 362
[0, 1, 1, 1] 366
[0, 1, 1, 1] 382
[0, 1, 1, 1] 404
[0, 1, 1, 1] 413
[0, 1, 1, 1] 446
[0, 1, 1, 1] 450
[0, 1, 1, 1] 461
[0, 1, 1, 1] 467
[0, 1, 1, 1] 468
[0, 1, 1, 1] 507
[0, 1, 1, 1] 511
[0, 1, 1, 1] 514
[0, 1, 1, 1] 533
[0, 1, 1, 1] 543
[0, 1, 1, 1] 560
[0, 1, 1, 1] 570
[0, 1, 1, 1] 593
[0, 1, 1, 1] 597
[0, 1, 1, 1] 608
[0, 1, 1, 1] 662
[0, 1, 1, 1] 669
[0, 1, 1, 1] 670
[0, 1, 1, 1] 671
[0, 1, 1, 1] 684
[0, 1, 1, 1] 688
[0, 1, 1, 1] 691
[0, 1, 1, 1] 716
[0, 1, 1, 1] 716
[0, 1, 1, 1] 723
[0, 1, 1, 1] 730
[0, 1, 1, 1] 756
[0, 1, 1, 1] 760
[0, 1, 1, 1] 761
[0, 1, 1, 1] 763
[0, 1, 1, 1] 774
[0, 1, 1, 1] 780
[0, 1, 1, 1] 781
[0, 1, 1, 1] 787
[0, 1, 1, 1] 796
[0, 1, 1, 1] 810
[0, 1, 1, 1] 819
[0, 1, 1, 1] 823
[0, 1, 1, 1] 841
[0, 1, 1, 1] 851
[0, 1, 1, 1] 881
[0, 1, 1, 1] 886
[0, 1, 1, 1] 918
[0, 1, 1, 1] 920
[0, 1, 1, 1] 935
[0, 1, 1, 1] 943
[0, 0, 1, 1] 70
[0, 0, 1, 1] 95
[0, 0, 1, 1] 103
[0, 0, 1, 1] 112
[0, 0, 1, 1] 126
[0, 0, 1, 1] 153
[0, 0, 1, 1] 153
[0, 0, 1, 1] 202
[0, 0, 1, 1] 223
[0, 0, 1, 1] 228
[0, 0, 1, 1] 232
[0, 0, 1, 1] 237
[0, 0, 1, 1] 279
[0, 0, 1, 1] 286
[0, 0, 1, 1] 292
[0, 0, 1, 1] 352
[0, 0, 1, 1] 387
[0, 0, 1, 1] 393
[0, 0, 1, 1] 411
[0, 0, 1, 1] 417
[0, 0, 1, 1] 423
[0, 0, 1, 1] 469
[0, 0, 1, 1] 471
[0, 0, 1, 1] 479
[0, 0, 1, 1] 485
[0, 0, 1, 1] 520
[0, 0, 1, 1] 522
[0, 0, 1, 1] 562
[0, 0, 1, 1] 611
[0, 0, 1, 1] 612
[0, 0, 1, 1] 629
[0, 0, 1, 1] 633
[0, 0, 1, 1] 644
[0, 0, 1, 1] 649
[0, 0, 1, 1] 651
[0, 0, 1, 1] 659
[0, 0, 1, 1] 667
[0, 0, 1, 1] 671
[0, 0, 1, 1] 682
[0, 0, 1, 1] 693
[0, 0, 1, 1] 696
[0, 0, 1, 1] 701
[0, 0, 1, 1] 722
[0, 0, 1, 1] 774
[0, 0, 1, 1] 793
[0, 0, 1, 1] 800
[0, 0, 1, 1] 802
[0, 0, 1, 1] 814
[0, 0, 1, 1] 827
[0, 0, 1, 1] 863
[0, 0, 1, 1] 874
[0, 0, 1, 1] 887
[0, 0, 1, 1] 887
[0, 0, 1, 1] 912
[0, 0, 1, 1] 923
[0, 0, 1, 1] 935
[0, 0, 1, 1] 967
[0, 0, 1, 1] 974
[0, 0, 1, 1] 992
[0, 0, 1, 1] 997
[0, 0, 0, 1] 17
[0, 0, 0, 1] 59
[0, 0, 0, 1] 62
[0, 0, 0, 1] 64
[0, 0, 0, 1] 70
[0, 0, 0, 1] 116
[0, 0, 0, 1] 130
[0, 0, 0, 1] 149
[0, 0, 0, 1] 168
[0, 0, 0, 1] 182
[0, 0, 0, 1] 194
[0, 0, 0, 1] 213
[0, 0, 0, 1] 227
[0, 0, 0, 1] 229
[0, 0, 0, 1] 242
[0, 0, 0, 1] 246
[0, 0, 0, 1] 254
[0, 0, 0, 1] 266
[0, 0, 0, 1] 283
[0, 0, 0, 1] 335
[0, 0, 0, 1] 344
[0, 0, 0, 1] 366
[0, 0, 0, 1] 377
[0, 0, 0, 1] 379
[0, 0, 0, 1] 407
[0, 0, 0, 1] 416
[0, 0, 0, 1] 432
[0, 0, 0, 1] 434
[0, 0, 0, 1] 460
[0, 0, 0, 1] 473
[0, 0, 0, 1] 483
[0, 0, 0, 1] 485
[0, 0, 0, 1] 485
[0, 0, 0, 1] 494
[0, 0, 0, 1] 513
[0, 0, 0, 1] 519
[0, 0, 0, 1] 522
[0, 0, 0, 1] 555
[0, 0, 0, 1] 564
[0, 0, 0, 1] 580
[0, 0, 0, 1] 597
[0, 0, 0, 1] 627
[0, 0, 0, 1] 634
[0, 0, 0, 1] 638
[0, 0, 0, 1] 638
[0, 0, 0, 1] 659
[0, 0, 0, 1] 675
[0, 0, 0, 1] 680
[0, 0, 0, 1] 681
[0, 0, 0, 1] 696
[0, 0, 0, 1] 712
[0, 0, 0, 1] 741
[0, 0, 0, 1] 750
[0, 0, 0, 1] 773
[0, 0, 0, 1] 775
[0, 0, 0, 1] 797
[0, 0, 0, 1] 813
[0, 0, 0, 1] 845
[0, 0, 0, 1] 846
[0, 0, 0, 1] 853
[0, 0, 0, 1] 889
[0, 0, 0, 1] 891
[0, 0, 0, 1] 928
[0, 0, 0, 1] 936
[0, 0, 0, 1] 945
[0, 0, 0, 1] 953
[0, 0, 0, 1] 980
[0, 0, 0, 1] 981
[0, 0, 0, 1] 998
