VARIABLES 300
NB_OBJ 4
ITEMS
[1, 1, 1, 1] 19
[1, 1, 1, 1] 40
[1, 1, 1, 1] 51
[1, 1, 1, 1] 58
[1, 1, 1, 1] 64
[1, 1, 1, 1] 65
[1, 1, 1, 1] 78
[1, 1, 1, 1] 87
[1, 1, 1, 1] 107
[1, 1, 1, 1] 139
[1, 1, 1, 1] 145
[1, 1, 1, 1] 148
[1, 1, 1, 1] 154
[1, 1, 1, 1] 163
[1, 1, 1, 1] 199
[1, 1, 1, 1] 203
[1, 1, 1, 1] 204
[1, 1, 1, 1] 254
[1, 1, 1, 1] 280
[1, 1, 1, 1] 281
[1, 1, 1, 1] 287
[1, 1, 1, 1] 293
[1, 1, 1, 1] 308
[1, 1, 1, 1] 312
[1, 1, 1, 1] 324
[1, 1, 1, 1] 327
[1, 1, 1, 1] 358
[1, 1, 1, 1] 366
[1, 1, 1, 1] 378
[1, 1, 1, 1] 390
[1, 1, 1, 1] 395
[1, 1, 1, 1] 397
[1, 1, 1, 1] 473
[1, 1, 1, 1] 490
[1, 1, 1, 1] 499
[1, 1, 1, 1] 505
[1, 1, 1, 1] 506
[1, 1, 1, 1] 513
[1, 1, 1, 1] 540
[1, 1, 1, 1] 577
[1, 1, 1, 1] 589
[1, 1, 1, 1] 603
[1, 1, 1, 1] 604
[1, 1, 1, 1] 607
[1, 1, 1, 1] 610
[1, 1, 1, 1] 613
[1, 1, 1, 1] 627
[1, 1, 1, 1] 638
[1, 1, 1, 1] 640
[1, 1, 1, 1] 643
[1, 1, 1, 1] 688
[1, 1, 1, 1] 704
[1, 1, 1, 1] 710
[1, 1, 1, 1] 733
[1, 1, 1, 1] 746
[1, 1, 1, 1] 752
[1, 1, 1, 1] 764
[1, 1, 1, 1] 775
[1, 1, 1, 1] 778
[1, 1, 1, 1] 795
[1, 1, 1, 1] 803
[1, 1, 1, 1] 846
[1, 1, 1, 1] 850
[1, 1, 1, 1] 850
[1, 1, 1, 1] 855
[1, 1, 1, 1] 860
[1, 1, 1, 1] 868
[1, 1, 1, 1] 871
[1, 1, 1, 1] 873
[1, 1, 1, 1] 906
[1, 1, 1, 1] 952
[1, 1, 1, 1] 979
[1, 1, 1, 1] 983
[1, 1, 1, 1] 999
[0, 1, 1, 1] 13
[0, 1, 1, 1] 18
[0, 1, 1, 1] 25
[0, 1, 1, 1] 31
[0, 1, 1, 1] 38
[0, 1, 1, 1] 54
[0, 1, 1, 1] 61
[0, 1, 1, 1] 61
[0, 1, 1, 1] 73
[0, 1, 1, 1] 77
[0, 1, 1, 1] 97
[0, 1, 1, 1] 119
[0, 1, 1, 1] 143
[0, 1, 1, 1] 188
[0, 1, 1, 1] 189
[0, 1, 1, 1] 206
[0, 1, 1, 1] 213
[0, 1, 1, 1] 224
[0, 1, 1, 1] 250
[0, 1, 1, 1] 252
[0, 1, 1, 1] 256
[0, 1, 1, 1] 275
[0, 1, 1, 1] 284
[0, 1, 1, 1] 285
[0, 1, 1, 1] 289
[0, 1, 1, 1] 298
[0, 1, 1, 1] 303
[0, 1, 1, 1] 317
[0, 1, 1, 1] 327
[0, 1, 1, 1] 355
[0, 1, 1, 1] 371
[0, 1, 1, 1] 396
[0, 1, 1, 1] 397
[0, 1, 1, 1] 398
[0, 1, 1, 1] 400
[0, 1, 1, 1] 426
[0, 1, 1, 1] 449
[0, 1, 1, 1] 456
[0, 1, 1, 1] 460
[0, 1, 1, 1] 464
[0, 1, 1, 1] 465
[0, 1, 1, 1] 475
[0, 1, 1, 1] 477
[0, 1, 1, 1] 479
[0, 1, 1, 1] 497
[0, 1, 1, 1] 498
[0, 1, 1, 1] 507
[0, 1, 1, 1] 517
[0, 1, 1, 1] 519
[0, 1, 1, 1] 523
[0, 1, 1, 1] 525
[0, 1, 1, 1] 528
[0, 1, 1, 1] 536
[0, 1, 1, 1] 552
[0, 1, 1, 1] 579
[0, 1, 1, 1] 585
[0, 1, 1, 1] 604
[0, 1, 1, 1] 625
[0, 1, 1, 1] 635
[0, 1, 1, 1] 645
[0, 1, 1, 1] 646
[0, 1, 1, 1] 648
[0, 1, 1, 1] 653
[0, 1, 1, 1] 659
[0, 1, 1, 1] 667
[0, 1, 1, 1] 685
[0, 1, 1, 1] 690
[0, 1, 1, 1] 699
[0, 1, 1, 1] 709
[0, 1, 1, 1] 711
[0, 1, 1, 1] 720
[0, 1, 1, 1] 732
[0, 1, 1, 1] 757
[0, 1, 1, 1] 770
[0, 1, 1, 1] 785
[0, 1, 1, 1] 790
[0, 1, 1, 1] 818
[0, 1, 1, 1] 823
[0, 1, 1, 1] 825
[0, 1, 1, 1] 835
[0, 1, 1, 1] 849
[0, 1, 1, 1] 858
[0, 1, 1, 1] 898
[0, 1, 1, 1] 908
[0, 1, 1, 1] 995
[0, 1, 1, 1] 997
[0, 0, 1, 1] 16
[0, 0, 1, 1] 28
[0, 0, 1, 1] 38
[0, 0, 1, 1] 45
[0, 0, 1, 1] 72
[0, 0, 1, 1] 93
[0, 0, 1, 1] 96
[0, 0, 1, 1] 119
[0, 0, 1, 1] 125
[0, 0, 1, 1] 126
[0, 0, 1, 1] 140
[0, 0, 1, 1] 147
[0, 0, 1, 1] 152
[0, 0, 1, 1] 156
[0, 0, 1, 1] 162
[0, 0, 1, 1] 176
[0, 0, 1, 1] 186
[0, 0, 1, 1] 200
[0, 0, 1, 1] 208
[0, 0, 1, 1] 229
[0, 0, 1, 1] 253
[0, 0, 1, 1] 259
[0, 0, 1, 1] 262
[0, 0, 1, 1] 281
[0, 0, 1, 1] 285
[0, 0, 1, 1] 303
[0, 0, 1, 1] 307
[0, 0, 1, 1] 316
[0, 0, 1, 1] 326
[0, 0, 1, 1] 340
[0, 0, 1, 1] 387
[0, 0, 1, 1] 391
[0, 0, 1, 1] 435
[0, 0, 1, 1] 442
[0, 0, 1, 1] 450
[0, 0, 1, 1] 462
[0, 0, 1, 1] 476
[0, 0, 1, 1] 478
[0, 0, 1, 1] 489
[0, 0, 1, 1] 511
[0, 0, 1, 1] 518
[0, 0, 1, 1] 543
[0, 0, 1, 1] 544
[0, 0, 1, 1] 558
[0, 0, 1, 1] 569
[0, 0, 1, 1] 587
[0, 0, 1, 1] 591
[0, 0, 1, 1] 609
[0, 0, 1, 1] 645
[0, 0, 1, 1] 655
[0, 0, 1, 1] 658
[0, 0, 1, 1] 661
[0, 0, 1, 1] 674
[0, 0, 1, 1] 728
[0, 0, 1, 1] 733
[0, 0, 1, 1] 750
[0, 0, 1, 1] 773
[0, 0, 1, 1] 796
[0, 0, 1, 1] 811
[0, 0, 1, 1] 815
[0, 0, 1, 1] 853
[0, 0, 1, 1] 854
[0, 0, 1, 1] 860
[0, 0, 1, 1] 864
[0, 0, 1, 1] 874
[0, 0, 1, 1] 887
[0, 0, 1, 1] 891
[0, 0, 1, 1] 914
[0, 0, 1, 1] 939
[0, 0, 1, 1] 954
[0, 0, 1, 1] 962
[0, 0, 1, 1] 967
[0, 0, 1, 1] 976
[0, 0, 1, 1] 990
[0, 0, 0, 1] 28
[0, 0, 0, 1] 38
[0, 0, 0, 1] 52
[0, 0, 0, 1] 62
[0, 0, 0, 1] 70
[0, 0, 0, 1] 75
[0, 0, 0, 1] 111
[0, 0, 0, 1] 116
[0, 0, 0, 1] 117
[0, 0, 0, 1] 161
[0, 0, 0, 1] 178
[0, 0, 0, 1] 189
[0, 0, 0, 1] 203
[0, 0, 0, 1] 218
[0, 0, 0, 1] 239
[0, 0, 0, 1] 240
[0, 0, 0, 1] 241
[0, 0, 0, 1] 242
[0, 0, 0, 1] 260
[0, 0, 0, 1] 263
[0, 0, 0, 1] 266
[0, 0, 0, 1] 291
[0, 0, 0, 1] 296
[0, 0, 0, 1] 304
[0, 0, 0, 1] 320
[0, 0, 0, 1] 323
[0, 0, 0, 1] 326
[0, 0, 0, 1] 360
[0, 0, 0, 1] 368
[0, 0, 0, 1] 412
[0, 0, 0, 1] 413
[0, 0, 0, 1] 427
[0, 0, 0, 1] 518
[0, 0, 0, 1] 519
[0, 0, 0, 1] 520
[0, 0, 0, 1] 535
[0, 0, 0, 1] 549
[0, 0, 0, 1] 592
[0, 0, 0, 1] 601
[0, 0, 0, 1] 625
[0, 0, 0, 1] 643
[0, 0, 0, 1] 645
[0, 0, 0, 1] 674
[0, 0, 0, 1] 674
[0, 0, 0, 1] 698
[0, 0, 0, 1] 739
[0, 0, 0, 1] 739
[0, 0, 0, 1] 750
[0, 0, 0, 1] 758
[0, 0, 0, 1] 809
[0, 0, 0, 1] 811
[0, 0, 0, 1] 811
[0, 0, 0, 1] 816
[0, 0, 0, 1] 826
[0, 0, 0, 1] 827
[0, 0, 0, 1] 921
[0, 0, 0, 1] 924
[0, 0, 0, 1] 926
[0, 0, 0, 1] 931
[0, 0, 0, 1] 941
[0, 0, 0, 1] 959
[0, 0, 0, 1] 968
[0, 0, 0, 1] 977
[0, 0, 0, 1] 983
[0, 0, 0, 1] 985
[0, 0, 0, 1] 1000
