VARIABLES 300
NB_OBJ 4
ITEMS
[1, 1, 1, 1] 31
[1, 1, 1, 1] 35
[1, 1, 1, 1] 56
[1, 1, 1, 1] 77
[1, 1, 1, 1] 89
[1, 1, 1, 1] 131
[1, 1, 1, 1] 134
[1, 1, 1, 1] 150
[1, 1, 1, 1] 163
[1, 1, 1, 1] 164
[1, 1, 1, 1] 165
[1, 1, 1, 1] 178
[1, 1, 1, 1] 187
[1, 1, 1, 1] 187
[1, 1, 1, 1] 206
[1, 1, 1, 1] 211
[1, 1, 1, 1] 216
[1, 1, 1, 1] 292
[1, 1, 1, 1] 318
[1, 1, 1, 1] 320
[1, 1, 1, 1] 336
[1, 1, 1, 1] 340
[1, 1, 1, 1] 379
[1, 1, 1, 1] 391
[1, 1, 1, 1] 408
[1, 1, 1, 1] 456
[1, 1, 1, 1] 471
[1, 1, 1, 1] 474
[1, 1, 1, 1] 482
[1, 1, 1, 1] 486
[1, 1, 1, 1] 506
[1, 1, 1, 1] 506
[1, 1, 1, 1] 509
[1, 1, 1, 1] 544
[1, 1, 1, 1] 553
[1, 1, 1, 1] 571
[1, 1, 1, 1] 581
[1, 1, 1, 1] 596
[1, 1, 1, 1] 621
[1, 1, 1, 1] 622
[1, 1, 1, 1] 623
[1, 1, 1, 1] 624
[1, 1, 1, 1] 645
[1, 1, 1, 1] 648
[1, 1, 1, 1] 676
[1, 1, 1, 1] 691
[1, 1, 1, 1] 709
[1, 1, 1, 1] 743
[1, 1, 1, 1] 753
[1, 1, 1, 1] 757
[1, 1, 1, 1] 762
[1, 1, 1, 1] 767
[1, 1, 1, 1] 772
[1, 1, 1, 1] 788
[1, 1, 1, 1] 795
[1, 1, 1, 1] 812
[1, 1, 1, 1] 822
[1, 1, 1, 1] 835
[1, 1, 1, 1] 865
[1, 1, 1, 1] 865
[1, 1, 1, 1] 876
[1, 1, 1, 1] 900
[1, 1, 1, 1] 901
[1, 1, 1, 1] 901
[1, 1, 1, 1] 923
[1, 1, 1, 1] 924
[1, 1, 1, 1] 948
[1, 1, 1, 1] 961
[1, 1, 1, 1] 981
[1, 1, 1, 1] 987
[0, 1, 1, 1] 2
[0, 1, 1, 1] 2
[0, 1, 1, 1] 14
[0, 1, 1, 1] 26
[0, 1, 1, 1] 36
[0, 1, 1, 1] 70
[0, 1, 1, 1] 96
[0, 1, 1, 1] 115
[0, 1, 1, 1] 118
[0, 1, 1, 1] 119
[0, 1, 1, 1] 138
[0, 1, 1, 1] 139
[0, 1, 1, 1] 199
[0, 1, 1, 1] 247
[0, 1, 1, 1] 268
[0, 1, 1, 1] 269
[0, 1, 1, 1] 270
[0, 1, 1, 1] 273
[0, 1, 1, 1] 273
[0, 1, 1, 1] 278
[0, 1, 1, 1] 307
[0, 1, 1, 1] 312
[0, 1, 1, 1] 329
[0, 1, 1, 1] 360
[0, 1, 1, 1] 380
[0, 1, 1, 1] 429
[0, 1, 1, 1] 479
[0, 1, 1, 1] 480
[0, 1, 1, 1] 496
[0, 1, 1, 1] 524
[0, 1, 1, 1] 524
[0, 1, 1, 1] 540
[0, 1, 1, 1] 544
[0, 1, 1, 1] 561
[0, 1, 1, 1] 579
[0, 1, 1, 1] 580
[0, 1, 1, 1] 584
[0, 1, 1, 1] 597
[0, 1, 1, 1] 619
[0, 1, 1, 1] 620
[0, 1, 1, 1] 622
[0, 1, 1, 1] 636
[0, 1, 1, 1] 666
[0, 1, 1, 1] 677
[0, 1, 1, 1] 691
[0, 1, 1, 1] 708
[0, 1, 1, 1] 712
[0, 1, 1, 1] 718
[0, 1, 1, 1] 720
[0, 1, 1, 1] 728
[0, 1, 1, 1] 734
[0, 1, 1, 1] 746
[0, 1, 1, 1] 748
[0, 1, 1, 1] 752
[0, 1, 1, 1] 771
[0, 1, 1, 1] 804
[0, 1, 1, 1] 811
[0, 1, 1, 1] 828
[0, 1, 1, 1] 842
[0, 1, 1, 1] 846
[0, 1, 1, 1] 867
[0, 1, 1, 1] 867
[0, 1, 1, 1] 884
[0, 1, 1, 1] 884
[0, 1, 1, 1] 901
[0, 1, 1, 1] 910
[0, 1, 1, 1] 939
[0, 1, 1, 1] 955
[0, 1, 1, 1] 965
[0, 1, 1, 1] 969
[0, 1, 1, 1] 986
[0, 0, 1, 1] 5
[0, 0, 1, 1] 31
[0, 0, 1, 1] 40
[0, 0, 1, 1] 47
[0, 0, 1, 1] 93
[0, 0, 1, 1] 115
[0, 0, 1, 1] 117
[0, 0, 1, 1] 138
[0, 0, 1, 1] 142
[0, 0, 1, 1] 147
[0, 0, 1, 1] 149
[0, 0, 1, 1] 163
[0, 0, 1, 1] 164
[0, 0, 1, 1] 167
[0, 0, 1, 1] 168
[0, 0, 1, 1] 204
[0, 0, 1, 1] 226
[0, 0, 1, 1] 241
[0, 0, 1, 1] 269
[0, 0, 1, 1] 277
[0, 0, 1, 1] 331
[0, 0, 1, 1] 352
[0, 0, 1, 1] 354
[0, 0, 1, 1] 357
[0, 0, 1, 1] 406
[0, 0, 1, 1] 420
[0, 0, 1, 1] 421
[0, 0, 1, 1] 441
[0, 0, 1, 1] 453
[0, 0, 1, 1] 457
[0, 0, 1, 1] 492
[0, 0, 1, 1] 498
[0, 0, 1, 1] 536
[0, 0, 1, 1] 537
[0, 0, 1, 1] 537
[0, 0, 1, 1] 542
[0, 0, 1, 1] 554
[0, 0, 1, 1] 558
[0, 0, 1, 1] 565
[0, 0, 1, 1] 575
[0, 0, 1, 1] 583
[0, 0, 1, 1] 596
[0, 0, 1, 1] 646
[0, 0, 1, 1] 653
[0, 0, 1, 1] 722
[0, 0, 1, 1] 741
[0, 0, 1, 1] 749
[0, 0, 1, 1] 750
[0, 0, 1, 1] 753
[0, 0, 1, 1] 764
[0, 0, 1, 1] 785
[0, 0, 1, 1] 795
[0, 0, 1, 1] 801
[0, 0, 1, 1] 805
[0, 0, 1, 1] 805
[0, 0, 1, 1] 809
[0, 0, 1, 1] 813
[0, 0, 1, 1] 814
[0, 0, 1, 1] 833
[0, 0, 1, 1] 840
[0, 0, 1, 1] 859
[0, 0, 1, 1] 862
[0, 0, 1, 1] 897
[0, 0, 1, 1] 911
[0, 0, 1, 1] 923
[0, 0, 1, 1] 929
[0, 0, 1, 1] 964
[0, 0, 1, 1] 965
[0, 0, 1, 1] 979
[0, 0, 1, 1] 998
[0, 0, 0, 1] 2
[0, 0, 0, 1] 14
[0, 0, 0, 1] 27
[0, 0, 0, 1] 30
[0, 0, 0, 1] 59
[0, 0, 0, 1] 65
[0, 0, 0, 1] 85
[0, 0, 0, 1] 87
[0, 0, 0, 1] 96
[0, 0, 0, 1] 99
[0, 0, 0, 1] 120
[0, 0, 0, 1] 140
[0, 0, 0, 1] 150
[0, 0, 0, 1] 160
[0, 0, 0, 1] 177
[0, 0, 0, 1] 184
[0, 0, 0, 1] 185
[0, 0, 0, 1] 190
[0, 0, 0, 1] 191
[0, 0, 0, 1] 242
[0, 0, 0, 1] 242
[0, 0, 0, 1] 245
[0, 0, 0, 1] 270
[0, 0, 0, 1] 276
[0, 0, 0, 1] 291
[0, 0, 0, 1] 294
[0, 0, 0, 1] 294
[0, 0, 0, 1] 306
[0, 0, 0, 1] 313
[0, 0, 0, 1] 325
[0, 0, 0, 1] 377
[0, 0, 0, 1] 380
[0, 0, 0, 1] 383
[0, 0, 0, 1] 390
[0, 0, 0, 1] 395
[0, 0, 0, 1] 403
[0, 0, 0, 1] 407
[0, 0, 0, 1] 417
[0, 0, 0, 1] 421
[0, 0, 0, 1] 430
[0, 0, 0, 1] 444
[0, 0, 0, 1] 448
[0, 0, 0, 1] 464
[0, 0, 0, 1] 474
[0, 0, 0, 1] 508
[0, 0, 0, 1] 510
[0, 0, 0, 1] 518
[0, 0, 0, 1] 530
[0, 0, 0, 1] 533
[0, 0, 0, 1] 545
[0, 0, 0, 1] 547
[0, 0, 0, 1] 590
[0, 0, 0, 1] 591
[0, 0, 0, 1] 648
[0, 0, 0, 1] 655
[0, 0, 0, 1] 660
[0, 0, 0, 1] 669
[0, 0, 0, 1] 680
[0, 0, 0, 1] 688
[0, 0, 0, 1] 699
[0, 0, 0, 1] 699
[0, 0, 0, 1] 736
[0, 0, 0, 1] 745
[0, 0, 0, 1] 761
[0, 0, 0, 1] 786
[0, 0, 0, 1] 793
[0, 0, 0, 1] 801
[0, 0, 0, 1] 804
[0, 0, 0, 1] 811
[0, 0, 0, 1] 826
[0, 0, 0, 1] 827
[0, 0, 0, 1] 870
[0, 0, 0, 1] 871
[0, 0, 0, 1] 873
[0, 0, 0, 1] 890
[0, 0, 0, 1] 925
[0, 0, 0, 1] 938
[0, 0, 0, 1] 943
[0, 0, 0, 1] 944
[0, 0, 0, 1] 946
[0, 0, 0, 1] 955
[0, 0, 0, 1] 966
[0, 0, 0, 1] 972
[0, 0, 0, 1] 978
[0, 0, 0, 1] 978
[0, 0, 0, 1] 978
[0, 0, 0, 1] 982
[0, 0, 0, 1] 983
[0, 0, 0, 1] 986
