VARIABLES 300
NB_OBJ 4
ITEMS
[1, 1, 1, 1] 19
[1, 1, 1, 1] 35
[1, 1, 1, 1] 43
[1, 1, 1, 1] 120
[1, 1, 1, 1] 124
[1, 1, 1, 1] 129
[1, 1, 1, 1] 139
[1, 1, 1, 1] 152
[1, 1, 1, 1] 157
[1, 1, 1, 1] 183
[1, 1, 1, 1] 200
[1, 1, 1, 1] 223
[1, 1, 1, 1] 234
[1, 1, 1, 1] 242
[1, 1, 1, 1] 245
[1, 1, 1, 1] 256
[1, 1, 1, 1] 265
[1, 1, 1, 1] 268
[1, 1, 1, 1] 268
[1, 1, 1, 1] 287
[1, 1, 1, 1] 322
[1, 1, 1, 1] 333
[1, 1, 1, 1] 348
[1, 1, 1, 1] 355
[1, 1, 1, 1] 364
[1, 1, 1, 1] 368
[1, 1, 1, 1] 385
[1, 1, 1, 1] 433
[1, 1, 1, 1] 438
[1, 1, 1, 1] 441
[1, 1, 1, 1] 468
[1, 1, 1, 1] 468
[1, 1, 1, 1] 484
[1, 1, 1, 1] 484
[1, 1, 1, 1] 488
[1, 1, 1, 1] 496
[1, 1, 1, 1] 506
[1, 1, 1, 1] 507
[1, 1, 1, 1] 515
[1, 1, 1, 1] 532
[1, 1, 1, 1] 538
[1, 1, 1, 1] 546
[1, 1, 1, 1] 548
[1, 1, 1, 1] 583
[1, 1, 1, 1] 584
[1, 1, 1, 1] 600
[1, 1, 1, 1] 608
[1, 1, 1, 1] 609
[1, 1, 1, 1] 638
[1, 1, 1, 1] 653
[1, 1, 1, 1] 657
[1, 1, 1, 1] 665
[1, 1, 1, 1] 673
[1, 1, 1, 1] 693
[1, 1, 1, 1] 699
[1, 1, 1, 1] 722
[1, 1, 1, 1] 760
[1, 1, 1, 1] 769
[1, 1, 1, 1] 770
[1, 1, 1, 1] 789
[1, 1, 1, 1] 803
[1, 1, 1, 1] 815
[1, 1, 1, 1] 817
[1, 1, 1, 1] 827
[1, 1, 1, 1] 879
[1, 1, 1, 1] 879
[1, 1, 1, 1] 912
[1, 1, 1, 1] 922
[1, 1, 1, 1] 944
[1, 1, 1, 1] 954
[1, 1, 1, 1] 957
[1, 1, 1, 1] 958
[1, 1, 1, 1] 966
[1, 1, 1, 1] 976
[1, 1, 1, 1] 985
[0, 1, 1, 1] 7
[0, 1, 1, 1] 21
[0, 1, 1, 1] 32
[0, 1, 1, 1] 49
[0, 1, 1, 1] 68
[0, 1, 1, 1] 98
[0, 1, 1, 1] 104
[0, 1, 1, 1] 115
[0, 1, 1, 1] 129
[0, 1, 1, 1] 132
[0, 1, 1, 1] 136
[0, 1, 1, 1] 138
[0, 1, 1, 1] 156
[0, 1, 1, 1] 163
[0, 1, 1, 1] 208
[0, 1, 1, 1] 225
[0, 1, 1, 1] 226
[0, 1, 1, 1] 232
[0, 1, 1, 1] 236
[0, 1, 1, 1] 236
[0, 1, 1, 1] 251
[0, 1, 1, 1] 265
[0, 1, 1, 1] 276
[0, 1, 1, 1] 277
[0, 1, 1, 1] 288
[0, 1, 1, 1] 290
[0, 1, 1, 1] 293
[0, 1, 1, 1] 300
[0, 1, 1, 1] 331
[0, 1, 1, 1] 364
[0, 1, 1, 1] 368
[0, 1, 1, 1] 371
[0, 1, 1, 1] 434
[0, 1, 1, 1] 439
[0, 1, 1, 1] 442
[0, 1, 1, 1] 446
[0, 1, 1, 1] 449
[0, 1, 1, 1] 461
[0, 1, 1, 1] 494
[0, 1, 1, 1] 523
[0, 1, 1, 1] 541
[0, 1, 1, 1] 557
[0, 1, 1, 1] 573
[0, 1, 1, 1] 601
[0, 1, 1, 1] 603
[0, 1, 1, 1] 633
[0, 1, 1, 1] 658
[0, 1, 1, 1] 674
[0, 1, 1, 1] 701
[0, 1, 1, 1] 741
[0, 1, 1, 1] 746
[0, 1, 1, 1] 747
[0, 1, 1, 1] 758
[0, 1, 1, 1] 758
[0, 1, 1, 1] 769
[0, 1, 1, 1] 786
[0, 1, 1, 1] 833
[0, 1, 1, 1] 845
[0, 1, 1, 1] 880
[0, 1, 1, 1] 884
[0, 1, 1, 1] 904
[0, 1, 1, 1] 914
[0, 1, 1, 1] 943
[0, 1, 1, 1] 972
[0, 1, 1, 1] 973
[0, 1, 1, 1] 982
[0, 0, 1, 1] 4
[0, 0, 1, 1] 7
[0, 0, 1, 1] 31
[0, 0, 1, 1] 38
[0, 0, 1, 1] 54
[0, 0, 1, 1] 57
[0, 0, 1, 1] 63
[0, 0, 1, 1] 69
[0, 0, 1, 1] 70
[0, 0, 1, 1] 72
[0, 0, 1, 1] 76
[0, 0, 1, 1] 86
[0, 0, 1, 1] 88
[0, 0, 1, 1] 95
[0, 0, 1, 1] 96
[0, 0, 1, 1] 109
[0, 0, 1, 1] 130
[0, 0, 1, 1] 139
[0, 0, 1, 1] 167
[0, 0, 1, 1] 189
[0, 0, 1, 1] 234
[0, 0, 1, 1] 239
[0, 0, 1, 1] 240
[0, 0, 1, 1] 263
[0, 0, 1, 1] 268
[0, 0, 1, 1] 273
[0, 0, 1, 1] 276
[0, 0, 1, 1] 302
[0, 0, 1, 1] 314
[0, 0, 1, 1] 320
[0, 0, 1, 1] 322
[0, 0, 1, 1] 330
[0, 0, 1, 1] 367
[0, 0, 1, 1] 417
[0, 0, 1, 1] 429
[0, 0, 1, 1] 433
[0, 0, 1, 1] 449
[0, 0, 1, 1] 455
[0, 0, 1, 1] 460
[0, 0, 1, 1] 467
[0, 0, 1, 1] 469
[0, 0, 1, 1] 485
[0, 0, 1, 1] 487
[0, 0, 1, 1] 490
[0, 0, 1, 1] 493
[0, 0, 1, 1] 496
[0, 0, 1, 1] 521
[0, 0, 1, 1] 600
[0, 0, 1, 1] 602
[0, 0, 1, 1] 603
[0, 0, 1, 1] 604
[0, 0, 1, 1] 610
[0, 0, 1, 1] 672
[0, 0, 1, 1] 695
[0, 0, 1, 1] 730
[0, 0, 1, 1] 734
[0, 0, 1, 1] 753
[0, 0, 1, 1] 763
[0, 0, 1, 1] 775
[0, 0, 1, 1] 775
[0, 0, 1, 1] 790
[0, 0, 1, 1] 802
[0, 0, 1, 1] 805
[0, 0, 1, 1] 807
[0, 0, 1, 1] 815
[0, 0, 1, 1] 817
[0, 0, 1, 1] 822
[0, 0, 1, 1] 822
[0, 0, 1, 1] 854
[0, 0, 1, 1] 868
[0, 0, 1, 1] 876
[0, 0, 1, 1] 892
[0, 0, 1, 1] 892
[0, 0, 1, 1] 914
[0, 0, 1, 1] 919
[0, 0, 1, 1] 923
[0, 0, 1, 1] 928
[0, 0, 1, 1] 944
[0, 0, 1, 1] 945
[0, 0, 1, 1] 952
[0, 0, 1, 1] 967
[0, 0, 1, 1] 979
[0, 0, 1, 1] 983
[0, 0, 1, 1] 990
[0, 0, 1, 1] 992
[0, 0, 1, 1] 998
[0, 0, 1, 1] 999
[0, 0, 0, 1] 15
[0, 0, 0, 1] 20
[0, 0, 0, 1] 35
[0, 0, 0, 1] 37
[0, 0, 0, 1] 42
[0, 0, 0, 1] 43
[0, 0, 0, 1] 53
[0, 0, 0, 1] 60
[0, 0, 0, 1] 73
[0, 0, 0, 1] 119
[0, 0, 0, 1] 127
[0, 0, 0, 1] 192
[0, 0, 0, 1] 192
[0, 0, 0, 1] 195
[0, 0, 0, 1] 216
[0, 0, 0, 1] 217
[0, 0, 0, 1] 238
[0, 0, 0, 1] 249
[0, 0, 0, 1] 251
[0, 0, 0, 1] 264
[0, 0, 0, 1] 271
[0, 0, 0, 1] 285
[0, 0, 0, 1] 336
[0, 0, 0, 1] 344
[0, 0, 0, 1] 381
[0, 0, 0, 1] 385
[0, 0, 0, 1] 398
[0, 0, 0, 1] 433
[0, 0, 0, 1] 433
[0, 0, 0, 1] 437
[0, 0, 0, 1] 448
[0, 0, 0, 1] 453
[0, 0, 0, 1] 460
[0, 0, 0, 1] 467
[0, 0, 0, 1] 473
[0, 0, 0, 1] 474
[0, 0, 0, 1] 476
[0, 0, 0, 1] 487
[0, 0, 0, 1] 515
[0, 0, 0, 1] 531
[0, 0, 0, 1] 540
[0, 0, 0, 1] 569
[0, 0, 0, 1] 570
[0, 0, 0, 1] 582
[0, 0, 0, 1] 639
[0, 0, 0, 1] 669
[0, 0, 0, 1] 714
[0, 0, 0, 1] 722
[0, 0, 0, 1] 725
[0, 0, 0, 1] 735
[0, 0, 0, 1] 773
[0, 0, 0, 1] 775
[0, 0, 0, 1] 775
[0, 0, 0, 1] 785
[0, 0, 0, 1] 786
[0, 0, 0, 1] 793
[0, 0, 0, 1] 795
[0, 0, 0, 1] 809
[0, 0, 0, 1] 813
[0, 0, 0, 1] 824
[0, 0, 0, 1] 834
[0, 0, 0, 1] 848
[0, 0, 0, 1] 861
[0, 0, 0, 1] 863
[0, 0, 0, 1] 881
[0, 0, 0, 1] 883
[0, 0, 0, 1] 918
[0, 0, 0, 1] 954
[0, 0, 0, 1] 957
[0, 0, 0, 1] 961
[0, 0, 0, 1] 970
[0, 0, 0, 1] 976
