VARIABLES 300
NB_OBJ 4
ITEMS
[1, 1, 1, 1] 12
[1, 1, 1, 1] 25
[1, 1, 1, 1] 30
[1, 1, 1, 1] 68
[1, 1, 1, 1] 85
[1, 1, 1, 1] 119
[1, 1, 1, 1] 120
[1, 1, 1, 1] 144
[1, 1, 1, 1] 145
[1, 1, 1, 1] 146
[1, 1, 1, 1] 150
[1, 1, 1, 1] 176
[1, 1, 1, 1] 178
[1, 1, 1, 1] 179
[1, 1, 1, 1] 188
[1, 1, 1, 1] 188
[1, 1, 1, 1] 200
[1, 1, 1, 1] 202
[1, 1, 1, 1] 206
[1, 1, 1, 1] 232
[1, 1, 1, 1] 248
[1, 1, 1, 1] 257
[1, 1, 1, 1] 268
[1, 1, 1, 1] 324
[1, 1, 1, 1] 327
[1, 1, 1, 1] 349
[1, 1, 1, 1] 369
[1, 1, 1, 1] 381
[1, 1, 1, 1] 381
[1, 1, 1, 1] 382
[1, 1, 1, 1] 387
[1, 1, 1, 1] 390
[1, 1, 1, 1] 392
[1, 1, 1, 1] 392
[1, 1, 1, 1] 402
[1, 1, 1, 1] 416
[1, 1, 1, 1] 428
[1, 1, 1, 1] 441
[1, 1, 1, 1] 460
[1, 1, 1, 1] 461
[1, 1, 1, 1] 464
[1, 1, 1, 1] 495
[1, 1, 1, 1] 571
[1, 1, 1, 1] 578
[1, 1, 1, 1] 613
[1, 1, 1, 1] 640
[1, 1, 1, 1] 654
[1, 1, 1, 1] 672
[1, 1, 1, 1] 691
[1, 1, 1, 1] 699
[1, 1, 1, 1] 701
[1, 1, 1, 1] 703
[1, 1, 1, 1] 734
[1, 1, 1, 1] 735
[1, 1, 1, 1] 739
[1, 1, 1, 1] 750
[1, 1, 1, 1] 753
[1, 1, 1, 1] 760
[1, 1, 1, 1] 772
[1, 1, 1, 1] 773
[1, 1, 1, 1] 788
[1, 1, 1, 1] 792
[1, 1, 1, 1] 814
[1, 1, 1, 1] 820
[1, 1, 1, 1] 821
[1, 1, 1, 1] 835
[1, 1, 1, 1] 846
[1, 1, 1, 1] 851
[1, 1, 1, 1] 857
[1, 1, 1, 1] 899
[1, 1, 1, 1] 910
[1, 1, 1, 1] 964
[0, 1, 1, 1] 49
[0, 1, 1, 1] 59
[0, 1, 1, 1] 91
[0, 1, 1, 1] 95
[0, 1, 1, 1] 117
[0, 1, 1, 1] 146
[0, 1, 1, 1] 147
[0, 1, 1, 1] 178
[0, 1, 1, 1] 196
[0, 1, 1, 1] 198
[0, 1, 1, 1] 199
[0, 1, 1, 1] 200
[0, 1, 1, 1] 218
[0, 1, 1, 1] 237
[0, 1, 1, 1] 251
[0, 1, 1, 1] 252
[0, 1, 1, 1] 262
[0, 1, 1, 1] 282
[0, 1, 1, 1] 313
[0, 1, 1, 1] 314
[0, 1, 1, 1] 346
[0, 1, 1, 1] 367
[0, 1, 1, 1] 375
[0, 1, 1, 1] 376
[0, 1, 1, 1] 385
[0, 1, 1, 1] 447
[0, 1, 1, 1] 453
[0, 1, 1, 1] 459
[0, 1, 1, 1] 459
[0, 1, 1, 1] 460
[0, 1, 1, 1] 480
[0, 1, 1, 1] 495
[0, 1, 1, 1] 498
[0, 1, 1, 1] 518
[0, 1, 1, 1] 519
[0, 1, 1, 1] 522
[0, 1, 1, 1] 542
[0, 1, 1, 1] 549
[0, 1, 1, 1] 555
[0, 1, 1, 1] 604
[0, 1, 1, 1] 614
[0, 1, 1, 1] 618
[0, 1, 1, 1] 621
[0, 1, 1, 1] 640
[0, 1, 1, 1] 698
[0, 1, 1, 1] 731
[0, 1, 1, 1] 755
[0, 1, 1, 1] 758
[0, 1, 1, 1] 773
[0, 1, 1, 1] 778
[0, 1, 1, 1] 809
[0, 1, 1, 1] 809
[0, 1, 1, 1] 820
[0, 1, 1, 1] 825
[0, 1, 1, 1] 835
[0, 1, 1, 1] 837
[0, 1, 1, 1] 839
[0, 1, 1, 1] 853
[0, 1, 1, 1] 870
[0, 1, 1, 1] 872
[0, 1, 1, 1] 882
[0, 1, 1, 1] 889
[0, 1, 1, 1] 893
[0, 1, 1, 1] 898
[0, 1, 1, 1] 906
[0, 1, 1, 1] 910
[0, 1, 1, 1] 917
[0, 1, 1, 1] 932
[0, 1, 1, 1] 952
[0, 1, 1, 1] 962
[0, 1, 1, 1] 999
[0, 0, 1, 1] 25
[0, 0, 1, 1] 27
[0, 0, 1, 1] 50
[0, 0, 1, 1] 59
[0, 0, 1, 1] 64
[0, 0, 1, 1] 68
[0, 0, 1, 1] 106
[0, 0, 1, 1] 130
[0, 0, 1, 1] 140
[0, 0, 1, 1] 152
[0, 0, 1, 1] 154
[0, 0, 1, 1] 169
[0, 0, 1, 1] 186
[0, 0, 1, 1] 191
[0, 0, 1, 1] 200
[0, 0, 1, 1] 217
[0, 0, 1, 1] 223
[0, 0, 1, 1] 226
[0, 0, 1, 1] 238
[0, 0, 1, 1] 247
[0, 0, 1, 1] 253
[0, 0, 1, 1] 272
[0, 0, 1, 1] 280
[0, 0, 1, 1] 287
[0, 0, 1, 1] 289
[0, 0, 1, 1] 292
[0, 0, 1, 1] 318
[0, 0, 1, 1] 327
[0, 0, 1, 1] 414
[0, 0, 1, 1] 450
[0, 0, 1, 1] 454
[0, 0, 1, 1] 479
[0, 0, 1, 1] 486
[0, 0, 1, 1] 490
[0, 0, 1, 1] 519
[0, 0, 1, 1] 529
[0, 0, 1, 1] 531
[0, 0, 1, 1] 540
[0, 0, 1, 1] 545
[0, 0, 1, 1] 551
[0, 0, 1, 1] 579
[0, 0, 1, 1] 606
[0, 0, 1, 1] 606
[0, 0, 1, 1] 610
[0, 0, 1, 1] 616
[0, 0, 1, 1] 617
[0, 0, 1, 1] 636
[0, 0, 1, 1] 644
[0, 0, 1, 1] 648
[0, 0, 1, 1] 657
[0, 0, 1, 1] 679
[0, 0, 1, 1] 684
[0, 0, 1, 1] 702
[0, 0, 1, 1] 705
[0, 0, 1, 1] 723
[0, 0, 1, 1] 749
[0, 0, 1, 1] 755
[0, 0, 1, 1] 758
[0, 0, 1, 1] 760
[0, 0, 1, 1] 762
[0, 0, 1, 1] 770
[0, 0, 1, 1] 809
[0, 0, 1, 1] 830
[0, 0, 1, 1] 830
[0, 0, 1, 1] 851
[0, 0, 1, 1] 854
[0, 0, 1, 1] 887
[0, 0, 1, 1] 916
[0, 0, 1, 1] 919
[0, 0, 1, 1] 937
[0, 0, 1, 1] 943
[0, 0, 1, 1] 951
[0, 0, 1, 1] 953
[0, 0, 1, 1] 959
[0, 0, 1, 1] 981
[0, 0, 1, 1] 988
[0, 0, 0, 1] 3
[0, 0, 0, 1] 14
[0, 0, 0, 1] 27
[0, 0, 0, 1] 30
[0, 0, 0, 1] 31
[0, 0, 0, 1] 81
[0, 0, 0, 1] 105
[0, 0, 0, 1] 124
[0, 0, 0, 1] 144
[0, 0, 0, 1] 152
[0, 0, 0, 1] 152
[0, 0, 0, 1] 154
[0, 0, 0, 1] 156
[0, 0, 0, 1] 157
[0, 0, 0, 1] 162
[0, 0, 0, 1] 165
[0, 0, 0, 1] 175
[0, 0, 0, 1] 193
[0, 0, 0, 1] 195
[0, 0, 0, 1] 196
[0, 0, 0, 1] 235
[0, 0, 0, 1] 274
[0, 0, 0, 1] 279
[0, 0, 0, 1] 306
[0, 0, 0, 1] 307
[0, 0, 0, 1] 327
[0, 0, 0, 1] 346
[0, 0, 0, 1] 361
[0, 0, 0, 1] 383
[0, 0, 0, 1] 385
[0, 0, 0, 1] 389
[0, 0, 0, 1] 412
[0, 0, 0, 1] 413
[0, 0, 0, 1] 424
[0, 0, 0, 1] 429
[0, 0, 0, 1] 441
[0, 0, 0, 1] 442
[0, 0, 0, 1] 467
[0, 0, 0, 1] 475
[0, 0, 0, 1] 487
[0, 0, 0, 1] 495
[0, 0, 0, 1] 495
[0, 0, 0, 1] 499
[0, 0, 0, 1] 506
[0, 0, 0, 1] 573
[0, 0, 0, 1] 583
[0, 0, 0, 1] 584
[0, 0, 0, 1] 595
[0, 0, 0, 1] 597
[0, 0, 0, 1] 630
[0, 0, 0, 1] 634
[0, 0, 0, 1] 645
[0, 0, 0, 1] 683
[0, 0, 0, 1] 692
[0, 0, 0, 1] 696
[0, 0, 0, 1] 705
[0, 0, 0, 1] 712
[0, 0, 0, 1] 726
[0, 0, 0, 1] 740
[0, 0, 0, 1] 743
[0, 0, 0, 1] 750
[0, 0, 0, 1] 771
[0, 0, 0, 1] 785
[0, 0, 0, 1] 797
[0, 0, 0, 1] 806
[0, 0, 0, 1] 806
[0, 0, 0, 1] 808
[0, 0, 0, 1] 839
[0, 0, 0, 1] 846
[0, 0, 0, 1] 849
[0, 0, 0, 1] 852
[0, 0, 0, 1] 853
[0, 0, 0, 1] 853
[0, 0, 0, 1] 867
[0, 0, 0, 1] 871
[0, 0, 0, 1] 917
[0, 0, 0, 1] 918
[0, 0, 0, 1] 934
[0, 0, 0, 1] 964
[0, 0, 0, 1] 970
[0, 0, 0, 1] 988
