VARIABLES 300
NB_OBJ 4
ITEMS
[1, 1, 1, 1] 1
[1, 1, 1, 1] 5
[1, 1, 1, 1] 40
[1, 1, 1, 1] 75
[1, 1, 1, 1] 95
[1, 1, 1, 1] 98
[1, 1, 1, 1] 99
[1, 1, 1, 1] 127
[1, 1, 1, 1] 136
[1, 1, 1, 1] 136
[1, 1, 1, 1] 161
[1, 1, 1, 1] 164
[1, 1, 1, 1] 171
[1, 1, 1, 1] 179
[1, 1, 1, 1] 201
[1, 1, 1, 1] 209
[1, 1, 1, 1] 215
[1, 1, 1, 1] 228
[1, 1, 1, 1] 230
[1, 1, 1, 1] 249
[1, 1, 1, 1] 273
[1, 1, 1, 1] 276
[1, 1, 1, 1] 287
[1, 1, 1, 1] 290
[1, 1, 1, 1] 311
[1, 1, 1, 1] 342
[1, 1, 1, 1] 345
[1, 1, 1, 1] 356
[1, 1, 1, 1] 356
[1, 1, 1, 1] 361
[1, 1, 1, 1] 429
[1, 1, 1, 1] 434
[1, 1, 1, 1] 437
[1, 1, 1, 1] 444
[1, 1, 1, 1] 448
[1, 1, 1, 1] 465
[1, 1, 1, 1] 467
[1, 1, 1, 1] 473
[1, 1, 1, 1] 481
[1, 1, 1, 1] 487
[1, 1, 1, 1] 488
[1, 1, 1, 1] 529
[1, 1, 1, 1] 540
[1, 1, 1, 1] 541
[1, 1, 1, 1] 558
[1, 1, 1, 1] 558
[1, 1, 1, 1] 562
[1, 1, 1, 1] 563
[1, 1, 1, 1] 579
[1, 1, 1, 1] 582
[1, 1, 1, 1] 594
[1, 1, 1, 1] 595
[1, 1, 1, 1] 598
[1, 1, 1, 1] 616
[1, 1, 1, 1] 665
[1, 1, 1, 1] 701
[1, 1, 1, 1] 701
[1, 1, 1, 1] 705
[1, 1, 1, 1] 710
[1, 1, 1, 1] 722
[1, 1, 1, 1] 732
[1, 1, 1, 1] 737
[1, 1, 1, 1] 757
[1, 1, 1, 1] 759
[1, 1, 1, 1] 762
[1, 1, 1, 1] 778
[1, 1, 1, 1] 786
[1, 1, 1, 1] 786
[1, 1, 1, 1] 791
[1, 1, 1, 1] 796
[1, 1, 1, 1] 800
[1, 1, 1, 1] 814
[1, 1, 1, 1] 909
[1, 1, 1, 1] 913
[1, 1, 1, 1] 942
[1, 1, 1, 1] 943
[1, 1, 1, 1] 950
[1, 1, 1, 1] 966
[1, 1, 1, 1] 988
[0, 1, 1, 1] 1
[0, 1, 1, 1] 10
[0, 1, 1, 1] 12
[0, 1, 1, 1] 36
[0, 1, 1, 1] 37
[0, 1, 1, 1] 44
[0, 1, 1, 1] 44
[0, 1, 1, 1] 79
[0, 1, 1, 1] 89
[0, 1, 1, 1] 104
[0, 1, 1, 1] 113
[0, 1, 1, 1] 202
[0, 1, 1, 1] 206
[0, 1, 1, 1] 224
[0, 1, 1, 1] 227
[0, 1, 1, 1] 234
[0, 1, 1, 1] 263
[0, 1, 1, 1] 263
[0, 1, 1, 1] 266
[0, 1, 1, 1] 269
[0, 1, 1, 1] 294
[0, 1, 1, 1] 294
[0, 1, 1, 1] 306
[0, 1, 1, 1] 322
[0, 1, 1, 1] 333
[0, 1, 1, 1] 360
[0, 1, 1, 1] 399
[0, 1, 1, 1] 399
[0, 1, 1, 1] 399
[0, 1, 1, 1] 400
[0, 1, 1, 1] 450
[0, 1, 1, 1] 464
[0, 1, 1, 1] 465
[0, 1, 1, 1] 466
[0, 1, 1, 1] 495
[0, 1, 1, 1] 517
[0, 1, 1, 1] 538
[0, 1, 1, 1] 545
[0, 1, 1, 1] 546
[0, 1, 1, 1] 546
[0, 1, 1, 1] 548
[0, 1, 1, 1] 554
[0, 1, 1, 1] 599
[0, 1, 1, 1] 606
[0, 1, 1, 1] 606
[0, 1, 1, 1] 609
[0, 1, 1, 1] 622
[0, 1, 1, 1] 623
[0, 1, 1, 1] 624
[0, 1, 1, 1] 634
[0, 1, 1, 1] 647
[0, 1, 1, 1] 661
[0, 1, 1, 1] 677
[0, 1, 1, 1] 679
[0, 1, 1, 1] 713
[0, 1, 1, 1] 724
[0, 1, 1, 1] 726
[0, 1, 1, 1] 728
[0, 1, 1, 1] 734
[0, 1, 1, 1] 735
[0, 1, 1, 1] 750
[0, 1, 1, 1] 784
[0, 1, 1, 1] 801
[0, 1, 1, 1] 841
[0, 1, 1, 1] 844
[0, 1, 1, 1] 859
[0, 1, 1, 1] 860
[0, 1, 1, 1] 860
[0, 1, 1, 1] 872
[0, 1, 1, 1] 878
[0, 1, 1, 1] 884
[0, 1, 1, 1] 890
[0, 1, 1, 1] 907
[0, 1, 1, 1] 915
[0, 1, 1, 1] 944
[0, 1, 1, 1] 953
[0, 1, 1, 1] 976
[0, 1, 1, 1] 977
[0, 0, 1, 1] 1
[0, 0, 1, 1] 3
[0, 0, 1, 1] 18
[0, 0, 1, 1] 22
[0, 0, 1, 1] 36
[0, 0, 1, 1] 42
[0, 0, 1, 1] 46
[0, 0, 1, 1] 50
[0, 0, 1, 1] 65
[0, 0, 1, 1] 65
[0, 0, 1, 1] 67
[0, 0, 1, 1] 71
[0, 0, 1, 1] 88
[0, 0, 1, 1] 90
[0, 0, 1, 1] 97
[0, 0, 1, 1] 114
[0, 0, 1, 1] 138
[0, 0, 1, 1] 152
[0, 0, 1, 1] 153
[0, 0, 1, 1] 157
[0, 0, 1, 1] 188
[0, 0, 1, 1] 198
[0, 0, 1, 1] 200
[0, 0, 1, 1] 208
[0, 0, 1, 1] 214
[0, 0, 1, 1] 237
[0, 0, 1, 1] 262
[0, 0, 1, 1] 281
[0, 0, 1, 1] 304
[0, 0, 1, 1] 321
[0, 0, 1, 1] 392
[0, 0, 1, 1] 409
[0, 0, 1, 1] 415
[0, 0, 1, 1] 453
[0, 0, 1, 1] 469
[0, 0, 1, 1] 495
[0, 0, 1, 1] 540
[0, 0, 1, 1] 552
[0, 0, 1, 1] 573
[0, 0, 1, 1] 614
[0, 0, 1, 1] 624
[0, 0, 1, 1] 632
[0, 0, 1, 1] 648
[0, 0, 1, 1] 663
[0, 0, 1, 1] 673
[0, 0, 1, 1] 677
[0, 0, 1, 1] 680
[0, 0, 1, 1] 683
[0, 0, 1, 1] 689
[0, 0, 1, 1] 693
[0, 0, 1, 1] 717
[0, 0, 1, 1] 719
[0, 0, 1, 1] 726
[0, 0, 1, 1] 730
[0, 0, 1, 1] 731
[0, 0, 1, 1] 746
[0, 0, 1, 1] 758
[0, 0, 1, 1] 764
[0, 0, 1, 1] 765
[0, 0, 1, 1] 836
[0, 0, 1, 1] 850
[0, 0, 1, 1] 855
[0, 0, 1, 1] 857
[0, 0, 1, 1] 871
[0, 0, 1, 1] 897
[0, 0, 1, 1] 909
[0, 0, 1, 1] 910
[0, 0, 1, 1] 913
[0, 0, 1, 1] 923
[0, 0, 1, 1] 941
[0, 0, 1, 1] 993
[0, 0, 1, 1] 1000
[0, 0, 0, 1] 61
[0, 0, 0, 1] 91
[0, 0, 0, 1] 109
[0, 0, 0, 1] 127
[0, 0, 0, 1] 139
[0, 0, 0, 1] 146
[0, 0, 0, 1] 175
[0, 0, 0, 1] 178
[0, 0, 0, 1] 187
[0, 0, 0, 1] 200
[0, 0, 0, 1] 206
[0, 0, 0, 1] 228
[0, 0, 0, 1] 238
[0, 0, 0, 1] 243
[0, 0, 0, 1] 246
[0, 0, 0, 1] 256
[0, 0, 0, 1] 271
[0, 0, 0, 1] 318
[0, 0, 0, 1] 366
[0, 0, 0, 1] 382
[0, 0, 0, 1] 410
[0, 0, 0, 1] 422
[0, 0, 0, 1] 431
[0, 0, 0, 1] 431
[0, 0, 0, 1] 492
[0, 0, 0, 1] 493
[0, 0, 0, 1] 502
[0, 0, 0, 1] 506
[0, 0, 0, 1] 515
[0, 0, 0, 1] 517
[0, 0, 0, 1] 530
[0, 0, 0, 1] 534
[0, 0, 0, 1] 541
[0, 0, 0, 1] 547
[0, 0, 0, 1] 551
[0, 0, 0, 1] 557
[0, 0, 0, 1] 562
[0, 0, 0, 1] 566
[0, 0, 0, 1] 584
[0, 0, 0, 1] 623
[0, 0, 0, 1] 652
[0, 0, 0, 1] 688
[0, 0, 0, 1] 694
[0, 0, 0, 1] 705
[0, 0, 0, 1] 726
[0, 0, 0, 1] 728
[0, 0, 0, 1] 735
[0, 0, 0, 1] 740
[0, 0, 0, 1] 749
[0, 0, 0, 1] 776
[0, 0, 0, 1] 808
[0, 0, 0, 1] 811
[0, 0, 0, 1] 825
[0, 0, 0, 1] 833
[0, 0, 0, 1] 836
[0, 0, 0, 1] 839
[0, 0, 0, 1] 844
[0, 0, 0, 1] 866
[0, 0, 0, 1] 875
[0, 0, 0, 1] 879
[0, 0, 0, 1] 896
[0, 0, 0, 1] 906
[0, 0, 0, 1] 914
[0, 0, 0, 1] 925
[0, 0, 0, 1] 928
[0, 0, 0, 1] 936
[0, 0, 0, 1] 937
[0, 0, 0, 1] 950
[0, 0, 0, 1] 953
[0, 0, 0, 1] 958
[0, 0, 0, 1] 964
