VARIABLES 300
NB_OBJ 4
ITEMS
[1, 1, 1, 1] 28
[1, 1, 1, 1] 35
[1, 1, 1, 1] 53
[1, 1, 1, 1] 77
[1, 1, 1, 1] 77
[1, 1, 1, 1] 98
[1, 1, 1, 1] 107
[1, 1, 1, 1] 178
[1, 1, 1, 1] 183
[1, 1, 1, 1] 185
[1, 1, 1, 1] 191
[1, 1, 1, 1] 195
[1, 1, 1, 1] 204
[1, 1, 1, 1] 212
[1, 1, 1, 1] 237
[1, 1, 1, 1] 246
[1, 1, 1, 1] 246
[1, 1, 1, 1] 258
[1, 1, 1, 1] 264
[1, 1, 1, 1] 264
[1, 1, 1, 1] 265
[1, 1, 1, 1] 286
[1, 1, 1, 1] 289
[1, 1, 1, 1] 315
[1, 1, 1, 1] 316
[1, 1, 1, 1] 319
[1, 1, 1, 1] 320
[1, 1, 1, 1] 326
[1, 1, 1, 1] 335
[1, 1, 1, 1] 341
[1, 1, 1, 1] 360
[1, 1, 1, 1] 370
[1, 1, 1, 1] 379
[1, 1, 1, 1] 388
[1, 1, 1, 1] 407
[1, 1, 1, 1] 424
[1, 1, 1, 1] 430
[1, 1, 1, 1] 463
[1, 1, 1, 1] 474
[1, 1, 1, 1] 477
[1, 1, 1, 1] 488
[1, 1, 1, 1] 496
[1, 1, 1, 1] 511
[1, 1, 1, 1] 521
[1, 1, 1, 1] 528
[1, 1, 1, 1] 556
[1, 1, 1, 1] 598
[1, 1, 1, 1] 607
[1, 1, 1, 1] 612
[1, 1, 1, 1] 634
[1, 1, 1, 1] 656
[1, 1, 1, 1] 660
[1, 1, 1, 1] 665
[1, 1, 1, 1] 688
[1, 1, 1, 1] 691
[1, 1, 1, 1] 693
[1, 1, 1, 1] 723
[1, 1, 1, 1] 730
[1, 1, 1, 1] 765
[1, 1, 1, 1] 765
[1, 1, 1, 1] 770
[1, 1, 1, 1] 784
[1, 1, 1, 1] 813
[1, 1, 1, 1] 813
[1, 1, 1, 1] 823
[1, 1, 1, 1] 845
[1, 1, 1, 1] 845
[1, 1, 1, 1] 869
[1, 1, 1, 1] 875
[1, 1, 1, 1] 884
[1, 1, 1, 1] 914
[1, 1, 1, 1] 916
[1, 1, 1, 1] 929
[0, 1, 1, 1] 1
[0, 1, 1, 1] 20
[0, 1, 1, 1] 21
[0, 1, 1, 1] 21
[0, 1, 1, 1] 21
[0, 1, 1, 1] 47
[0, 1, 1, 1] 78
[0, 1, 1, 1] 98
[0, 1, 1, 1] 100
[0, 1, 1, 1] 124
[0, 1, 1, 1] 171
[0, 1, 1, 1] 177
[0, 1, 1, 1] 183
[0, 1, 1, 1] 190
[0, 1, 1, 1] 194
[0, 1, 1, 1] 218
[0, 1, 1, 1] 218
[0, 1, 1, 1] 224
[0, 1, 1, 1] 234
[0, 1, 1, 1] 239
[0, 1, 1, 1] 240
[0, 1, 1, 1] 255
[0, 1, 1, 1] 264
[0, 1, 1, 1] 300
[0, 1, 1, 1] 314
[0, 1, 1, 1] 317
[0, 1, 1, 1] 332
[0, 1, 1, 1] 364
[0, 1, 1, 1] 371
[0, 1, 1, 1] 387
[0, 1, 1, 1] 400
[0, 1, 1, 1] 422
[0, 1, 1, 1] 431
[0, 1, 1, 1] 461
[0, 1, 1, 1] 468
[0, 1, 1, 1] 485
[0, 1, 1, 1] 514
[0, 1, 1, 1] 532
[0, 1, 1, 1] 538
[0, 1, 1, 1] 567
[0, 1, 1, 1] 574
[0, 1, 1, 1] 581
[0, 1, 1, 1] 606
[0, 1, 1, 1] 612
[0, 1, 1, 1] 612
[0, 1, 1, 1] 635
[0, 1, 1, 1] 638
[0, 1, 1, 1] 642
[0, 1, 1, 1] 651
[0, 1, 1, 1] 659
[0, 1, 1, 1] 696
[0, 1, 1, 1] 701
[0, 1, 1, 1] 709
[0, 1, 1, 1] 719
[0, 1, 1, 1] 732
[0, 1, 1, 1] 741
[0, 1, 1, 1] 742
[0, 1, 1, 1] 763
[0, 1, 1, 1] 765
[0, 1, 1, 1] 776
[0, 1, 1, 1] 790
[0, 1, 1, 1] 790
[0, 1, 1, 1] 795
[0, 1, 1, 1] 804
[0, 1, 1, 1] 819
[0, 1, 1, 1] 838
[0, 1, 1, 1] 840
[0, 1, 1, 1] 851
[0, 1, 1, 1] 859
[0, 1, 1, 1] 900
[0, 1, 1, 1] 915
[0, 1, 1, 1] 925
[0, 1, 1, 1] 925
[0, 1, 1, 1] 945
[0, 1, 1, 1] 966
[0, 1, 1, 1] 985
[0, 1, 1, 1] 996
[0, 0, 1, 1] 34
[0, 0, 1, 1] 45
[0, 0, 1, 1] 74
[0, 0, 1, 1] 93
[0, 0, 1, 1] 107
[0, 0, 1, 1] 133
[0, 0, 1, 1] 149
[0, 0, 1, 1] 165
[0, 0, 1, 1] 192
[0, 0, 1, 1] 221
[0, 0, 1, 1] 256
[0, 0, 1, 1] 264
[0, 0, 1, 1] 266
[0, 0, 1, 1] 297
[0, 0, 1, 1] 361
[0, 0, 1, 1] 363
[0, 0, 1, 1] 382
[0, 0, 1, 1] 382
[0, 0, 1, 1] 383
[0, 0, 1, 1] 383
[0, 0, 1, 1] 388
[0, 0, 1, 1] 398
[0, 0, 1, 1] 405
[0, 0, 1, 1] 408
[0, 0, 1, 1] 435
[0, 0, 1, 1] 445
[0, 0, 1, 1] 460
[0, 0, 1, 1] 464
[0, 0, 1, 1] 464
[0, 0, 1, 1] 468
[0, 0, 1, 1] 471
[0, 0, 1, 1] 488
[0, 0, 1, 1] 518
[0, 0, 1, 1] 518
[0, 0, 1, 1] 523
[0, 0, 1, 1] 526
[0, 0, 1, 1] 527
[0, 0, 1, 1] 538
[0, 0, 1, 1] 549
[0, 0, 1, 1] 552
[0, 0, 1, 1] 562
[0, 0, 1, 1] 586
[0, 0, 1, 1] 650
[0, 0, 1, 1] 652
[0, 0, 1, 1] 662
[0, 0, 1, 1] 690
[0, 0, 1, 1] 690
[0, 0, 1, 1] 705
[0, 0, 1, 1] 720
[0, 0, 1, 1] 727
[0, 0, 1, 1] 729
[0, 0, 1, 1] 750
[0, 0, 1, 1] 756
[0, 0, 1, 1] 756
[0, 0, 1, 1] 758
[0, 0, 1, 1] 767
[0, 0, 1, 1] 772
[0, 0, 1, 1] 822
[0, 0, 1, 1] 824
[0, 0, 1, 1] 833
[0, 0, 1, 1] 838
[0, 0, 1, 1] 881
[0, 0, 1, 1] 895
[0, 0, 1, 1] 910
[0, 0, 1, 1] 916
[0, 0, 1, 1] 917
[0, 0, 1, 1] 926
[0, 0, 1, 1] 929
[0, 0, 1, 1] 933
[0, 0, 1, 1] 935
[0, 0, 1, 1] 945
[0, 0, 1, 1] 946
[0, 0, 1, 1] 958
[0, 0, 1, 1] 972
[0, 0, 1, 1] 990
[0, 0, 1, 1] 992
[0, 0, 0, 1] 6
[0, 0, 0, 1] 27
[0, 0, 0, 1] 53
[0, 0, 0, 1] 76
[0, 0, 0, 1] 88
[0, 0, 0, 1] 93
[0, 0, 0, 1] 143
[0, 0, 0, 1] 147
[0, 0, 0, 1] 150
[0, 0, 0, 1] 189
[0, 0, 0, 1] 196
[0, 0, 0, 1] 202
[0, 0, 0, 1] 217
[0, 0, 0, 1] 223
[0, 0, 0, 1] 231
[0, 0, 0, 1] 234
[0, 0, 0, 1] 245
[0, 0, 0, 1] 248
[0, 0, 0, 1] 283
[0, 0, 0, 1] 291
[0, 0, 0, 1] 303
[0, 0, 0, 1] 337
[0, 0, 0, 1] 339
[0, 0, 0, 1] 360
[0, 0, 0, 1] 372
[0, 0, 0, 1] 381
[0, 0, 0, 1] 388
[0, 0, 0, 1] 392
[0, 0, 0, 1] 424
[0, 0, 0, 1] 425
[0, 0, 0, 1] 456
[0, 0, 0, 1] 460
[0, 0, 0, 1] 477
[0, 0, 0, 1] 480
[0, 0, 0, 1] 487
[0, 0, 0, 1] 488
[0, 0, 0, 1] 500
[0, 0, 0, 1] 532
[0, 0, 0, 1] 532
[0, 0, 0, 1] 557
[0, 0, 0, 1] 564
[0, 0, 0, 1] 569
[0, 0, 0, 1] 573
[0, 0, 0, 1] 576
[0, 0, 0, 1] 589
[0, 0, 0, 1] 594
[0, 0, 0, 1] 599
[0, 0, 0, 1] 612
[0, 0, 0, 1] 631
[0, 0, 0, 1] 684
[0, 0, 0, 1] 734
[0, 0, 0, 1] 753
[0, 0, 0, 1] 755
[0, 0, 0, 1] 776
[0, 0, 0, 1] 787
[0, 0, 0, 1] 797
[0, 0, 0, 1] 797
[0, 0, 0, 1] 807
[0, 0, 0, 1] 834
[0, 0, 0, 1] 834
[0, 0, 0, 1] 845
[0, 0, 0, 1] 860
[0, 0, 0, 1] 861
[0, 0, 0, 1] 878
[0, 0, 0, 1] 886
[0, 0, 0, 1] 910
[0, 0, 0, 1] 911
[0, 0, 0, 1] 924
[0, 0, 0, 1] 934
[0, 0, 0, 1] 942
[0, 0, 0, 1] 955
[0, 0, 0, 1] 955
[0, 0, 0, 1] 971
[0, 0, 0, 1] 972
