VARIABLES 300
NB_OBJ 4
ITEMS
[1, 1, 1, 1] 50
[1, 1, 1, 1] 53
[1, 1, 1, 1] 63
[1, 1, 1, 1] 84
[1, 1, 1, 1] 91
[1, 1, 1, 1] 91
[1, 1, 1, 1] 136
[1, 1, 1, 1] 137
[1, 1, 1, 1] 139
[1, 1, 1, 1] 191
[1, 1, 1, 1] 207
[1, 1, 1, 1] 213
[1, 1, 1, 1] 253
[1, 1, 1, 1] 254
[1, 1, 1, 1] 258
[1, 1, 1, 1] 258
[1, 1, 1, 1] 261
[1, 1, 1, 1] 281
[1, 1, 1, 1] 310
[1, 1, 1, 1] 321
[1, 1, 1, 1] 328
[1, 1, 1, 1] 332
[1, 1, 1, 1] 369
[1, 1, 1, 1] 375
[1, 1, 1, 1] 380
[1, 1, 1, 1] 381
[1, 1, 1, 1] 399
[1, 1, 1, 1] 406
[1, 1, 1, 1] 418
[1, 1, 1, 1] 426
[1, 1, 1, 1] 433
[1, 1, 1, 1] 438
[1, 1, 1, 1] 477
[1, 1, 1, 1] 497
[1, 1, 1, 1] 535
[1, 1, 1, 1] 559
[1, 1, 1, 1] 560
[1, 1, 1, 1] 566
[1, 1, 1, 1] 578
[1, 1, 1, 1] 588
[1, 1, 1, 1] 590
[1, 1, 1, 1] 590
[1, 1, 1, 1] 610
[1, 1, 1, 1] 635
[1, 1, 1, 1] 653
[1, 1, 1, 1] 653
[1, 1, 1, 1] 674
[1, 1, 1, 1] 705
[1, 1, 1, 1] 721
[1, 1, 1, 1] 733
[1, 1, 1, 1] 736
[1, 1, 1, 1] 738
[1, 1, 1, 1] 743
[1, 1, 1, 1] 755
[1, 1, 1, 1] 763
[1, 1, 1, 1] 772
[1, 1, 1, 1] 790
[1, 1, 1, 1] 796
[1, 1, 1, 1] 819
[1, 1, 1, 1] 820
[1, 1, 1, 1] 828
[1, 1, 1, 1] 835
[1, 1, 1, 1] 846
[1, 1, 1, 1] 848
[1, 1, 1, 1] 861
[1, 1, 1, 1] 862
[1, 1, 1, 1] 899
[1, 1, 1, 1] 904
[1, 1, 1, 1] 904
[1, 1, 1, 1] 914
[1, 1, 1, 1] 921
[1, 1, 1, 1] 938
[1, 1, 1, 1] 970
[1, 1, 1, 1] 988
[0, 1, 1, 1] 8
[0, 1, 1, 1] 8
[0, 1, 1, 1] 21
[0, 1, 1, 1] 52
[0, 1, 1, 1] 56
[0, 1, 1, 1] 62
[0, 1, 1, 1] 73
[0, 1, 1, 1] 87
[0, 1, 1, 1] 100
[0, 1, 1, 1] 117
[0, 1, 1, 1] 121
[0, 1, 1, 1] 129
[0, 1, 1, 1] 133
[0, 1, 1, 1] 151
[0, 1, 1, 1] 157
[0, 1, 1, 1] 166
[0, 1, 1, 1] 198
[0, 1, 1, 1] 200
[0, 1, 1, 1] 202
[0, 1, 1, 1] 216
[0, 1, 1, 1] 217
[0, 1, 1, 1] 224
[0, 1, 1, 1] 252
[0, 1, 1, 1] 262
[0, 1, 1, 1] 275
[0, 1, 1, 1] 285
[0, 1, 1, 1] 310
[0, 1, 1, 1] 312
[0, 1, 1, 1] 313
[0, 1, 1, 1] 325
[0, 1, 1, 1] 326
[0, 1, 1, 1] 329
[0, 1, 1, 1] 341
[0, 1, 1, 1] 354
[0, 1, 1, 1] 364
[0, 1, 1, 1] 465
[0, 1, 1, 1] 481
[0, 1, 1, 1] 483
[0, 1, 1, 1] 504
[0, 1, 1, 1] 526
[0, 1, 1, 1] 530
[0, 1, 1, 1] 531
[0, 1, 1, 1] 534
[0, 1, 1, 1] 536
[0, 1, 1, 1] 542
[0, 1, 1, 1] 556
[0, 1, 1, 1] 569
[0, 1, 1, 1] 604
[0, 1, 1, 1] 609
[0, 1, 1, 1] 618
[0, 1, 1, 1] 633
[0, 1, 1, 1] 690
[0, 1, 1, 1] 702
[0, 1, 1, 1] 723
[0, 1, 1, 1] 753
[0, 1, 1, 1] 769
[0, 1, 1, 1] 771
[0, 1, 1, 1] 775
[0, 1, 1, 1] 776
[0, 1, 1, 1] 787
[0, 1, 1, 1] 808
[0, 1, 1, 1] 823
[0, 1, 1, 1] 828
[0, 1, 1, 1] 846
[0, 1, 1, 1] 847
[0, 1, 1, 1] 858
[0, 1, 1, 1] 890
[0, 1, 1, 1] 892
[0, 1, 1, 1] 893
[0, 1, 1, 1] 919
[0, 1, 1, 1] 921
[0, 1, 1, 1] 935
[0, 1, 1, 1] 945
[0, 1, 1, 1] 945
[0, 1, 1, 1] 952
[0, 1, 1, 1] 958
[0, 1, 1, 1] 971
[0, 1, 1, 1] 975
[0, 1, 1, 1] 985
[0, 1, 1, 1] 989
[0, 0, 1, 1] 13
[0, 0, 1, 1] 25
[0, 0, 1, 1] 36
[0, 0, 1, 1] 38
[0, 0, 1, 1] 44
[0, 0, 1, 1] 44
[0, 0, 1, 1] 46
[0, 0, 1, 1] 48
[0, 0, 1, 1] 73
[0, 0, 1, 1] 88
[0, 0, 1, 1] 96
[0, 0, 1, 1] 158
[0, 0, 1, 1] 161
[0, 0, 1, 1] 164
[0, 0, 1, 1] 171
[0, 0, 1, 1] 184
[0, 0, 1, 1] 194
[0, 0, 1, 1] 257
[0, 0, 1, 1] 270
[0, 0, 1, 1] 272
[0, 0, 1, 1] 299
[0, 0, 1, 1] 307
[0, 0, 1, 1] 310
[0, 0, 1, 1] 323
[0, 0, 1, 1] 330
[0, 0, 1, 1] 331
[0, 0, 1, 1] 343
[0, 0, 1, 1] 360
[0, 0, 1, 1] 377
[0, 0, 1, 1] 385
[0, 0, 1, 1] 413
[0, 0, 1, 1] 419
[0, 0, 1, 1] 420
[0, 0, 1, 1] 421
[0, 0, 1, 1] 429
[0, 0, 1, 1] 432
[0, 0, 1, 1] 443
[0, 0, 1, 1] 446
[0, 0, 1, 1] 450
[0, 0, 1, 1] 458
[0, 0, 1, 1] 468
[0, 0, 1, 1] 477
[0, 0, 1, 1] 506
[0, 0, 1, 1] 509
[0, 0, 1, 1] 523
[0, 0, 1, 1] 545
[0, 0, 1, 1] 569
[0, 0, 1, 1] 627
[0, 0, 1, 1] 635
[0, 0, 1, 1] 646
[0, 0, 1, 1] 653
[0, 0, 1, 1] 670
[0, 0, 1, 1] 672
[0, 0, 1, 1] 696
[0, 0, 1, 1] 752
[0, 0, 1, 1] 793
[0, 0, 1, 1] 814
[0, 0, 1, 1] 817
[0, 0, 1, 1] 835
[0, 0, 1, 1] 849
[0, 0, 1, 1] 858
[0, 0, 1, 1] 863
[0, 0, 1, 1] 885
[0, 0, 1, 1] 928
[0, 0, 1, 1] 944
[0, 0, 1, 1] 974
[0, 0, 1, 1] 981
[0, 0, 0, 1] 1
[0, 0, 0, 1] 8
[0, 0, 0, 1] 13
[0, 0, 0, 1] 16
[0, 0, 0, 1] 31
[0, 0, 0, 1] 41
[0, 0, 0, 1] 89
[0, 0, 0, 1] 90
[0, 0, 0, 1] 102
[0, 0, 0, 1] 125
[0, 0, 0, 1] 141
[0, 0, 0, 1] 160
[0, 0, 0, 1] 175
[0, 0, 0, 1] 178
[0, 0, 0, 1] 179
[0, 0, 0, 1] 208
[0, 0, 0, 1] 254
[0, 0, 0, 1] 255
[0, 0, 0, 1] 259
[0, 0, 0, 1] 271
[0, 0, 0, 1] 274
[0, 0, 0, 1] 282
[0, 0, 0, 1] 308
[0, 0, 0, 1] 310
[0, 0, 0, 1] 318
[0, 0, 0, 1] 320
[0, 0, 0, 1] 326
[0, 0, 0, 1] 342
[0, 0, 0, 1] 342
[0, 0, 0, 1] 373
[0, 0, 0, 1] 396
[0, 0, 0, 1] 406
[0, 0, 0, 1] 425
[0, 0, 0, 1] 444
[0, 0, 0, 1] 455
[0, 0, 0, 1] 463
[0, 0, 0, 1] 467
[0, 0, 0, 1] 516
[0, 0, 0, 1] 531
[0, 0, 0, 1] 539
[0, 0, 0, 1] 546
[0, 0, 0, 1] 577
[0, 0, 0, 1] 583
[0, 0, 0, 1] 597
[0, 0, 0, 1] 606
[0, 0, 0, 1] 608
[0, 0, 0, 1] 620
[0, 0, 0, 1] 642
[0, 0, 0, 1] 655
[0, 0, 0, 1] 659
[0, 0, 0, 1] 659
[0, 0, 0, 1] 665
[0, 0, 0, 1] 670
[0, 0, 0, 1] 679
[0, 0, 0, 1] 706
[0, 0, 0, 1] 740
[0, 0, 0, 1] 740
[0, 0, 0, 1] 747
[0, 0, 0, 1] 749
[0, 0, 0, 1] 753
[0, 0, 0, 1] 753
[0, 0, 0, 1] 768
[0, 0, 0, 1] 807
[0, 0, 0, 1] 811
[0, 0, 0, 1] 823
[0, 0, 0, 1] 828
[0, 0, 0, 1] 844
[0, 0, 0, 1] 846
[0, 0, 0, 1] 852
[0, 0, 0, 1] 865
[0, 0, 0, 1] 896
[0, 0, 0, 1] 902
[0, 0, 0, 1] 907
[0, 0, 0, 1] 940
[0, 0, 0, 1] 945
[0, 0, 0, 1] 949
[0, 0, 0, 1] 951
[0, 0, 0, 1] 969
[0, 0, 0, 1] 976
