VARIABLES 300
NB_OBJ 4
ITEMS
[1, 1, 1, 1] 1
[1, 1, 1, 1] 26
[1, 1, 1, 1] 42
[1, 1, 1, 1] 64
[1, 1, 1, 1] 68
[1, 1, 1, 1] 118
[1, 1, 1, 1] 128
[1, 1, 1, 1] 140
[1, 1, 1, 1] 158
[1, 1, 1, 1] 171
[1, 1, 1, 1] 175
[1, 1, 1, 1] 179
[1, 1, 1, 1] 192
[1, 1, 1, 1] 210
[1, 1, 1, 1] 230
[1, 1, 1, 1] 232
[1, 1, 1, 1] 296
[1, 1, 1, 1] 346
[1, 1, 1, 1] 373
[1, 1, 1, 1] 382
[1, 1, 1, 1] 386
[1, 1, 1, 1] 388
[1, 1, 1, 1] 399
[1, 1, 1, 1] 408
[1, 1, 1, 1] 425
[1, 1, 1, 1] 438
[1, 1, 1, 1] 461
[1, 1, 1, 1] 478
[1, 1, 1, 1] 490
[1, 1, 1, 1] 508
[1, 1, 1, 1] 521
[1, 1, 1, 1] 534
[1, 1, 1, 1] 539
[1, 1, 1, 1] 549
[1, 1, 1, 1] 573
[1, 1, 1, 1] 588
[1, 1, 1, 1] 598
[1, 1, 1, 1] 622
[1, 1, 1, 1] 629
[1, 1, 1, 1] 676
[1, 1, 1, 1] 698
[1, 1, 1, 1] 712
[1, 1, 1, 1] 719
[1, 1, 1, 1] 736
[1, 1, 1, 1] 744
[1, 1, 1, 1] 745
[1, 1, 1, 1] 752
[1, 1, 1, 1] 752
[1, 1, 1, 1] 805
[1, 1, 1, 1] 823
[1, 1, 1, 1] 838
[1, 1, 1, 1] 854
[1, 1, 1, 1] 860
[1, 1, 1, 1] 873
[1, 1, 1, 1] 875
[1, 1, 1, 1] 922
[1, 1, 1, 1] 935
[1, 1, 1, 1] 941
[1, 1, 1, 1] 946
[1, 1, 1, 1] 953
[1, 1, 1, 1] 953
[1, 1, 1, 1] 965
[1, 1, 1, 1] 983
[1, 1, 1, 1] 984
[1, 1, 1, 1] 986
[0, 1, 1, 1] 5
[0, 1, 1, 1] 9
[0, 1, 1, 1] 12
[0, 1, 1, 1] 28
[0, 1, 1, 1] 29
[0, 1, 1, 1] 57
[0, 1, 1, 1] 60
[0, 1, 1, 1] 79
[0, 1, 1, 1] 81
[0, 1, 1, 1] 82
[0, 1, 1, 1] 85
[0, 1, 1, 1] 95
[0, 1, 1, 1] 114
[0, 1, 1, 1] 136
[0, 1, 1, 1] 147
[0, 1, 1, 1] 157
[0, 1, 1, 1] 173
[0, 1, 1, 1] 198
[0, 1, 1, 1] 216
[0, 1, 1, 1] 239
[0, 1, 1, 1] 253
[0, 1, 1, 1] 258
[0, 1, 1, 1] 259
[0, 1, 1, 1] 267
[0, 1, 1, 1] 284
[0, 1, 1, 1] 289
[0, 1, 1, 1] 293
[0, 1, 1, 1] 311
[0, 1, 1, 1] 337
[0, 1, 1, 1] 370
[0, 1, 1, 1] 394
[0, 1, 1, 1] 415
[0, 1, 1, 1] 433
[0, 1, 1, 1] 438
[0, 1, 1, 1] 439
[0, 1, 1, 1] 472
[0, 1, 1, 1] 475
[0, 1, 1, 1] 515
[0, 1, 1, 1] 520
[0, 1, 1, 1] 523
[0, 1, 1, 1] 531
[0, 1, 1, 1] 549
[0, 1, 1, 1] 555
[0, 1, 1, 1] 562
[0, 1, 1, 1] 564
[0, 1, 1, 1] 579
[0, 1, 1, 1] 589
[0, 1, 1, 1] 591
[0, 1, 1, 1] 612
[0, 1, 1, 1] 661
[0, 1, 1, 1] 664
[0, 1, 1, 1] 667
[0, 1, 1, 1] 714
[0, 1, 1, 1] 716
[0, 1, 1, 1] 721
[0, 1, 1, 1] 746
[0, 1, 1, 1] 753
[0, 1, 1, 1] 753
[0, 1, 1, 1] 761
[0, 1, 1, 1] 769
[0, 1, 1, 1] 781
[0, 1, 1, 1] 810
[0, 1, 1, 1] 820
[0, 1, 1, 1] 822
[0, 1, 1, 1] 827
[0, 1, 1, 1] 860
[0, 1, 1, 1] 872
[0, 1, 1, 1] 888
[0, 1, 1, 1] 894
[0, 1, 1, 1] 895
[0, 1, 1, 1] 926
[0, 1, 1, 1] 929
[0, 1, 1, 1] 938
[0, 1, 1, 1] 946
[0, 1, 1, 1] 951
[0, 1, 1, 1] 954
[0, 1, 1, 1] 978
[0, 1, 1, 1] 997
[0, 0, 1, 1] 49
[0, 0, 1, 1] 49
[0, 0, 1, 1] 61
[0, 0, 1, 1] 93
[0, 0, 1, 1] 115
[0, 0, 1, 1] 133
[0, 0, 1, 1] 150
[0, 0, 1, 1] 191
[0, 0, 1, 1] 204
[0, 0, 1, 1] 210
[0, 0, 1, 1] 218
[0, 0, 1, 1] 243
[0, 0, 1, 1] 248
[0, 0, 1, 1] 252
[0, 0, 1, 1] 264
[0, 0, 1, 1] 318
[0, 0, 1, 1] 355
[0, 0, 1, 1] 383
[0, 0, 1, 1] 385
[0, 0, 1, 1] 391
[0, 0, 1, 1] 396
[0, 0, 1, 1] 398
[0, 0, 1, 1] 411
[0, 0, 1, 1] 429
[0, 0, 1, 1] 437
[0, 0, 1, 1] 441
[0, 0, 1, 1] 442
[0, 0, 1, 1] 460
[0, 0, 1, 1] 469
[0, 0, 1, 1] 479
[0, 0, 1, 1] 484
[0, 0, 1, 1] 488
[0, 0, 1, 1] 490
[0, 0, 1, 1] 510
[0, 0, 1, 1] 517
[0, 0, 1, 1] 530
[0, 0, 1, 1] 539
[0, 0, 1, 1] 559
[0, 0, 1, 1] 563
[0, 0, 1, 1] 570
[0, 0, 1, 1] 575
[0, 0, 1, 1] 580
[0, 0, 1, 1] 580
[0, 0, 1, 1] 593
[0, 0, 1, 1] 593
[0, 0, 1, 1] 598
[0, 0, 1, 1] 601
[0, 0, 1, 1] 621
[0, 0, 1, 1] 622
[0, 0, 1, 1] 622
[0, 0, 1, 1] 627
[0, 0, 1, 1] 632
[0, 0, 1, 1] 638
[0, 0, 1, 1] 645
[0, 0, 1, 1] 648
[0, 0, 1, 1] 650
[0, 0, 1, 1] 652
[0, 0, 1, 1] 664
[0, 0, 1, 1] 671
[0, 0, 1, 1] 684
[0, 0, 1, 1] 687
[0, 0, 1, 1] 688
[0, 0, 1, 1] 697
[0, 0, 1, 1] 742
[0, 0, 1, 1] 747
[0, 0, 1, 1] 757
[0, 0, 1, 1] 763
[0, 0, 1, 1] 764
[0, 0, 1, 1] 774
[0, 0, 1, 1] 786
[0, 0, 1, 1] 794
[0, 0, 1, 1] 796
[0, 0, 1, 1] 805
[0, 0, 1, 1] 833
[0, 0, 1, 1] 865
[0, 0, 1, 1] 871
[0, 0, 1, 1] 876
[0, 0, 1, 1] 877
[0, 0, 1, 1] 879
[0, 0, 1, 1] 881
[0, 0, 1, 1] 892
[0, 0, 1, 1] 902
[0, 0, 1, 1] 905
[0, 0, 1, 1] 911
[0, 0, 1, 1] 952
[0, 0, 1, 1] 965
[0, 0, 1, 1] 974
[0, 0, 0, 1] 10
[0, 0, 0, 1] 25
[0, 0, 0, 1] 27
[0, 0, 0, 1] 49
[0, 0, 0, 1] 52
[0, 0, 0, 1] 56
[0, 0, 0, 1] 115
[0, 0, 0, 1] 144
[0, 0, 0, 1] 144
[0, 0, 0, 1] 147
[0, 0, 0, 1] 151
[0, 0, 0, 1] 182
[0, 0, 0, 1] 184
[0, 0, 0, 1] 210
[0, 0, 0, 1] 212
[0, 0, 0, 1] 215
[0, 0, 0, 1] 233
[0, 0, 0, 1] 242
[0, 0, 0, 1] 243
[0, 0, 0, 1] 263
[0, 0, 0, 1] 291
[0, 0, 0, 1] 296
[0, 0, 0, 1] 297
[0, 0, 0, 1] 318
[0, 0, 0, 1] 322
[0, 0, 0, 1] 340
[0, 0, 0, 1] 349
[0, 0, 0, 1] 358
[0, 0, 0, 1] 360
[0, 0, 0, 1] 363
[0, 0, 0, 1] 415
[0, 0, 0, 1] 467
[0, 0, 0, 1] 480
[0, 0, 0, 1] 484
[0, 0, 0, 1] 486
[0, 0, 0, 1] 525
[0, 0, 0, 1] 532
[0, 0, 0, 1] 536
[0, 0, 0, 1] 539
[0, 0, 0, 1] 544
[0, 0, 0, 1] 557
[0, 0, 0, 1] 567
[0, 0, 0, 1] 593
[0, 0, 0, 1] 597
[0, 0, 0, 1] 599
[0, 0, 0, 1] 600
[0, 0, 0, 1] 606
[0, 0, 0, 1] 612
[0, 0, 0, 1] 618
[0, 0, 0, 1] 621
[0, 0, 0, 1] 670
[0, 0, 0, 1] 691
[0, 0, 0, 1] 740
[0, 0, 0, 1] 752
[0, 0, 0, 1] 755
[0, 0, 0, 1] 770
[0, 0, 0, 1] 775
[0, 0, 0, 1] 779
[0, 0, 0, 1] 791
[0, 0, 0, 1] 817
[0, 0, 0, 1] 829
[0, 0, 0, 1] 834
[0, 0, 0, 1] 835
[0, 0, 0, 1] 877
[0, 0, 0, 1] 909
[0, 0, 0, 1] 926
[0, 0, 0, 1] 943
[0, 0, 0, 1] 954
[0, 0, 0, 1] 963
[0, 0, 0, 1] 984
