VARIABLES 300
NB_OBJ 4
ITEMS
[1, 1, 1, 1] 14
[1, 1, 1, 1] 32
[1, 1, 1, 1] 35
[1, 1, 1, 1] 52
[1, 1, 1, 1] 52
[1, 1, 1, 1] 55
[1, 1, 1, 1] 64
[1, 1, 1, 1] 71
[1, 1, 1, 1] 73
[1, 1, 1, 1] 80
[1, 1, 1, 1] 90
[1, 1, 1, 1] 91
[1, 1, 1, 1] 101
[1, 1, 1, 1] 102
[1, 1, 1, 1] 135
[1, 1, 1, 1] 145
[1, 1, 1, 1] 145
[1, 1, 1, 1] 146
[1, 1, 1, 1] 148
[1, 1, 1, 1] 160
[1, 1, 1, 1] 163
[1, 1, 1, 1] 166
[1, 1, 1, 1] 171
[1, 1, 1, 1] 200
[1, 1, 1, 1] 254
[1, 1, 1, 1] 271
[1, 1, 1, 1] 284
[1, 1, 1, 1] 285
[1, 1, 1, 1] 298
[1, 1, 1, 1] 312
[1, 1, 1, 1] 322
[1, 1, 1, 1] 325
[1, 1, 1, 1] 350
[1, 1, 1, 1] 353
[1, 1, 1, 1] 354
[1, 1, 1, 1] 358
[1, 1, 1, 1] 361
[1, 1, 1, 1] 365
[1, 1, 1, 1] 401
[1, 1, 1, 1] 411
[1, 1, 1, 1] 413
[1, 1, 1, 1] 413
[1, 1, 1, 1] 436
[1, 1, 1, 1] 447
[1, 1, 1, 1] 462
[1, 1, 1, 1] 493
[1, 1, 1, 1] 503
[1, 1, 1, 1] 550
[1, 1, 1, 1] 570
[1, 1, 1, 1] 576
[1, 1, 1, 1] 578
[1, 1, 1, 1] 581
[1, 1, 1, 1] 584
[1, 1, 1, 1] 595
[1, 1, 1, 1] 604
[1, 1, 1, 1] 634
[1, 1, 1, 1] 675
[1, 1, 1, 1] 683
[1, 1, 1, 1] 709
[1, 1, 1, 1] 747
[1, 1, 1, 1] 767
[1, 1, 1, 1] 768
[1, 1, 1, 1] 781
[1, 1, 1, 1] 788
[1, 1, 1, 1] 789
[1, 1, 1, 1] 790
[1, 1, 1, 1] 799
[1, 1, 1, 1] 805
[1, 1, 1, 1] 819
[1, 1, 1, 1] 829
[1, 1, 1, 1] 831
[1, 1, 1, 1] 844
[1, 1, 1, 1] 857
[1, 1, 1, 1] 882
[1, 1, 1, 1] 884
[1, 1, 1, 1] 887
[1, 1, 1, 1] 899
[1, 1, 1, 1] 900
[1, 1, 1, 1] 906
[1, 1, 1, 1] 917
[1, 1, 1, 1] 933
[1, 1, 1, 1] 948
[1, 1, 1, 1] 954
[1, 1, 1, 1] 955
[1, 1, 1, 1] 985
[0, 1, 1, 1] 12
[0, 1, 1, 1] 57
[0, 1, 1, 1] 59
[0, 1, 1, 1] 98
[0, 1, 1, 1] 135
[0, 1, 1, 1] 159
[0, 1, 1, 1] 205
[0, 1, 1, 1] 210
[0, 1, 1, 1] 217
[0, 1, 1, 1] 243
[0, 1, 1, 1] 244
[0, 1, 1, 1] 248
[0, 1, 1, 1] 249
[0, 1, 1, 1] 281
[0, 1, 1, 1] 285
[0, 1, 1, 1] 297
[0, 1, 1, 1] 299
[0, 1, 1, 1] 326
[0, 1, 1, 1] 328
[0, 1, 1, 1] 329
[0, 1, 1, 1] 362
[0, 1, 1, 1] 369
[0, 1, 1, 1] 384
[0, 1, 1, 1] 390
[0, 1, 1, 1] 394
[0, 1, 1, 1] 402
[0, 1, 1, 1] 415
[0, 1, 1, 1] 429
[0, 1, 1, 1] 459
[0, 1, 1, 1] 462
[0, 1, 1, 1] 467
[0, 1, 1, 1] 601
[0, 1, 1, 1] 631
[0, 1, 1, 1] 651
[0, 1, 1, 1] 654
[0, 1, 1, 1] 660
[0, 1, 1, 1] 663
[0, 1, 1, 1] 686
[0, 1, 1, 1] 707
[0, 1, 1, 1] 714
[0, 1, 1, 1] 730
[0, 1, 1, 1] 730
[0, 1, 1, 1] 735
[0, 1, 1, 1] 772
[0, 1, 1, 1] 790
[0, 1, 1, 1] 799
[0, 1, 1, 1] 806
[0, 1, 1, 1] 810
[0, 1, 1, 1] 817
[0, 1, 1, 1] 818
[0, 1, 1, 1] 830
[0, 1, 1, 1] 832
[0, 1, 1, 1] 834
[0, 1, 1, 1] 841
[0, 1, 1, 1] 860
[0, 1, 1, 1] 869
[0, 1, 1, 1] 871
[0, 1, 1, 1] 875
[0, 1, 1, 1] 876
[0, 1, 1, 1] 883
[0, 1, 1, 1] 900
[0, 1, 1, 1] 944
[0, 1, 1, 1] 967
[0, 1, 1, 1] 977
[0, 1, 1, 1] 999
[0, 0, 1, 1] 26
[0, 0, 1, 1] 36
[0, 0, 1, 1] 44
[0, 0, 1, 1] 64
[0, 0, 1, 1] 76
[0, 0, 1, 1] 95
[0, 0, 1, 1] 122
[0, 0, 1, 1] 163
[0, 0, 1, 1] 169
[0, 0, 1, 1] 172
[0, 0, 1, 1] 172
[0, 0, 1, 1] 178
[0, 0, 1, 1] 184
[0, 0, 1, 1] 198
[0, 0, 1, 1] 201
[0, 0, 1, 1] 205
[0, 0, 1, 1] 213
[0, 0, 1, 1] 234
[0, 0, 1, 1] 235
[0, 0, 1, 1] 236
[0, 0, 1, 1] 245
[0, 0, 1, 1] 261
[0, 0, 1, 1] 283
[0, 0, 1, 1] 302
[0, 0, 1, 1] 314
[0, 0, 1, 1] 322
[0, 0, 1, 1] 333
[0, 0, 1, 1] 338
[0, 0, 1, 1] 339
[0, 0, 1, 1] 350
[0, 0, 1, 1] 356
[0, 0, 1, 1] 367
[0, 0, 1, 1] 375
[0, 0, 1, 1] 405
[0, 0, 1, 1] 411
[0, 0, 1, 1] 433
[0, 0, 1, 1] 453
[0, 0, 1, 1] 460
[0, 0, 1, 1] 466
[0, 0, 1, 1] 488
[0, 0, 1, 1] 491
[0, 0, 1, 1] 494
[0, 0, 1, 1] 523
[0, 0, 1, 1] 524
[0, 0, 1, 1] 538
[0, 0, 1, 1] 556
[0, 0, 1, 1] 586
[0, 0, 1, 1] 592
[0, 0, 1, 1] 615
[0, 0, 1, 1] 676
[0, 0, 1, 1] 686
[0, 0, 1, 1] 696
[0, 0, 1, 1] 700
[0, 0, 1, 1] 705
[0, 0, 1, 1] 709
[0, 0, 1, 1] 712
[0, 0, 1, 1] 724
[0, 0, 1, 1] 749
[0, 0, 1, 1] 757
[0, 0, 1, 1] 771
[0, 0, 1, 1] 776
[0, 0, 1, 1] 841
[0, 0, 1, 1] 862
[0, 0, 1, 1] 864
[0, 0, 1, 1] 865
[0, 0, 1, 1] 904
[0, 0, 1, 1] 914
[0, 0, 1, 1] 926
[0, 0, 1, 1] 932
[0, 0, 1, 1] 934
[0, 0, 1, 1] 940
[0, 0, 1, 1] 954
[0, 0, 1, 1] 982
[0, 0, 1, 1] 982
[0, 0, 1, 1] 991
[0, 0, 1, 1] 992
[0, 0, 1, 1] 996
[0, 0, 0, 1] 5
[0, 0, 0, 1] 7
[0, 0, 0, 1] 9
[0, 0, 0, 1] 76
[0, 0, 0, 1] 77
[0, 0, 0, 1] 84
[0, 0, 0, 1] 99
[0, 0, 0, 1] 110
[0, 0, 0, 1] 148
[0, 0, 0, 1] 157
[0, 0, 0, 1] 172
[0, 0, 0, 1] 204
[0, 0, 0, 1] 204
[0, 0, 0, 1] 223
[0, 0, 0, 1] 229
[0, 0, 0, 1] 244
[0, 0, 0, 1] 246
[0, 0, 0, 1] 254
[0, 0, 0, 1] 260
[0, 0, 0, 1] 296
[0, 0, 0, 1] 320
[0, 0, 0, 1] 335
[0, 0, 0, 1] 341
[0, 0, 0, 1] 353
[0, 0, 0, 1] 361
[0, 0, 0, 1] 372
[0, 0, 0, 1] 405
[0, 0, 0, 1] 408
[0, 0, 0, 1] 408
[0, 0, 0, 1] 421
[0, 0, 0, 1] 427
[0, 0, 0, 1] 439
[0, 0, 0, 1] 440
[0, 0, 0, 1] 452
[0, 0, 0, 1] 456
[0, 0, 0, 1] 476
[0, 0, 0, 1] 495
[0, 0, 0, 1] 512
[0, 0, 0, 1] 537
[0, 0, 0, 1] 541
[0, 0, 0, 1] 602
[0, 0, 0, 1] 608
[0, 0, 0, 1] 619
[0, 0, 0, 1] 621
[0, 0, 0, 1] 644
[0, 0, 0, 1] 646
[0, 0, 0, 1] 661
[0, 0, 0, 1] 670
[0, 0, 0, 1] 678
[0, 0, 0, 1] 688
[0, 0, 0, 1] 695
[0, 0, 0, 1] 717
[0, 0, 0, 1] 749
[0, 0, 0, 1] 787
[0, 0, 0, 1] 794
[0, 0, 0, 1] 807
[0, 0, 0, 1] 816
[0, 0, 0, 1] 819
[0, 0, 0, 1] 833
[0, 0, 0, 1] 872
[0, 0, 0, 1] 891
[0, 0, 0, 1] 891
[0, 0, 0, 1] 892
[0, 0, 0, 1] 901
[0, 0, 0, 1] 901
[0, 0, 0, 1] 939
[0, 0, 0, 1] 942
[0, 0, 0, 1] 942
[0, 0, 0, 1] 943
[0, 0, 0, 1] 945
[0, 0, 0, 1] 966
[0, 0, 0, 1] 973
[0, 0, 0, 1] 977
