VARIABLES 300
NB_OBJ 4
ITEMS
[1, 1, 1, 1] 9
[1, 1, 1, 1] 12
[1, 1, 1, 1] 12
[1, 1, 1, 1] 32
[1, 1, 1, 1] 34
[1, 1, 1, 1] 42
[1, 1, 1, 1] 43
[1, 1, 1, 1] 56
[1, 1, 1, 1] 56
[1, 1, 1, 1] 57
[1, 1, 1, 1] 123
[1, 1, 1, 1] 130
[1, 1, 1, 1] 132
[1, 1, 1, 1] 135
[1, 1, 1, 1] 142
[1, 1, 1, 1] 153
[1, 1, 1, 1] 166
[1, 1, 1, 1] 188
[1, 1, 1, 1] 211
[1, 1, 1, 1] 214
[1, 1, 1, 1] 222
[1, 1, 1, 1] 227
[1, 1, 1, 1] 241
[1, 1, 1, 1] 270
[1, 1, 1, 1] 271
[1, 1, 1, 1] 279
[1, 1, 1, 1] 282
[1, 1, 1, 1] 287
[1, 1, 1, 1] 312
[1, 1, 1, 1] 328
[1, 1, 1, 1] 350
[1, 1, 1, 1] 390
[1, 1, 1, 1] 402
[1, 1, 1, 1] 409
[1, 1, 1, 1] 434
[1, 1, 1, 1] 442
[1, 1, 1, 1] 445
[1, 1, 1, 1] 451
[1, 1, 1, 1] 475
[1, 1, 1, 1] 477
[1, 1, 1, 1] 486
[1, 1, 1, 1] 505
[1, 1, 1, 1] 508
[1, 1, 1, 1] 511
[1, 1, 1, 1] 561
[1, 1, 1, 1] 563
[1, 1, 1, 1] 565
[1, 1, 1, 1] 566
[1, 1, 1, 1] 567
[1, 1, 1, 1] 574
[1, 1, 1, 1] 584
[1, 1, 1, 1] 584
[1, 1, 1, 1] 588
[1, 1, 1, 1] 602
[1, 1, 1, 1] 603
[1, 1, 1, 1] 604
[1, 1, 1, 1] 604
[1, 1, 1, 1] 619
[1, 1, 1, 1] 623
[1, 1, 1, 1] 640
[1, 1, 1, 1] 641
[1, 1, 1, 1] 649
[1, 1, 1, 1] 663
[1, 1, 1, 1] 668
[1, 1, 1, 1] 676
[1, 1, 1, 1] 682
[1, 1, 1, 1] 704
[1, 1, 1, 1] 745
[1, 1, 1, 1] 750
[1, 1, 1, 1] 776
[1, 1, 1, 1] 779
[1, 1, 1, 1] 780
[1, 1, 1, 1] 788
[1, 1, 1, 1] 803
[1, 1, 1, 1] 833
[1, 1, 1, 1] 846
[1, 1, 1, 1] 874
[1, 1, 1, 1] 876
[1, 1, 1, 1] 879
[1, 1, 1, 1] 908
[1, 1, 1, 1] 910
[1, 1, 1, 1] 945
[0, 1, 1, 1] 13
[0, 1, 1, 1] 19
[0, 1, 1, 1] 35
[0, 1, 1, 1] 50
[0, 1, 1, 1] 81
[0, 1, 1, 1] 117
[0, 1, 1, 1] 134
[0, 1, 1, 1] 142
[0, 1, 1, 1] 160
[0, 1, 1, 1] 172
[0, 1, 1, 1] 198
[0, 1, 1, 1] 200
[0, 1, 1, 1] 211
[0, 1, 1, 1] 224
[0, 1, 1, 1] 249
[0, 1, 1, 1] 250
[0, 1, 1, 1] 258
[0, 1, 1, 1] 302
[0, 1, 1, 1] 318
[0, 1, 1, 1] 330
[0, 1, 1, 1] 330
[0, 1, 1, 1] 331
[0, 1, 1, 1] 345
[0, 1, 1, 1] 376
[0, 1, 1, 1] 387
[0, 1, 1, 1] 393
[0, 1, 1, 1] 408
[0, 1, 1, 1] 419
[0, 1, 1, 1] 425
[0, 1, 1, 1] 434
[0, 1, 1, 1] 442
[0, 1, 1, 1] 460
[0, 1, 1, 1] 477
[0, 1, 1, 1] 483
[0, 1, 1, 1] 496
[0, 1, 1, 1] 503
[0, 1, 1, 1] 506
[0, 1, 1, 1] 515
[0, 1, 1, 1] 520
[0, 1, 1, 1] 542
[0, 1, 1, 1] 546
[0, 1, 1, 1] 635
[0, 1, 1, 1] 643
[0, 1, 1, 1] 666
[0, 1, 1, 1] 676
[0, 1, 1, 1] 683
[0, 1, 1, 1] 702
[0, 1, 1, 1] 715
[0, 1, 1, 1] 734
[0, 1, 1, 1] 746
[0, 1, 1, 1] 789
[0, 1, 1, 1] 803
[0, 1, 1, 1] 807
[0, 1, 1, 1] 809
[0, 1, 1, 1] 811
[0, 1, 1, 1] 816
[0, 1, 1, 1] 817
[0, 1, 1, 1] 836
[0, 1, 1, 1] 843
[0, 1, 1, 1] 882
[0, 1, 1, 1] 885
[0, 1, 1, 1] 896
[0, 1, 1, 1] 900
[0, 1, 1, 1] 922
[0, 1, 1, 1] 945
[0, 1, 1, 1] 950
[0, 1, 1, 1] 954
[0, 1, 1, 1] 958
[0, 1, 1, 1] 983
[0, 1, 1, 1] 990
[0, 1, 1, 1] 997
[0, 1, 1, 1] 999
[0, 0, 1, 1] 1
[0, 0, 1, 1] 10
[0, 0, 1, 1] 16
[0, 0, 1, 1] 34
[0, 0, 1, 1] 46
[0, 0, 1, 1] 58
[0, 0, 1, 1] 68
[0, 0, 1, 1] 73
[0, 0, 1, 1] 85
[0, 0, 1, 1] 151
[0, 0, 1, 1] 168
[0, 0, 1, 1] 168
[0, 0, 1, 1] 184
[0, 0, 1, 1] 187
[0, 0, 1, 1] 196
[0, 0, 1, 1] 214
[0, 0, 1, 1] 214
[0, 0, 1, 1] 222
[0, 0, 1, 1] 223
[0, 0, 1, 1] 226
[0, 0, 1, 1] 239
[0, 0, 1, 1] 245
[0, 0, 1, 1] 252
[0, 0, 1, 1] 256
[0, 0, 1, 1] 269
[0, 0, 1, 1] 275
[0, 0, 1, 1] 283
[0, 0, 1, 1] 290
[0, 0, 1, 1] 299
[0, 0, 1, 1] 316
[0, 0, 1, 1] 322
[0, 0, 1, 1] 337
[0, 0, 1, 1] 340
[0, 0, 1, 1] 358
[0, 0, 1, 1] 364
[0, 0, 1, 1] 377
[0, 0, 1, 1] 385
[0, 0, 1, 1] 410
[0, 0, 1, 1] 423
[0, 0, 1, 1] 428
[0, 0, 1, 1] 451
[0, 0, 1, 1] 461
[0, 0, 1, 1] 479
[0, 0, 1, 1] 482
[0, 0, 1, 1] 519
[0, 0, 1, 1] 526
[0, 0, 1, 1] 533
[0, 0, 1, 1] 533
[0, 0, 1, 1] 560
[0, 0, 1, 1] 562
[0, 0, 1, 1] 564
[0, 0, 1, 1] 571
[0, 0, 1, 1] 589
[0, 0, 1, 1] 591
[0, 0, 1, 1] 607
[0, 0, 1, 1] 629
[0, 0, 1, 1] 633
[0, 0, 1, 1] 650
[0, 0, 1, 1] 658
[0, 0, 1, 1] 658
[0, 0, 1, 1] 694
[0, 0, 1, 1] 697
[0, 0, 1, 1] 749
[0, 0, 1, 1] 757
[0, 0, 1, 1] 768
[0, 0, 1, 1] 865
[0, 0, 1, 1] 866
[0, 0, 1, 1] 878
[0, 0, 1, 1] 888
[0, 0, 1, 1] 905
[0, 0, 1, 1] 932
[0, 0, 1, 1] 951
[0, 0, 1, 1] 958
[0, 0, 1, 1] 961
[0, 0, 0, 1] 10
[0, 0, 0, 1] 23
[0, 0, 0, 1] 54
[0, 0, 0, 1] 59
[0, 0, 0, 1] 66
[0, 0, 0, 1] 110
[0, 0, 0, 1] 124
[0, 0, 0, 1] 134
[0, 0, 0, 1] 135
[0, 0, 0, 1] 144
[0, 0, 0, 1] 166
[0, 0, 0, 1] 176
[0, 0, 0, 1] 177
[0, 0, 0, 1] 182
[0, 0, 0, 1] 191
[0, 0, 0, 1] 208
[0, 0, 0, 1] 245
[0, 0, 0, 1] 247
[0, 0, 0, 1] 268
[0, 0, 0, 1] 269
[0, 0, 0, 1] 279
[0, 0, 0, 1] 297
[0, 0, 0, 1] 315
[0, 0, 0, 1] 322
[0, 0, 0, 1] 332
[0, 0, 0, 1] 336
[0, 0, 0, 1] 341
[0, 0, 0, 1] 352
[0, 0, 0, 1] 357
[0, 0, 0, 1] 391
[0, 0, 0, 1] 399
[0, 0, 0, 1] 402
[0, 0, 0, 1] 403
[0, 0, 0, 1] 410
[0, 0, 0, 1] 426
[0, 0, 0, 1] 448
[0, 0, 0, 1] 453
[0, 0, 0, 1] 473
[0, 0, 0, 1] 479
[0, 0, 0, 1] 527
[0, 0, 0, 1] 536
[0, 0, 0, 1] 551
[0, 0, 0, 1] 566
[0, 0, 0, 1] 579
[0, 0, 0, 1] 581
[0, 0, 0, 1] 584
[0, 0, 0, 1] 596
[0, 0, 0, 1] 605
[0, 0, 0, 1] 615
[0, 0, 0, 1] 627
[0, 0, 0, 1] 649
[0, 0, 0, 1] 669
[0, 0, 0, 1] 728
[0, 0, 0, 1] 728
[0, 0, 0, 1] 743
[0, 0, 0, 1] 769
[0, 0, 0, 1] 787
[0, 0, 0, 1] 788
[0, 0, 0, 1] 791
[0, 0, 0, 1] 802
[0, 0, 0, 1] 806
[0, 0, 0, 1] 816
[0, 0, 0, 1] 833
[0, 0, 0, 1] 837
[0, 0, 0, 1] 871
[0, 0, 0, 1] 889
[0, 0, 0, 1] 902
[0, 0, 0, 1] 906
[0, 0, 0, 1] 926
[0, 0, 0, 1] 950
[0, 0, 0, 1] 976
[0, 0, 0, 1] 979
