VARIABLES 300
NB_OBJ 4
ITEMS
[1, 1, 1, 1] 27
[1, 1, 1, 1] 40
[1, 1, 1, 1] 82
[1, 1, 1, 1] 83
[1, 1, 1, 1] 96
[1, 1, 1, 1] 96
[1, 1, 1, 1] 100
[1, 1, 1, 1] 108
[1, 1, 1, 1] 114
[1, 1, 1, 1] 123
[1, 1, 1, 1] 128
[1, 1, 1, 1] 170
[1, 1, 1, 1] 172
[1, 1, 1, 1] 176
[1, 1, 1, 1] 193
[1, 1, 1, 1] 194
[1, 1, 1, 1] 201
[1, 1, 1, 1] 218
[1, 1, 1, 1] 235
[1, 1, 1, 1] 236
[1, 1, 1, 1] 237
[1, 1, 1, 1] 264
[1, 1, 1, 1] 269
[1, 1, 1, 1] 282
[1, 1, 1, 1] 317
[1, 1, 1, 1] 318
[1, 1, 1, 1] 380
[1, 1, 1, 1] 397
[1, 1, 1, 1] 399
[1, 1, 1, 1] 411
[1, 1, 1, 1] 435
[1, 1, 1, 1] 466
[1, 1, 1, 1] 485
[1, 1, 1, 1] 508
[1, 1, 1, 1] 513
[1, 1, 1, 1] 522
[1, 1, 1, 1] 526
[1, 1, 1, 1] 529
[1, 1, 1, 1] 529
[1, 1, 1, 1] 529
[1, 1, 1, 1] 537
[1, 1, 1, 1] 547
[1, 1, 1, 1] 563
[1, 1, 1, 1] 572
[1, 1, 1, 1] 631
[1, 1, 1, 1] 646
[1, 1, 1, 1] 649
[1, 1, 1, 1] 650
[1, 1, 1, 1] 654
[1, 1, 1, 1] 656
[1, 1, 1, 1] 678
[1, 1, 1, 1] 691
[1, 1, 1, 1] 701
[1, 1, 1, 1] 707
[1, 1, 1, 1] 711
[1, 1, 1, 1] 715
[1, 1, 1, 1] 744
[1, 1, 1, 1] 749
[1, 1, 1, 1] 753
[1, 1, 1, 1] 781
[1, 1, 1, 1] 782
[1, 1, 1, 1] 789
[1, 1, 1, 1] 820
[1, 1, 1, 1] 825
[1, 1, 1, 1] 827
[1, 1, 1, 1] 868
[1, 1, 1, 1] 870
[1, 1, 1, 1] 875
[1, 1, 1, 1] 887
[1, 1, 1, 1] 900
[1, 1, 1, 1] 924
[1, 1, 1, 1] 956
[1, 1, 1, 1] 957
[1, 1, 1, 1] 962
[1, 1, 1, 1] 977
[1, 1, 1, 1] 988
[1, 1, 1, 1] 990
[0, 1, 1, 1] 4
[0, 1, 1, 1] 11
[0, 1, 1, 1] 17
[0, 1, 1, 1] 58
[0, 1, 1, 1] 64
[0, 1, 1, 1] 79
[0, 1, 1, 1] 80
[0, 1, 1, 1] 100
[0, 1, 1, 1] 101
[0, 1, 1, 1] 146
[0, 1, 1, 1] 179
[0, 1, 1, 1] 188
[0, 1, 1, 1] 190
[0, 1, 1, 1] 208
[0, 1, 1, 1] 209
[0, 1, 1, 1] 217
[0, 1, 1, 1] 242
[0, 1, 1, 1] 242
[0, 1, 1, 1] 281
[0, 1, 1, 1] 283
[0, 1, 1, 1] 303
[0, 1, 1, 1] 312
[0, 1, 1, 1] 313
[0, 1, 1, 1] 315
[0, 1, 1, 1] 326
[0, 1, 1, 1] 327
[0, 1, 1, 1] 344
[0, 1, 1, 1] 367
[0, 1, 1, 1] 391
[0, 1, 1, 1] 395
[0, 1, 1, 1] 407
[0, 1, 1, 1] 408
[0, 1, 1, 1] 411
[0, 1, 1, 1] 426
[0, 1, 1, 1] 428
[0, 1, 1, 1] 438
[0, 1, 1, 1] 441
[0, 1, 1, 1] 459
[0, 1, 1, 1] 464
[0, 1, 1, 1] 468
[0, 1, 1, 1] 478
[0, 1, 1, 1] 508
[0, 1, 1, 1] 514
[0, 1, 1, 1] 525
[0, 1, 1, 1] 532
[0, 1, 1, 1] 536
[0, 1, 1, 1] 549
[0, 1, 1, 1] 551
[0, 1, 1, 1] 574
[0, 1, 1, 1] 660
[0, 1, 1, 1] 664
[0, 1, 1, 1] 664
[0, 1, 1, 1] 686
[0, 1, 1, 1] 690
[0, 1, 1, 1] 719
[0, 1, 1, 1] 731
[0, 1, 1, 1] 749
[0, 1, 1, 1] 767
[0, 1, 1, 1] 774
[0, 1, 1, 1] 774
[0, 1, 1, 1] 778
[0, 1, 1, 1] 792
[0, 1, 1, 1] 829
[0, 1, 1, 1] 867
[0, 1, 1, 1] 870
[0, 1, 1, 1] 871
[0, 1, 1, 1] 873
[0, 1, 1, 1] 891
[0, 1, 1, 1] 915
[0, 1, 1, 1] 918
[0, 1, 1, 1] 928
[0, 1, 1, 1] 928
[0, 1, 1, 1] 957
[0, 1, 1, 1] 982
[0, 0, 1, 1] 9
[0, 0, 1, 1] 43
[0, 0, 1, 1] 52
[0, 0, 1, 1] 67
[0, 0, 1, 1] 80
[0, 0, 1, 1] 81
[0, 0, 1, 1] 106
[0, 0, 1, 1] 115
[0, 0, 1, 1] 142
[0, 0, 1, 1] 154
[0, 0, 1, 1] 173
[0, 0, 1, 1] 175
[0, 0, 1, 1] 231
[0, 0, 1, 1] 232
[0, 0, 1, 1] 244
[0, 0, 1, 1] 250
[0, 0, 1, 1] 257
[0, 0, 1, 1] 259
[0, 0, 1, 1] 300
[0, 0, 1, 1] 307
[0, 0, 1, 1] 326
[0, 0, 1, 1] 342
[0, 0, 1, 1] 361
[0, 0, 1, 1] 362
[0, 0, 1, 1] 410
[0, 0, 1, 1] 414
[0, 0, 1, 1] 422
[0, 0, 1, 1] 459
[0, 0, 1, 1] 464
[0, 0, 1, 1] 478
[0, 0, 1, 1] 483
[0, 0, 1, 1] 487
[0, 0, 1, 1] 496
[0, 0, 1, 1] 512
[0, 0, 1, 1] 515
[0, 0, 1, 1] 517
[0, 0, 1, 1] 534
[0, 0, 1, 1] 554
[0, 0, 1, 1] 557
[0, 0, 1, 1] 557
[0, 0, 1, 1] 566
[0, 0, 1, 1] 571
[0, 0, 1, 1] 589
[0, 0, 1, 1] 602
[0, 0, 1, 1] 607
[0, 0, 1, 1] 617
[0, 0, 1, 1] 635
[0, 0, 1, 1] 657
[0, 0, 1, 1] 679
[0, 0, 1, 1] 717
[0, 0, 1, 1] 718
[0, 0, 1, 1] 721
[0, 0, 1, 1] 726
[0, 0, 1, 1] 753
[0, 0, 1, 1] 759
[0, 0, 1, 1] 779
[0, 0, 1, 1] 796
[0, 0, 1, 1] 819
[0, 0, 1, 1] 825
[0, 0, 1, 1] 843
[0, 0, 1, 1] 843
[0, 0, 1, 1] 853
[0, 0, 1, 1] 872
[0, 0, 1, 1] 880
[0, 0, 1, 1] 908
[0, 0, 1, 1] 914
[0, 0, 1, 1] 916
[0, 0, 1, 1] 925
[0, 0, 1, 1] 932
[0, 0, 1, 1] 954
[0, 0, 1, 1] 955
[0, 0, 1, 1] 969
[0, 0, 1, 1] 988
[0, 0, 0, 1] 6
[0, 0, 0, 1] 23
[0, 0, 0, 1] 24
[0, 0, 0, 1] 26
[0, 0, 0, 1] 26
[0, 0, 0, 1] 91
[0, 0, 0, 1] 95
[0, 0, 0, 1] 100
[0, 0, 0, 1] 121
[0, 0, 0, 1] 145
[0, 0, 0, 1] 161
[0, 0, 0, 1] 173
[0, 0, 0, 1] 177
[0, 0, 0, 1] 180
[0, 0, 0, 1] 189
[0, 0, 0, 1] 200
[0, 0, 0, 1] 205
[0, 0, 0, 1] 222
[0, 0, 0, 1] 235
[0, 0, 0, 1] 243
[0, 0, 0, 1] 248
[0, 0, 0, 1] 260
[0, 0, 0, 1] 273
[0, 0, 0, 1] 276
[0, 0, 0, 1] 294
[0, 0, 0, 1] 326
[0, 0, 0, 1] 342
[0, 0, 0, 1] 347
[0, 0, 0, 1] 350
[0, 0, 0, 1] 399
[0, 0, 0, 1] 399
[0, 0, 0, 1] 449
[0, 0, 0, 1] 467
[0, 0, 0, 1] 469
[0, 0, 0, 1] 491
[0, 0, 0, 1] 491
[0, 0, 0, 1] 508
[0, 0, 0, 1] 527
[0, 0, 0, 1] 542
[0, 0, 0, 1] 545
[0, 0, 0, 1] 562
[0, 0, 0, 1] 566
[0, 0, 0, 1] 572
[0, 0, 0, 1] 593
[0, 0, 0, 1] 597
[0, 0, 0, 1] 627
[0, 0, 0, 1] 647
[0, 0, 0, 1] 658
[0, 0, 0, 1] 659
[0, 0, 0, 1] 695
[0, 0, 0, 1] 701
[0, 0, 0, 1] 705
[0, 0, 0, 1] 733
[0, 0, 0, 1] 733
[0, 0, 0, 1] 743
[0, 0, 0, 1] 744
[0, 0, 0, 1] 749
[0, 0, 0, 1] 796
[0, 0, 0, 1] 810
[0, 0, 0, 1] 823
[0, 0, 0, 1] 836
[0, 0, 0, 1] 846
[0, 0, 0, 1] 851
[0, 0, 0, 1] 869
[0, 0, 0, 1] 872
[0, 0, 0, 1] 888
[0, 0, 0, 1] 898
[0, 0, 0, 1] 900
[0, 0, 0, 1] 901
[0, 0, 0, 1] 918
[0, 0, 0, 1] 921
[0, 0, 0, 1] 949
[0, 0, 0, 1] 952
[0, 0, 0, 1] 975
[0, 0, 0, 1] 979
[0, 0, 0, 1] 992
