VARIABLES 300
NB_OBJ 4
ITEMS
[1, 1, 1, 1] 2
[1, 1, 1, 1] 11
[1, 1, 1, 1] 12
[1, 1, 1, 1] 30
[1, 1, 1, 1] 43
[1, 1, 1, 1] 54
[1, 1, 1, 1] 64
[1, 1, 1, 1] 67
[1, 1, 1, 1] 84
[1, 1, 1, 1] 85
[1, 1, 1, 1] 88
[1, 1, 1, 1] 132
[1, 1, 1, 1] 138
[1, 1, 1, 1] 155
[1, 1, 1, 1] 155
[1, 1, 1, 1] 156
[1, 1, 1, 1] 156
[1, 1, 1, 1] 179
[1, 1, 1, 1] 180
[1, 1, 1, 1] 182
[1, 1, 1, 1] 194
[1, 1, 1, 1] 194
[1, 1, 1, 1] 203
[1, 1, 1, 1] 229
[1, 1, 1, 1] 235
[1, 1, 1, 1] 238
[1, 1, 1, 1] 244
[1, 1, 1, 1] 260
[1, 1, 1, 1] 263
[1, 1, 1, 1] 268
[1, 1, 1, 1] 321
[1, 1, 1, 1] 333
[1, 1, 1, 1] 359
[1, 1, 1, 1] 372
[1, 1, 1, 1] 382
[1, 1, 1, 1] 416
[1, 1, 1, 1] 490
[1, 1, 1, 1] 517
[1, 1, 1, 1] 522
[1, 1, 1, 1] 525
[1, 1, 1, 1] 531
[1, 1, 1, 1] 540
[1, 1, 1, 1] 544
[1, 1, 1, 1] 544
[1, 1, 1, 1] 549
[1, 1, 1, 1] 551
[1, 1, 1, 1] 598
[1, 1, 1, 1] 618
[1, 1, 1, 1] 630
[1, 1, 1, 1] 644
[1, 1, 1, 1] 646
[1, 1, 1, 1] 673
[1, 1, 1, 1] 703
[1, 1, 1, 1] 711
[1, 1, 1, 1] 713
[1, 1, 1, 1] 783
[1, 1, 1, 1] 834
[1, 1, 1, 1] 844
[1, 1, 1, 1] 847
[1, 1, 1, 1] 857
[1, 1, 1, 1] 858
[1, 1, 1, 1] 858
[1, 1, 1, 1] 865
[1, 1, 1, 1] 878
[1, 1, 1, 1] 880
[1, 1, 1, 1] 909
[1, 1, 1, 1] 923
[1, 1, 1, 1] 930
[1, 1, 1, 1] 941
[1, 1, 1, 1] 947
[1, 1, 1, 1] 949
[1, 1, 1, 1] 949
[1, 1, 1, 1] 954
[1, 1, 1, 1] 958
[1, 1, 1, 1] 959
[1, 1, 1, 1] 959
[1, 1, 1, 1] 966
[1, 1, 1, 1] 976
[1, 1, 1, 1] 984
[1, 1, 1, 1] 997
[0, 1, 1, 1] 17
[0, 1, 1, 1] 18
[0, 1, 1, 1] 29
[0, 1, 1, 1] 35
[0, 1, 1, 1] 47
[0, 1, 1, 1] 68
[0, 1, 1, 1] 86
[0, 1, 1, 1] 90
[0, 1, 1, 1] 102
[0, 1, 1, 1] 105
[0, 1, 1, 1] 116
[0, 1, 1, 1] 126
[0, 1, 1, 1] 156
[0, 1, 1, 1] 172
[0, 1, 1, 1] 175
[0, 1, 1, 1] 187
[0, 1, 1, 1] 202
[0, 1, 1, 1] 205
[0, 1, 1, 1] 205
[0, 1, 1, 1] 217
[0, 1, 1, 1] 227
[0, 1, 1, 1] 232
[0, 1, 1, 1] 235
[0, 1, 1, 1] 238
[0, 1, 1, 1] 240
[0, 1, 1, 1] 262
[0, 1, 1, 1] 271
[0, 1, 1, 1] 275
[0, 1, 1, 1] 290
[0, 1, 1, 1] 294
[0, 1, 1, 1] 295
[0, 1, 1, 1] 333
[0, 1, 1, 1] 336
[0, 1, 1, 1] 339
[0, 1, 1, 1] 349
[0, 1, 1, 1] 397
[0, 1, 1, 1] 481
[0, 1, 1, 1] 497
[0, 1, 1, 1] 500
[0, 1, 1, 1] 519
[0, 1, 1, 1] 542
[0, 1, 1, 1] 550
[0, 1, 1, 1] 568
[0, 1, 1, 1] 568
[0, 1, 1, 1] 577
[0, 1, 1, 1] 610
[0, 1, 1, 1] 622
[0, 1, 1, 1] 632
[0, 1, 1, 1] 655
[0, 1, 1, 1] 661
[0, 1, 1, 1] 665
[0, 1, 1, 1] 708
[0, 1, 1, 1] 716
[0, 1, 1, 1] 748
[0, 1, 1, 1] 748
[0, 1, 1, 1] 767
[0, 1, 1, 1] 775
[0, 1, 1, 1] 777
[0, 1, 1, 1] 798
[0, 1, 1, 1] 800
[0, 1, 1, 1] 809
[0, 1, 1, 1] 818
[0, 1, 1, 1] 851
[0, 1, 1, 1] 864
[0, 1, 1, 1] 882
[0, 1, 1, 1] 882
[0, 1, 1, 1] 890
[0, 1, 1, 1] 902
[0, 1, 1, 1] 999
[0, 0, 1, 1] 21
[0, 0, 1, 1] 36
[0, 0, 1, 1] 39
[0, 0, 1, 1] 40
[0, 0, 1, 1] 49
[0, 0, 1, 1] 54
[0, 0, 1, 1] 75
[0, 0, 1, 1] 81
[0, 0, 1, 1] 87
[0, 0, 1, 1] 99
[0, 0, 1, 1] 101
[0, 0, 1, 1] 119
[0, 0, 1, 1] 148
[0, 0, 1, 1] 148
[0, 0, 1, 1] 150
[0, 0, 1, 1] 157
[0, 0, 1, 1] 157
[0, 0, 1, 1] 174
[0, 0, 1, 1] 187
[0, 0, 1, 1] 224
[0, 0, 1, 1] 224
[0, 0, 1, 1] 263
[0, 0, 1, 1] 265
[0, 0, 1, 1] 266
[0, 0, 1, 1] 280
[0, 0, 1, 1] 293
[0, 0, 1, 1] 307
[0, 0, 1, 1] 309
[0, 0, 1, 1] 341
[0, 0, 1, 1] 349
[0, 0, 1, 1] 363
[0, 0, 1, 1] 363
[0, 0, 1, 1] 381
[0, 0, 1, 1] 387
[0, 0, 1, 1] 400
[0, 0, 1, 1] 402
[0, 0, 1, 1] 421
[0, 0, 1, 1] 429
[0, 0, 1, 1] 448
[0, 0, 1, 1] 454
[0, 0, 1, 1] 455
[0, 0, 1, 1] 484
[0, 0, 1, 1] 485
[0, 0, 1, 1] 514
[0, 0, 1, 1] 524
[0, 0, 1, 1] 526
[0, 0, 1, 1] 539
[0, 0, 1, 1] 551
[0, 0, 1, 1] 554
[0, 0, 1, 1] 559
[0, 0, 1, 1] 563
[0, 0, 1, 1] 577
[0, 0, 1, 1] 612
[0, 0, 1, 1] 619
[0, 0, 1, 1] 621
[0, 0, 1, 1] 628
[0, 0, 1, 1] 631
[0, 0, 1, 1] 633
[0, 0, 1, 1] 641
[0, 0, 1, 1] 649
[0, 0, 1, 1] 651
[0, 0, 1, 1] 687
[0, 0, 1, 1] 744
[0, 0, 1, 1] 756
[0, 0, 1, 1] 761
[0, 0, 1, 1] 778
[0, 0, 1, 1] 789
[0, 0, 1, 1] 797
[0, 0, 1, 1] 797
[0, 0, 1, 1] 835
[0, 0, 1, 1] 844
[0, 0, 1, 1] 849
[0, 0, 1, 1] 869
[0, 0, 1, 1] 900
[0, 0, 1, 1] 908
[0, 0, 1, 1] 917
[0, 0, 1, 1] 931
[0, 0, 1, 1] 939
[0, 0, 1, 1] 949
[0, 0, 1, 1] 979
[0, 0, 1, 1] 979
[0, 0, 1, 1] 987
[0, 0, 1, 1] 988
[0, 0, 0, 1] 6
[0, 0, 0, 1] 7
[0, 0, 0, 1] 18
[0, 0, 0, 1] 30
[0, 0, 0, 1] 46
[0, 0, 0, 1] 51
[0, 0, 0, 1] 68
[0, 0, 0, 1] 76
[0, 0, 0, 1] 98
[0, 0, 0, 1] 104
[0, 0, 0, 1] 105
[0, 0, 0, 1] 106
[0, 0, 0, 1] 115
[0, 0, 0, 1] 116
[0, 0, 0, 1] 132
[0, 0, 0, 1] 134
[0, 0, 0, 1] 137
[0, 0, 0, 1] 142
[0, 0, 0, 1] 153
[0, 0, 0, 1] 174
[0, 0, 0, 1] 174
[0, 0, 0, 1] 203
[0, 0, 0, 1] 205
[0, 0, 0, 1] 208
[0, 0, 0, 1] 216
[0, 0, 0, 1] 239
[0, 0, 0, 1] 283
[0, 0, 0, 1] 303
[0, 0, 0, 1] 350
[0, 0, 0, 1] 365
[0, 0, 0, 1] 423
[0, 0, 0, 1] 430
[0, 0, 0, 1] 462
[0, 0, 0, 1] 467
[0, 0, 0, 1] 469
[0, 0, 0, 1] 487
[0, 0, 0, 1] 488
[0, 0, 0, 1] 501
[0, 0, 0, 1] 515
[0, 0, 0, 1] 523
[0, 0, 0, 1] 555
[0, 0, 0, 1] 578
[0, 0, 0, 1] 586
[0, 0, 0, 1] 595
[0, 0, 0, 1] 640
[0, 0, 0, 1] 642
[0, 0, 0, 1] 642
[0, 0, 0, 1] 671
[0, 0, 0, 1] 675
[0, 0, 0, 1] 680
[0, 0, 0, 1] 689
[0, 0, 0, 1] 767
[0, 0, 0, 1] 767
[0, 0, 0, 1] 775
[0, 0, 0, 1] 776
[0, 0, 0, 1] 787
[0, 0, 0, 1] 802
[0, 0, 0, 1] 810
[0, 0, 0, 1] 815
[0, 0, 0, 1] 827
[0, 0, 0, 1] 829
[0, 0, 0, 1] 851
[0, 0, 0, 1] 912
[0, 0, 0, 1] 959
[0, 0, 0, 1] 982
[0, 0, 0, 1] 990
[0, 0, 0, 1] 997
[0, 0, 0, 1] 998
