VARIABLES 300
NB_OBJ 4
ITEMS
[1, 1, 1, 1] 1
[1, 1, 1, 1] 23
[1, 1, 1, 1] 49
[1, 1, 1, 1] 50
[1, 1, 1, 1] 66
[1, 1, 1, 1] 102
[1, 1, 1, 1] 130
[1, 1, 1, 1] 138
[1, 1, 1, 1] 154
[1, 1, 1, 1] 155
[1, 1, 1, 1] 156
[1, 1, 1, 1] 158
[1, 1, 1, 1] 158
[1, 1, 1, 1] 165
[1, 1, 1, 1] 183
[1, 1, 1, 1] 206
[1, 1, 1, 1] 223
[1, 1, 1, 1] 224
[1, 1, 1, 1] 234
[1, 1, 1, 1] 268
[1, 1, 1, 1] 270
[1, 1, 1, 1] 277
[1, 1, 1, 1] 317
[1, 1, 1, 1] 337
[1, 1, 1, 1] 346
[1, 1, 1, 1] 358
[1, 1, 1, 1] 358
[1, 1, 1, 1] 378
[1, 1, 1, 1] 399
[1, 1, 1, 1] 439
[1, 1, 1, 1] 445
[1, 1, 1, 1] 446
[1, 1, 1, 1] 448
[1, 1, 1, 1] 452
[1, 1, 1, 1] 452
[1, 1, 1, 1] 453
[1, 1, 1, 1] 470
[1, 1, 1, 1] 492
[1, 1, 1, 1] 494
[1, 1, 1, 1] 501
[1, 1, 1, 1] 514
[1, 1, 1, 1] 532
[1, 1, 1, 1] 539
[1, 1, 1, 1] 551
[1, 1, 1, 1] 552
[1, 1, 1, 1] 587
[1, 1, 1, 1] 588
[1, 1, 1, 1] 592
[1, 1, 1, 1] 593
[1, 1, 1, 1] 597
[1, 1, 1, 1] 614
[1, 1, 1, 1] 624
[1, 1, 1, 1] 641
[1, 1, 1, 1] 641
[1, 1, 1, 1] 650
[1, 1, 1, 1] 678
[1, 1, 1, 1] 680
[1, 1, 1, 1] 693
[1, 1, 1, 1] 694
[1, 1, 1, 1] 704
[1, 1, 1, 1] 722
[1, 1, 1, 1] 726
[1, 1, 1, 1] 729
[1, 1, 1, 1] 730
[1, 1, 1, 1] 763
[1, 1, 1, 1] 771
[1, 1, 1, 1] 788
[1, 1, 1, 1] 791
[1, 1, 1, 1] 800
[1, 1, 1, 1] 813
[1, 1, 1, 1] 863
[1, 1, 1, 1] 909
[1, 1, 1, 1] 927
[1, 1, 1, 1] 927
[1, 1, 1, 1] 941
[1, 1, 1, 1] 964
[1, 1, 1, 1] 980
[0, 1, 1, 1] 2
[0, 1, 1, 1] 3
[0, 1, 1, 1] 6
[0, 1, 1, 1] 15
[0, 1, 1, 1] 19
[0, 1, 1, 1] 23
[0, 1, 1, 1] 34
[0, 1, 1, 1] 47
[0, 1, 1, 1] 55
[0, 1, 1, 1] 57
[0, 1, 1, 1] 63
[0, 1, 1, 1] 94
[0, 1, 1, 1] 95
[0, 1, 1, 1] 106
[0, 1, 1, 1] 114
[0, 1, 1, 1] 123
[0, 1, 1, 1] 143
[0, 1, 1, 1] 171
[0, 1, 1, 1] 182
[0, 1, 1, 1] 199
[0, 1, 1, 1] 209
[0, 1, 1, 1] 214
[0, 1, 1, 1] 218
[0, 1, 1, 1] 222
[0, 1, 1, 1] 236
[0, 1, 1, 1] 241
[0, 1, 1, 1] 260
[0, 1, 1, 1] 287
[0, 1, 1, 1] 290
[0, 1, 1, 1] 308
[0, 1, 1, 1] 314
[0, 1, 1, 1] 315
[0, 1, 1, 1] 323
[0, 1, 1, 1] 349
[0, 1, 1, 1] 350
[0, 1, 1, 1] 360
[0, 1, 1, 1] 387
[0, 1, 1, 1] 396
[0, 1, 1, 1] 419
[0, 1, 1, 1] 465
[0, 1, 1, 1] 466
[0, 1, 1, 1] 474
[0, 1, 1, 1] 488
[0, 1, 1, 1] 488
[0, 1, 1, 1] 491
[0, 1, 1, 1] 494
[0, 1, 1, 1] 526
[0, 1, 1, 1] 565
[0, 1, 1, 1] 565
[0, 1, 1, 1] 568
[0, 1, 1, 1] 603
[0, 1, 1, 1] 607
[0, 1, 1, 1] 611
[0, 1, 1, 1] 611
[0, 1, 1, 1] 626
[0, 1, 1, 1] 635
[0, 1, 1, 1] 647
[0, 1, 1, 1] 648
[0, 1, 1, 1] 695
[0, 1, 1, 1] 729
[0, 1, 1, 1] 740
[0, 1, 1, 1] 775
[0, 1, 1, 1] 775
[0, 1, 1, 1] 809
[0, 1, 1, 1] 837
[0, 1, 1, 1] 867
[0, 1, 1, 1] 887
[0, 1, 1, 1] 913
[0, 1, 1, 1] 919
[0, 1, 1, 1] 921
[0, 1, 1, 1] 923
[0, 1, 1, 1] 939
[0, 1, 1, 1] 949
[0, 1, 1, 1] 971
[0, 1, 1, 1] 991
[0, 1, 1, 1] 994
[0, 1, 1, 1] 1000
[0, 0, 1, 1] 4
[0, 0, 1, 1] 6
[0, 0, 1, 1] 13
[0, 0, 1, 1] 22
[0, 0, 1, 1] 23
[0, 0, 1, 1] 26
[0, 0, 1, 1] 43
[0, 0, 1, 1] 44
[0, 0, 1, 1] 55
[0, 0, 1, 1] 68
[0, 0, 1, 1] 92
[0, 0, 1, 1] 96
[0, 0, 1, 1] 102
[0, 0, 1, 1] 116
[0, 0, 1, 1] 158
[0, 0, 1, 1] 200
[0, 0, 1, 1] 237
[0, 0, 1, 1] 248
[0, 0, 1, 1] 265
[0, 0, 1, 1] 270
[0, 0, 1, 1] 278
[0, 0, 1, 1] 293
[0, 0, 1, 1] 303
[0, 0, 1, 1] 325
[0, 0, 1, 1] 328
[0, 0, 1, 1] 329
[0, 0, 1, 1] 330
[0, 0, 1, 1] 331
[0, 0, 1, 1] 335
[0, 0, 1, 1] 355
[0, 0, 1, 1] 363
[0, 0, 1, 1] 374
[0, 0, 1, 1] 375
[0, 0, 1, 1] 408
[0, 0, 1, 1] 417
[0, 0, 1, 1] 424
[0, 0, 1, 1] 425
[0, 0, 1, 1] 427
[0, 0, 1, 1] 437
[0, 0, 1, 1] 440
[0, 0, 1, 1] 440
[0, 0, 1, 1] 447
[0, 0, 1, 1] 494
[0, 0, 1, 1] 522
[0, 0, 1, 1] 547
[0, 0, 1, 1] 609
[0, 0, 1, 1] 610
[0, 0, 1, 1] 616
[0, 0, 1, 1] 648
[0, 0, 1, 1] 659
[0, 0, 1, 1] 665
[0, 0, 1, 1] 669
[0, 0, 1, 1] 669
[0, 0, 1, 1] 671
[0, 0, 1, 1] 672
[0, 0, 1, 1] 686
[0, 0, 1, 1] 707
[0, 0, 1, 1] 730
[0, 0, 1, 1] 737
[0, 0, 1, 1] 761
[0, 0, 1, 1] 763
[0, 0, 1, 1] 765
[0, 0, 1, 1] 769
[0, 0, 1, 1] 779
[0, 0, 1, 1] 799
[0, 0, 1, 1] 806
[0, 0, 1, 1] 815
[0, 0, 1, 1] 822
[0, 0, 1, 1] 858
[0, 0, 1, 1] 887
[0, 0, 1, 1] 900
[0, 0, 1, 1] 911
[0, 0, 1, 1] 916
[0, 0, 1, 1] 942
[0, 0, 1, 1] 954
[0, 0, 1, 1] 963
[0, 0, 1, 1] 972
[0, 0, 1, 1] 973
[0, 0, 1, 1] 995
[0, 0, 0, 1] 61
[0, 0, 0, 1] 61
[0, 0, 0, 1] 69
[0, 0, 0, 1] 70
[0, 0, 0, 1] 73
[0, 0, 0, 1] 89
[0, 0, 0, 1] 110
[0, 0, 0, 1] 119
[0, 0, 0, 1] 141
[0, 0, 0, 1] 153
[0, 0, 0, 1] 160
[0, 0, 0, 1] 178
[0, 0, 0, 1] 179
[0, 0, 0, 1] 180
[0, 0, 0, 1] 202
[0, 0, 0, 1] 213
[0, 0, 0, 1] 216
[0, 0, 0, 1] 232
[0, 0, 0, 1] 250
[0, 0, 0, 1] 276
[0, 0, 0, 1] 304
[0, 0, 0, 1] 317
[0, 0, 0, 1] 326
[0, 0, 0, 1] 380
[0, 0, 0, 1] 391
[0, 0, 0, 1] 393
[0, 0, 0, 1] 420
[0, 0, 0, 1] 440
[0, 0, 0, 1] 442
[0, 0, 0, 1] 469
[0, 0, 0, 1] 472
[0, 0, 0, 1] 473
[0, 0, 0, 1] 476
[0, 0, 0, 1] 477
[0, 0, 0, 1] 507
[0, 0, 0, 1] 524
[0, 0, 0, 1] 553
[0, 0, 0, 1] 593
[0, 0, 0, 1] 593
[0, 0, 0, 1] 604
[0, 0, 0, 1] 615
[0, 0, 0, 1] 617
[0, 0, 0, 1] 664
[0, 0, 0, 1] 682
[0, 0, 0, 1] 730
[0, 0, 0, 1] 740
[0, 0, 0, 1] 741
[0, 0, 0, 1] 746
[0, 0, 0, 1] 780
[0, 0, 0, 1] 785
[0, 0, 0, 1] 796
[0, 0, 0, 1] 801
[0, 0, 0, 1] 820
[0, 0, 0, 1] 833
[0, 0, 0, 1] 840
[0, 0, 0, 1] 849
[0, 0, 0, 1] 860
[0, 0, 0, 1] 860
[0, 0, 0, 1] 883
[0, 0, 0, 1] 900
[0, 0, 0, 1] 901
[0, 0, 0, 1] 905
[0, 0, 0, 1] 938
[0, 0, 0, 1] 940
[0, 0, 0, 1] 954
[0, 0, 0, 1] 956
[0, 0, 0, 1] 997
