VARIABLES 300
NB_OBJ 4
ITEMS
[1, 1, 1, 1] 5
[1, 1, 1, 1] 26
[1, 1, 1, 1] 57
[1, 1, 1, 1] 59
[1, 1, 1, 1] 79
[1, 1, 1, 1] 82
[1, 1, 1, 1] 100
[1, 1, 1, 1] 119
[1, 1, 1, 1] 130
[1, 1, 1, 1] 131
[1, 1, 1, 1] 137
[1, 1, 1, 1] 160
[1, 1, 1, 1] 165
[1, 1, 1, 1] 184
[1, 1, 1, 1] 187
[1, 1, 1, 1] 197
[1, 1, 1, 1] 218
[1, 1, 1, 1] 229
[1, 1, 1, 1] 236
[1, 1, 1, 1] 237
[1, 1, 1, 1] 251
[1, 1, 1, 1] 255
[1, 1, 1, 1] 268
[1, 1, 1, 1] 271
[1, 1, 1, 1] 284
[1, 1, 1, 1] 286
[1, 1, 1, 1] 300
[1, 1, 1, 1] 323
[1, 1, 1, 1] 329
[1, 1, 1, 1] 331
[1, 1, 1, 1] 353
[1, 1, 1, 1] 359
[1, 1, 1, 1] 413
[1, 1, 1, 1] 447
[1, 1, 1, 1] 463
[1, 1, 1, 1] 472
[1, 1, 1, 1] 488
[1, 1, 1, 1] 507
[1, 1, 1, 1] 515
[1, 1, 1, 1] 520
[1, 1, 1, 1] 553
[1, 1, 1, 1] 594
[1, 1, 1, 1] 596
[1, 1, 1, 1] 640
[1, 1, 1, 1] 648
[1, 1, 1, 1] 664
[1, 1, 1, 1] 665
[1, 1, 1, 1] 677
[1, 1, 1, 1] 689
[1, 1, 1, 1] 691
[1, 1, 1, 1] 700
[1, 1, 1, 1] 702
[1, 1, 1, 1] 727
[1, 1, 1, 1] 736
[1, 1, 1, 1] 746
[1, 1, 1, 1] 769
[1, 1, 1, 1] 783
[1, 1, 1, 1] 787
[1, 1, 1, 1] 793
[1, 1, 1, 1] 799
[1, 1, 1, 1] 802
[1, 1, 1, 1] 803
[1, 1, 1, 1] 807
[1, 1, 1, 1] 809
[1, 1, 1, 1] 825
[1, 1, 1, 1] 837
[1, 1, 1, 1] 851
[1, 1, 1, 1] 857
[1, 1, 1, 1] 862
[1, 1, 1, 1] 864
[1, 1, 1, 1] 881
[1, 1, 1, 1] 894
[1, 1, 1, 1] 896
[1, 1, 1, 1] 911
[1, 1, 1, 1] 923
[1, 1, 1, 1] 923
[1, 1, 1, 1] 926
[1, 1, 1, 1] 968
[1, 1, 1, 1] 973
[1, 1, 1, 1] 979
[1, 1, 1, 1] 982
[1, 1, 1, 1] 983
[1, 1, 1, 1] 999
[0, 1, 1, 1] 1
[0, 1, 1, 1] 12
[0, 1, 1, 1] 23
[0, 1, 1, 1] 35
[0, 1, 1, 1] 42
[0, 1, 1, 1] 44
[0, 1, 1, 1] 83
[0, 1, 1, 1] 90
[0, 1, 1, 1] 94
[0, 1, 1, 1] 106
[0, 1, 1, 1] 112
[0, 1, 1, 1] 130
[0, 1, 1, 1] 156
[0, 1, 1, 1] 164
[0, 1, 1, 1] 177
[0, 1, 1, 1] 178
[0, 1, 1, 1] 189
[0, 1, 1, 1] 190
[0, 1, 1, 1] 194
[0, 1, 1, 1] 230
[0, 1, 1, 1] 241
[0, 1, 1, 1] 250
[0, 1, 1, 1] 259
[0, 1, 1, 1] 265
[0, 1, 1, 1] 293
[0, 1, 1, 1] 338
[0, 1, 1, 1] 362
[0, 1, 1, 1] 365
[0, 1, 1, 1] 407
[0, 1, 1, 1] 426
[0, 1, 1, 1] 429
[0, 1, 1, 1] 432
[0, 1, 1, 1] 439
[0, 1, 1, 1] 452
[0, 1, 1, 1] 456
[0, 1, 1, 1] 457
[0, 1, 1, 1] 460
[0, 1, 1, 1] 464
[0, 1, 1, 1] 498
[0, 1, 1, 1] 505
[0, 1, 1, 1] 510
[0, 1, 1, 1] 539
[0, 1, 1, 1] 548
[0, 1, 1, 1] 577
[0, 1, 1, 1] 598
[0, 1, 1, 1] 617
[0, 1, 1, 1] 629
[0, 1, 1, 1] 648
[0, 1, 1, 1] 651
[0, 1, 1, 1] 652
[0, 1, 1, 1] 665
[0, 1, 1, 1] 668
[0, 1, 1, 1] 672
[0, 1, 1, 1] 677
[0, 1, 1, 1] 685
[0, 1, 1, 1] 687
[0, 1, 1, 1] 690
[0, 1, 1, 1] 697
[0, 1, 1, 1] 712
[0, 1, 1, 1] 713
[0, 1, 1, 1] 751
[0, 1, 1, 1] 755
[0, 1, 1, 1] 764
[0, 1, 1, 1] 785
[0, 1, 1, 1] 810
[0, 1, 1, 1] 834
[0, 1, 1, 1] 855
[0, 1, 1, 1] 860
[0, 1, 1, 1] 868
[0, 1, 1, 1] 882
[0, 1, 1, 1] 892
[0, 1, 1, 1] 914
[0, 1, 1, 1] 921
[0, 1, 1, 1] 930
[0, 1, 1, 1] 947
[0, 1, 1, 1] 958
[0, 1, 1, 1] 986
[0, 0, 1, 1] 8
[0, 0, 1, 1] 21
[0, 0, 1, 1] 31
[0, 0, 1, 1] 35
[0, 0, 1, 1] 49
[0, 0, 1, 1] 68
[0, 0, 1, 1] 83
[0, 0, 1, 1] 93
[0, 0, 1, 1] 129
[0, 0, 1, 1] 130
[0, 0, 1, 1] 137
[0, 0, 1, 1] 143
[0, 0, 1, 1] 155
[0, 0, 1, 1] 194
[0, 0, 1, 1] 204
[0, 0, 1, 1] 205
[0, 0, 1, 1] 217
[0, 0, 1, 1] 243
[0, 0, 1, 1] 269
[0, 0, 1, 1] 276
[0, 0, 1, 1] 276
[0, 0, 1, 1] 294
[0, 0, 1, 1] 312
[0, 0, 1, 1] 337
[0, 0, 1, 1] 339
[0, 0, 1, 1] 372
[0, 0, 1, 1] 398
[0, 0, 1, 1] 406
[0, 0, 1, 1] 408
[0, 0, 1, 1] 428
[0, 0, 1, 1] 482
[0, 0, 1, 1] 485
[0, 0, 1, 1] 493
[0, 0, 1, 1] 496
[0, 0, 1, 1] 498
[0, 0, 1, 1] 505
[0, 0, 1, 1] 510
[0, 0, 1, 1] 533
[0, 0, 1, 1] 562
[0, 0, 1, 1] 567
[0, 0, 1, 1] 587
[0, 0, 1, 1] 607
[0, 0, 1, 1] 615
[0, 0, 1, 1] 623
[0, 0, 1, 1] 669
[0, 0, 1, 1] 721
[0, 0, 1, 1] 723
[0, 0, 1, 1] 768
[0, 0, 1, 1] 772
[0, 0, 1, 1] 775
[0, 0, 1, 1] 778
[0, 0, 1, 1] 795
[0, 0, 1, 1] 805
[0, 0, 1, 1] 825
[0, 0, 1, 1] 833
[0, 0, 1, 1] 843
[0, 0, 1, 1] 848
[0, 0, 1, 1] 854
[0, 0, 1, 1] 875
[0, 0, 1, 1] 875
[0, 0, 1, 1] 924
[0, 0, 1, 1] 928
[0, 0, 1, 1] 944
[0, 0, 1, 1] 956
[0, 0, 1, 1] 962
[0, 0, 1, 1] 993
[0, 0, 1, 1] 994
[0, 0, 1, 1] 998
[0, 0, 0, 1] 9
[0, 0, 0, 1] 23
[0, 0, 0, 1] 34
[0, 0, 0, 1] 42
[0, 0, 0, 1] 45
[0, 0, 0, 1] 50
[0, 0, 0, 1] 61
[0, 0, 0, 1] 71
[0, 0, 0, 1] 80
[0, 0, 0, 1] 97
[0, 0, 0, 1] 113
[0, 0, 0, 1] 128
[0, 0, 0, 1] 173
[0, 0, 0, 1] 197
[0, 0, 0, 1] 202
[0, 0, 0, 1] 213
[0, 0, 0, 1] 254
[0, 0, 0, 1] 254
[0, 0, 0, 1] 261
[0, 0, 0, 1] 289
[0, 0, 0, 1] 299
[0, 0, 0, 1] 307
[0, 0, 0, 1] 327
[0, 0, 0, 1] 364
[0, 0, 0, 1] 370
[0, 0, 0, 1] 384
[0, 0, 0, 1] 406
[0, 0, 0, 1] 428
[0, 0, 0, 1] 430
[0, 0, 0, 1] 467
[0, 0, 0, 1] 483
[0, 0, 0, 1] 484
[0, 0, 0, 1] 506
[0, 0, 0, 1] 512
[0, 0, 0, 1] 522
[0, 0, 0, 1] 533
[0, 0, 0, 1] 544
[0, 0, 0, 1] 550
[0, 0, 0, 1] 587
[0, 0, 0, 1] 598
[0, 0, 0, 1] 611
[0, 0, 0, 1] 645
[0, 0, 0, 1] 647
[0, 0, 0, 1] 652
[0, 0, 0, 1] 662
[0, 0, 0, 1] 664
[0, 0, 0, 1] 669
[0, 0, 0, 1] 697
[0, 0, 0, 1] 735
[0, 0, 0, 1] 737
[0, 0, 0, 1] 740
[0, 0, 0, 1] 782
[0, 0, 0, 1] 795
[0, 0, 0, 1] 812
[0, 0, 0, 1] 820
[0, 0, 0, 1] 833
[0, 0, 0, 1] 836
[0, 0, 0, 1] 840
[0, 0, 0, 1] 856
[0, 0, 0, 1] 859
[0, 0, 0, 1] 859
[0, 0, 0, 1] 867
[0, 0, 0, 1] 873
[0, 0, 0, 1] 879
[0, 0, 0, 1] 909
[0, 0, 0, 1] 933
[0, 0, 0, 1] 934
[0, 0, 0, 1] 950
[0, 0, 0, 1] 955
[0, 0, 0, 1] 964
[0, 0, 0, 1] 965
[0, 0, 0, 1] 973
