VARIABLES 300
NB_OBJ 4
ITEMS
[1, 1, 1, 1] 17
[1, 1, 1, 1] 21
[1, 1, 1, 1] 43
[1, 1, 1, 1] 51
[1, 1, 1, 1] 53
[1, 1, 1, 1] 71
[1, 1, 1, 1] 80
[1, 1, 1, 1] 99
[1, 1, 1, 1] 111
[1, 1, 1, 1] 116
[1, 1, 1, 1] 149
[1, 1, 1, 1] 154
[1, 1, 1, 1] 155
[1, 1, 1, 1] 188
[1, 1, 1, 1] 200
[1, 1, 1, 1] 213
[1, 1, 1, 1] 214
[1, 1, 1, 1] 220
[1, 1, 1, 1] 234
[1, 1, 1, 1] 274
[1, 1, 1, 1] 287
[1, 1, 1, 1] 312
[1, 1, 1, 1] 319
[1, 1, 1, 1] 319
[1, 1, 1, 1] 326
[1, 1, 1, 1] 330
[1, 1, 1, 1] 346
[1, 1, 1, 1] 346
[1, 1, 1, 1] 348
[1, 1, 1, 1] 358
[1, 1, 1, 1] 375
[1, 1, 1, 1] 379
[1, 1, 1, 1] 382
[1, 1, 1, 1] 386
[1, 1, 1, 1] 397
[1, 1, 1, 1] 418
[1, 1, 1, 1] 419
[1, 1, 1, 1] 438
[1, 1, 1, 1] 451
[1, 1, 1, 1] 454
[1, 1, 1, 1] 474
[1, 1, 1, 1] 484
[1, 1, 1, 1] 519
[1, 1, 1, 1] 528
[1, 1, 1, 1] 550
[1, 1, 1, 1] 554
[1, 1, 1, 1] 580
[1, 1, 1, 1] 613
[1, 1, 1, 1] 632
[1, 1, 1, 1] 634
[1, 1, 1, 1] 638
[1, 1, 1, 1] 645
[1, 1, 1, 1] 648
[1, 1, 1, 1] 744
[1, 1, 1, 1] 753
[1, 1, 1, 1] 768
[1, 1, 1, 1] 798
[1, 1, 1, 1] 821
[1, 1, 1, 1] 825
[1, 1, 1, 1] 831
[1, 1, 1, 1] 846
[1, 1, 1, 1] 854
[1, 1, 1, 1] 857
[1, 1, 1, 1] 861
[1, 1, 1, 1] 903
[1, 1, 1, 1] 920
[1, 1, 1, 1] 941
[1, 1, 1, 1] 948
[1, 1, 1, 1] 956
[1, 1, 1, 1] 967
[1, 1, 1, 1] 969
[1, 1, 1, 1] 971
[1, 1, 1, 1] 976
[0, 1, 1, 1] 1
[0, 1, 1, 1] 29
[0, 1, 1, 1] 38
[0, 1, 1, 1] 51
[0, 1, 1, 1] 56
[0, 1, 1, 1] 60
[0, 1, 1, 1] 76
[0, 1, 1, 1] 100
[0, 1, 1, 1] 102
[0, 1, 1, 1] 104
[0, 1, 1, 1] 154
[0, 1, 1, 1] 162
[0, 1, 1, 1] 175
[0, 1, 1, 1] 178
[0, 1, 1, 1] 241
[0, 1, 1, 1] 260
[0, 1, 1, 1] 272
[0, 1, 1, 1] 324
[0, 1, 1, 1] 342
[0, 1, 1, 1] 359
[0, 1, 1, 1] 368
[0, 1, 1, 1] 374
[0, 1, 1, 1] 390
[0, 1, 1, 1] 392
[0, 1, 1, 1] 403
[0, 1, 1, 1] 415
[0, 1, 1, 1] 433
[0, 1, 1, 1] 459
[0, 1, 1, 1] 468
[0, 1, 1, 1] 500
[0, 1, 1, 1] 502
[0, 1, 1, 1] 515
[0, 1, 1, 1] 525
[0, 1, 1, 1] 558
[0, 1, 1, 1] 582
[0, 1, 1, 1] 593
[0, 1, 1, 1] 596
[0, 1, 1, 1] 597
[0, 1, 1, 1] 615
[0, 1, 1, 1] 626
[0, 1, 1, 1] 631
[0, 1, 1, 1] 647
[0, 1, 1, 1] 653
[0, 1, 1, 1] 671
[0, 1, 1, 1] 674
[0, 1, 1, 1] 681
[0, 1, 1, 1] 692
[0, 1, 1, 1] 702
[0, 1, 1, 1] 767
[0, 1, 1, 1] 771
[0, 1, 1, 1] 791
[0, 1, 1, 1] 796
[0, 1, 1, 1] 798
[0, 1, 1, 1] 800
[0, 1, 1, 1] 812
[0, 1, 1, 1] 850
[0, 1, 1, 1] 851
[0, 1, 1, 1] 867
[0, 1, 1, 1] 892
[0, 1, 1, 1] 919
[0, 1, 1, 1] 926
[0, 1, 1, 1] 932
[0, 1, 1, 1] 950
[0, 1, 1, 1] 951
[0, 1, 1, 1] 971
[0, 1, 1, 1] 996
[0, 0, 1, 1] 32
[0, 0, 1, 1] 55
[0, 0, 1, 1] 71
[0, 0, 1, 1] 79
[0, 0, 1, 1] 99
[0, 0, 1, 1] 120
[0, 0, 1, 1] 125
[0, 0, 1, 1] 129
[0, 0, 1, 1] 144
[0, 0, 1, 1] 163
[0, 0, 1, 1] 164
[0, 0, 1, 1] 167
[0, 0, 1, 1] 170
[0, 0, 1, 1] 181
[0, 0, 1, 1] 221
[0, 0, 1, 1] 233
[0, 0, 1, 1] 238
[0, 0, 1, 1] 251
[0, 0, 1, 1] 277
[0, 0, 1, 1] 285
[0, 0, 1, 1] 291
[0, 0, 1, 1] 294
[0, 0, 1, 1] 308
[0, 0, 1, 1] 310
[0, 0, 1, 1] 347
[0, 0, 1, 1] 351
[0, 0, 1, 1] 353
[0, 0, 1, 1] 372
[0, 0, 1, 1] 380
[0, 0, 1, 1] 381
[0, 0, 1, 1] 384
[0, 0, 1, 1] 387
[0, 0, 1, 1] 399
[0, 0, 1, 1] 402
[0, 0, 1, 1] 421
[0, 0, 1, 1] 457
[0, 0, 1, 1] 461
[0, 0, 1, 1] 496
[0, 0, 1, 1] 504
[0, 0, 1, 1] 514
[0, 0, 1, 1] 514
[0, 0, 1, 1] 528
[0, 0, 1, 1] 545
[0, 0, 1, 1] 554
[0, 0, 1, 1] 565
[0, 0, 1, 1] 570
[0, 0, 1, 1] 610
[0, 0, 1, 1] 618
[0, 0, 1, 1] 631
[0, 0, 1, 1] 639
[0, 0, 1, 1] 656
[0, 0, 1, 1] 663
[0, 0, 1, 1] 673
[0, 0, 1, 1] 679
[0, 0, 1, 1] 687
[0, 0, 1, 1] 712
[0, 0, 1, 1] 713
[0, 0, 1, 1] 764
[0, 0, 1, 1] 769
[0, 0, 1, 1] 787
[0, 0, 1, 1] 837
[0, 0, 1, 1] 868
[0, 0, 1, 1] 883
[0, 0, 1, 1] 884
[0, 0, 1, 1] 889
[0, 0, 1, 1] 922
[0, 0, 1, 1] 948
[0, 0, 1, 1] 970
[0, 0, 1, 1] 973
[0, 0, 1, 1] 980
[0, 0, 1, 1] 983
[0, 0, 1, 1] 984
[0, 0, 1, 1] 989
[0, 0, 1, 1] 992
[0, 0, 1, 1] 997
[0, 0, 1, 1] 1000
[0, 0, 0, 1] 12
[0, 0, 0, 1] 43
[0, 0, 0, 1] 51
[0, 0, 0, 1] 57
[0, 0, 0, 1] 68
[0, 0, 0, 1] 90
[0, 0, 0, 1] 97
[0, 0, 0, 1] 105
[0, 0, 0, 1] 108
[0, 0, 0, 1] 116
[0, 0, 0, 1] 128
[0, 0, 0, 1] 132
[0, 0, 0, 1] 134
[0, 0, 0, 1] 135
[0, 0, 0, 1] 146
[0, 0, 0, 1] 147
[0, 0, 0, 1] 155
[0, 0, 0, 1] 173
[0, 0, 0, 1] 175
[0, 0, 0, 1] 190
[0, 0, 0, 1] 198
[0, 0, 0, 1] 217
[0, 0, 0, 1] 231
[0, 0, 0, 1] 234
[0, 0, 0, 1] 251
[0, 0, 0, 1] 259
[0, 0, 0, 1] 265
[0, 0, 0, 1] 274
[0, 0, 0, 1] 289
[0, 0, 0, 1] 291
[0, 0, 0, 1] 294
[0, 0, 0, 1] 300
[0, 0, 0, 1] 305
[0, 0, 0, 1] 320
[0, 0, 0, 1] 321
[0, 0, 0, 1] 368
[0, 0, 0, 1] 379
[0, 0, 0, 1] 408
[0, 0, 0, 1] 434
[0, 0, 0, 1] 446
[0, 0, 0, 1] 456
[0, 0, 0, 1] 458
[0, 0, 0, 1] 470
[0, 0, 0, 1] 473
[0, 0, 0, 1] 480
[0, 0, 0, 1] 480
[0, 0, 0, 1] 489
[0, 0, 0, 1] 490
[0, 0, 0, 1] 508
[0, 0, 0, 1] 511
[0, 0, 0, 1] 515
[0, 0, 0, 1] 521
[0, 0, 0, 1] 521
[0, 0, 0, 1] 524
[0, 0, 0, 1] 539
[0, 0, 0, 1] 576
[0, 0, 0, 1] 580
[0, 0, 0, 1] 580
[0, 0, 0, 1] 602
[0, 0, 0, 1] 615
[0, 0, 0, 1] 625
[0, 0, 0, 1] 660
[0, 0, 0, 1] 674
[0, 0, 0, 1] 708
[0, 0, 0, 1] 711
[0, 0, 0, 1] 712
[0, 0, 0, 1] 720
[0, 0, 0, 1] 724
[0, 0, 0, 1] 745
[0, 0, 0, 1] 755
[0, 0, 0, 1] 772
[0, 0, 0, 1] 773
[0, 0, 0, 1] 802
[0, 0, 0, 1] 818
[0, 0, 0, 1] 828
[0, 0, 0, 1] 831
[0, 0, 0, 1] 854
[0, 0, 0, 1] 875
[0, 0, 0, 1] 879
[0, 0, 0, 1] 880
[0, 0, 0, 1] 900
[0, 0, 0, 1] 906
[0, 0, 0, 1] 933
[0, 0, 0, 1] 941
[0, 0, 0, 1] 966
