VARIABLES 100
NB_OBJ 3
ITEMS
[1, 1, 1] 702
[1, 1, 1] 702
[1, 1, 1] 710
[1, 1, 1] 717
[1, 1, 1] 724
[1, 1, 1] 726
[1, 1, 1] 736
[1, 1, 1] 744
[1, 1, 1] 744
[1, 1, 1] 744
[1, 1, 1] 745
[1, 1, 1] 753
[1, 1, 1] 755
[1, 1, 1] 794
[1, 1, 1] 795
[1, 1, 1] 795
[1, 1, 1] 804
[1, 1, 1] 829
[1, 1, 1] 846
[1, 1, 1] 864
[1, 1, 1] 890
[1, 1, 1] 895
[1, 1, 1] 900
[1, 1, 1] 913
[1, 1, 1] 915
[1, 1, 1] 915
[1, 1, 1] 936
[1, 1, 1] 947
[1, 1, 1] 951
[1, 1, 1] 969
[1, 1, 1] 970
[1, 1, 1] 985
[1, 1, 1] 986
[1, 1, 1] 990
[1, 1, 1] 997
[1, 1, 1] 999
[0, 1, 1] 336
[0, 1, 1] 339
[0, 1, 1] 347
[0, 1, 1] 362
[0, 1, 1] 364
[0, 1, 1] 375
[0, 1, 1] 395
[0, 1, 1] 404
[0, 1, 1] 410
[0, 1, 1] 421
[0, 1, 1] 430
[0, 1, 1] 437
[0, 1, 1] 439
[0, 1, 1] 449
[0, 1, 1] 460
[0, 1, 1] 467
[0, 1, 1] 470
[0, 1, 1] 490
[0, 1, 1] 495
[0, 1, 1] 509
[0, 1, 1] 517
[0, 1, 1] 529
[0, 1, 1] 536
[0, 1, 1] 563
[0, 1, 1] 564
[0, 1, 1] 571
[0, 1, 1] 576
[0, 1, 1] 608
[0, 1, 1] 620
[0, 1, 1] 621
[0, 1, 1] 633
[0, 1, 1] 653
[0, 1, 1] 665
[0, 1, 1] 666
[0, 0, 1] 21
[0, 0, 1] 24
[0, 0, 1] 35
[0, 0, 1] 55
[0, 0, 1] 56
[0, 0, 1] 59
[0, 0, 1] 68
[0, 0, 1] 88
[0, 0, 1] 98
[0, 0, 1] 101
[0, 0, 1] 114
[0, 0, 1] 117
[0, 0, 1] 121
[0, 0, 1] 140
[0, 0, 1] 161
[0, 0, 1] 167
[0, 0, 1] 181
[0, 0, 1] 191
[0, 0, 1] 199
[0, 0, 1] 200
[0, 0, 1] 202
[0, 0, 1] 234
[0, 0, 1] 237
[0, 0, 1] 256
[0, 0, 1] 284
[0, 0, 1] 301
[0, 0, 1] 304
[0, 0, 1] 320
[0, 0, 1] 322
[0, 0, 1] 330
