VARIABLES 100
NB_OBJ 3
ITEMS
[1, 1, 1] 680
[1, 1, 1] 685
[1, 1, 1] 687
[1, 1, 1] 690
[1, 1, 1] 730
[1, 1, 1] 731
[1, 1, 1] 743
[1, 1, 1] 752
[1, 1, 1] 768
[1, 1, 1] 772
[1, 1, 1] 775
[1, 1, 1] 783
[1, 1, 1] 791
[1, 1, 1] 797
[1, 1, 1] 812
[1, 1, 1] 813
[1, 1, 1] 818
[1, 1, 1] 827
[1, 1, 1] 829
[1, 1, 1] 841
[1, 1, 1] 843
[1, 1, 1] 848
[1, 1, 1] 855
[1, 1, 1] 858
[1, 1, 1] 858
[1, 1, 1] 860
[1, 1, 1] 860
[1, 1, 1] 866
[1, 1, 1] 879
[1, 1, 1] 881
[1, 1, 1] 883
[1, 1, 1] 887
[1, 1, 1] 905
[1, 1, 1] 906
[1, 1, 1] 911
[1, 1, 1] 917
[1, 1, 1] 918
[1, 1, 1] 965
[1, 1, 1] 974
[1, 1, 1] 992
[0, 1, 1] 343
[0, 1, 1] 348
[0, 1, 1] 349
[0, 1, 1] 389
[0, 1, 1] 393
[0, 1, 1] 394
[0, 1, 1] 411
[0, 1, 1] 417
[0, 1, 1] 422
[0, 1, 1] 423
[0, 1, 1] 438
[0, 1, 1] 469
[0, 1, 1] 493
[0, 1, 1] 497
[0, 1, 1] 517
[0, 1, 1] 519
[0, 1, 1] 542
[0, 1, 1] 551
[0, 1, 1] 554
[0, 1, 1] 578
[0, 1, 1] 594
[0, 1, 1] 603
[0, 1, 1] 609
[0, 1, 1] 615
[0, 1, 1] 629
[0, 1, 1] 630
[0, 1, 1] 634
[0, 0, 1] 14
[0, 0, 1] 21
[0, 0, 1] 26
[0, 0, 1] 30
[0, 0, 1] 41
[0, 0, 1] 44
[0, 0, 1] 46
[0, 0, 1] 47
[0, 0, 1] 51
[0, 0, 1] 53
[0, 0, 1] 57
[0, 0, 1] 59
[0, 0, 1] 80
[0, 0, 1] 83
[0, 0, 1] 110
[0, 0, 1] 110
[0, 0, 1] 133
[0, 0, 1] 136
[0, 0, 1] 160
[0, 0, 1] 180
[0, 0, 1] 202
[0, 0, 1] 239
[0, 0, 1] 250
[0, 0, 1] 251
[0, 0, 1] 255
[0, 0, 1] 271
[0, 0, 1] 272
[0, 0, 1] 275
[0, 0, 1] 284
[0, 0, 1] 302
[0, 0, 1] 309
[0, 0, 1] 312
[0, 0, 1] 331
