VARIABLES 100
NB_OBJ 3
ITEMS
[1, 1, 1] 672
[1, 1, 1] 676
[1, 1, 1] 683
[1, 1, 1] 689
[1, 1, 1] 719
[1, 1, 1] 732
[1, 1, 1] 733
[1, 1, 1] 734
[1, 1, 1] 736
[1, 1, 1] 741
[1, 1, 1] 742
[1, 1, 1] 742
[1, 1, 1] 750
[1, 1, 1] 758
[1, 1, 1] 788
[1, 1, 1] 801
[1, 1, 1] 814
[1, 1, 1] 826
[1, 1, 1] 828
[1, 1, 1] 838
[1, 1, 1] 839
[1, 1, 1] 846
[1, 1, 1] 846
[1, 1, 1] 861
[1, 1, 1] 864
[1, 1, 1] 880
[1, 1, 1] 880
[1, 1, 1] 883
[1, 1, 1] 896
[1, 1, 1] 903
[1, 1, 1] 916
[1, 1, 1] 931
[1, 1, 1] 932
[1, 1, 1] 943
[1, 1, 1] 951
[1, 1, 1] 966
[1, 1, 1] 985
[1, 1, 1] 991
[1, 1, 1] 998
[0, 1, 1] 346
[0, 1, 1] 366
[0, 1, 1] 389
[0, 1, 1] 395
[0, 1, 1] 397
[0, 1, 1] 413
[0, 1, 1] 420
[0, 1, 1] 422
[0, 1, 1] 476
[0, 1, 1] 493
[0, 1, 1] 517
[0, 1, 1] 534
[0, 1, 1] 541
[0, 1, 1] 551
[0, 1, 1] 554
[0, 1, 1] 559
[0, 1, 1] 565
[0, 1, 1] 604
[0, 1, 1] 617
[0, 1, 1] 640
[0, 1, 1] 647
[0, 1, 1] 664
[0, 0, 1] 30
[0, 0, 1] 30
[0, 0, 1] 34
[0, 0, 1] 35
[0, 0, 1] 41
[0, 0, 1] 48
[0, 0, 1] 70
[0, 0, 1] 72
[0, 0, 1] 88
[0, 0, 1] 112
[0, 0, 1] 125
[0, 0, 1] 125
[0, 0, 1] 127
[0, 0, 1] 127
[0, 0, 1] 130
[0, 0, 1] 139
[0, 0, 1] 143
[0, 0, 1] 150
[0, 0, 1] 163
[0, 0, 1] 175
[0, 0, 1] 192
[0, 0, 1] 196
[0, 0, 1] 198
[0, 0, 1] 212
[0, 0, 1] 213
[0, 0, 1] 244
[0, 0, 1] 244
[0, 0, 1] 248
[0, 0, 1] 253
[0, 0, 1] 262
[0, 0, 1] 268
[0, 0, 1] 280
[0, 0, 1] 288
[0, 0, 1] 292
[0, 0, 1] 294
[0, 0, 1] 301
[0, 0, 1] 325
[0, 0, 1] 326
[0, 0, 1] 332
