VARIABLES 100
NB_OBJ 3
ITEMS
[1, 1, 1] 681
[1, 1, 1] 686
[1, 1, 1] 694
[1, 1, 1] 698
[1, 1, 1] 705
[1, 1, 1] 710
[1, 1, 1] 714
[1, 1, 1] 719
[1, 1, 1] 729
[1, 1, 1] 756
[1, 1, 1] 766
[1, 1, 1] 775
[1, 1, 1] 792
[1, 1, 1] 800
[1, 1, 1] 822
[1, 1, 1] 826
[1, 1, 1] 833
[1, 1, 1] 840
[1, 1, 1] 864
[1, 1, 1] 868
[1, 1, 1] 873
[1, 1, 1] 877
[1, 1, 1] 887
[1, 1, 1] 899
[1, 1, 1] 905
[1, 1, 1] 913
[1, 1, 1] 916
[1, 1, 1] 918
[1, 1, 1] 930
[1, 1, 1] 939
[1, 1, 1] 944
[1, 1, 1] 960
[1, 1, 1] 970
[1, 1, 1] 992
[1, 1, 1] 994
[0, 1, 1] 340
[0, 1, 1] 349
[0, 1, 1] 364
[0, 1, 1] 386
[0, 1, 1] 424
[0, 1, 1] 442
[0, 1, 1] 445
[0, 1, 1] 446
[0, 1, 1] 447
[0, 1, 1] 447
[0, 1, 1] 518
[0, 1, 1] 522
[0, 1, 1] 541
[0, 1, 1] 543
[0, 1, 1] 545
[0, 1, 1] 551
[0, 1, 1] 551
[0, 1, 1] 557
[0, 1, 1] 565
[0, 1, 1] 580
[0, 1, 1] 582
[0, 1, 1] 587
[0, 1, 1] 590
[0, 1, 1] 599
[0, 1, 1] 604
[0, 1, 1] 616
[0, 1, 1] 619
[0, 1, 1] 637
[0, 1, 1] 641
[0, 1, 1] 642
[0, 1, 1] 649
[0, 1, 1] 653
[0, 1, 1] 656
[0, 1, 1] 658
[0, 0, 1] 1
[0, 0, 1] 5
[0, 0, 1] 20
[0, 0, 1] 27
[0, 0, 1] 47
[0, 0, 1] 69
[0, 0, 1] 85
[0, 0, 1] 89
[0, 0, 1] 89
[0, 0, 1] 90
[0, 0, 1] 100
[0, 0, 1] 108
[0, 0, 1] 112
[0, 0, 1] 115
[0, 0, 1] 122
[0, 0, 1] 136
[0, 0, 1] 144
[0, 0, 1] 147
[0, 0, 1] 175
[0, 0, 1] 189
[0, 0, 1] 204
[0, 0, 1] 209
[0, 0, 1] 211
[0, 0, 1] 226
[0, 0, 1] 226
[0, 0, 1] 261
[0, 0, 1] 270
[0, 0, 1] 271
[0, 0, 1] 272
[0, 0, 1] 301
[0, 0, 1] 306
