VARIABLES 100
NB_OBJ 3
ITEMS
[1, 1, 1] 678
[1, 1, 1] 680
[1, 1, 1] 683
[1, 1, 1] 687
[1, 1, 1] 697
[1, 1, 1] 701
[1, 1, 1] 715
[1, 1, 1] 718
[1, 1, 1] 722
[1, 1, 1] 728
[1, 1, 1] 739
[1, 1, 1] 748
[1, 1, 1] 753
[1, 1, 1] 769
[1, 1, 1] 779
[1, 1, 1] 782
[1, 1, 1] 789
[1, 1, 1] 791
[1, 1, 1] 805
[1, 1, 1] 808
[1, 1, 1] 833
[1, 1, 1] 850
[1, 1, 1] 888
[1, 1, 1] 913
[1, 1, 1] 929
[1, 1, 1] 932
[1, 1, 1] 957
[1, 1, 1] 973
[1, 1, 1] 975
[1, 1, 1] 976
[1, 1, 1] 987
[1, 1, 1] 992
[0, 1, 1] 341
[0, 1, 1] 349
[0, 1, 1] 360
[0, 1, 1] 374
[0, 1, 1] 379
[0, 1, 1] 388
[0, 1, 1] 388
[0, 1, 1] 397
[0, 1, 1] 403
[0, 1, 1] 417
[0, 1, 1] 424
[0, 1, 1] 439
[0, 1, 1] 457
[0, 1, 1] 457
[0, 1, 1] 459
[0, 1, 1] 460
[0, 1, 1] 468
[0, 1, 1] 473
[0, 1, 1] 477
[0, 1, 1] 484
[0, 1, 1] 499
[0, 1, 1] 502
[0, 1, 1] 505
[0, 1, 1] 516
[0, 1, 1] 521
[0, 1, 1] 530
[0, 1, 1] 530
[0, 1, 1] 540
[0, 1, 1] 550
[0, 1, 1] 551
[0, 1, 1] 559
[0, 1, 1] 586
[0, 1, 1] 590
[0, 1, 1] 604
[0, 1, 1] 614
[0, 1, 1] 615
[0, 1, 1] 618
[0, 1, 1] 642
[0, 1, 1] 653
[0, 1, 1] 654
[0, 1, 1] 662
[0, 0, 1] 6
[0, 0, 1] 28
[0, 0, 1] 73
[0, 0, 1] 98
[0, 0, 1] 98
[0, 0, 1] 102
[0, 0, 1] 107
[0, 0, 1] 109
[0, 0, 1] 126
[0, 0, 1] 155
[0, 0, 1] 159
[0, 0, 1] 181
[0, 0, 1] 188
[0, 0, 1] 191
[0, 0, 1] 202
[0, 0, 1] 202
[0, 0, 1] 205
[0, 0, 1] 220
[0, 0, 1] 229
[0, 0, 1] 232
[0, 0, 1] 238
[0, 0, 1] 259
[0, 0, 1] 303
[0, 0, 1] 304
[0, 0, 1] 306
[0, 0, 1] 312
[0, 0, 1] 320
