VARIABLES 100
NB_OBJ 3
ITEMS
[1, 1, 1] 682
[1, 1, 1] 702
[1, 1, 1] 703
[1, 1, 1] 706
[1, 1, 1] 726
[1, 1, 1] 727
[1, 1, 1] 727
[1, 1, 1] 760
[1, 1, 1] 773
[1, 1, 1] 802
[1, 1, 1] 812
[1, 1, 1] 838
[1, 1, 1] 839
[1, 1, 1] 848
[1, 1, 1] 887
[1, 1, 1] 889
[1, 1, 1] 896
[1, 1, 1] 896
[1, 1, 1] 926
[1, 1, 1] 945
[1, 1, 1] 947
[1, 1, 1] 950
[1, 1, 1] 964
[1, 1, 1] 967
[1, 1, 1] 973
[1, 1, 1] 997
[0, 1, 1] 364
[0, 1, 1] 377
[0, 1, 1] 396
[0, 1, 1] 430
[0, 1, 1] 438
[0, 1, 1] 446
[0, 1, 1] 456
[0, 1, 1] 465
[0, 1, 1] 474
[0, 1, 1] 476
[0, 1, 1] 493
[0, 1, 1] 499
[0, 1, 1] 516
[0, 1, 1] 535
[0, 1, 1] 553
[0, 1, 1] 563
[0, 1, 1] 571
[0, 1, 1] 581
[0, 1, 1] 589
[0, 1, 1] 596
[0, 1, 1] 614
[0, 1, 1] 614
[0, 1, 1] 614
[0, 1, 1] 617
[0, 1, 1] 618
[0, 1, 1] 633
[0, 1, 1] 650
[0, 1, 1] 654
[0, 1, 1] 655
[0, 1, 1] 658
[0, 1, 1] 662
[0, 1, 1] 662
[0, 1, 1] 663
[0, 0, 1] 1
[0, 0, 1] 8
[0, 0, 1] 11
[0, 0, 1] 14
[0, 0, 1] 17
[0, 0, 1] 19
[0, 0, 1] 24
[0, 0, 1] 43
[0, 0, 1] 63
[0, 0, 1] 69
[0, 0, 1] 80
[0, 0, 1] 91
[0, 0, 1] 96
[0, 0, 1] 98
[0, 0, 1] 119
[0, 0, 1] 124
[0, 0, 1] 132
[0, 0, 1] 138
[0, 0, 1] 138
[0, 0, 1] 140
[0, 0, 1] 144
[0, 0, 1] 153
[0, 0, 1] 161
[0, 0, 1] 191
[0, 0, 1] 191
[0, 0, 1] 195
[0, 0, 1] 196
[0, 0, 1] 198
[0, 0, 1] 204
[0, 0, 1] 204
[0, 0, 1] 206
[0, 0, 1] 210
[0, 0, 1] 216
[0, 0, 1] 228
[0, 0, 1] 230
[0, 0, 1] 240
[0, 0, 1] 251
[0, 0, 1] 267
[0, 0, 1] 273
[0, 0, 1] 282
[0, 0, 1] 315
