VARIABLES 100
NB_OBJ 3
ITEMS
[1, 1, 1] 671
[1, 1, 1] 688
[1, 1, 1] 721
[1, 1, 1] 754
[1, 1, 1] 784
[1, 1, 1] 784
[1, 1, 1] 796
[1, 1, 1] 799
[1, 1, 1] 804
[1, 1, 1] 811
[1, 1, 1] 814
[1, 1, 1] 819
[1, 1, 1] 829
[1, 1, 1] 830
[1, 1, 1] 832
[1, 1, 1] 866
[1, 1, 1] 873
[1, 1, 1] 912
[1, 1, 1] 926
[1, 1, 1] 935
[1, 1, 1] 956
[1, 1, 1] 964
[1, 1, 1] 967
[1, 1, 1] 974
[1, 1, 1] 993
[0, 1, 1] 345
[0, 1, 1] 370
[0, 1, 1] 375
[0, 1, 1] 376
[0, 1, 1] 380
[0, 1, 1] 414
[0, 1, 1] 414
[0, 1, 1] 420
[0, 1, 1] 437
[0, 1, 1] 465
[0, 1, 1] 481
[0, 1, 1] 485
[0, 1, 1] 494
[0, 1, 1] 495
[0, 1, 1] 503
[0, 1, 1] 505
[0, 1, 1] 528
[0, 1, 1] 535
[0, 1, 1] 556
[0, 1, 1] 558
[0, 1, 1] 560
[0, 1, 1] 562
[0, 1, 1] 562
[0, 1, 1] 570
[0, 1, 1] 574
[0, 1, 1] 576
[0, 1, 1] 583
[0, 1, 1] 616
[0, 1, 1] 628
[0, 1, 1] 634
[0, 1, 1] 646
[0, 0, 1] 2
[0, 0, 1] 5
[0, 0, 1] 15
[0, 0, 1] 19
[0, 0, 1] 29
[0, 0, 1] 34
[0, 0, 1] 34
[0, 0, 1] 38
[0, 0, 1] 40
[0, 0, 1] 47
[0, 0, 1] 48
[0, 0, 1] 49
[0, 0, 1] 50
[0, 0, 1] 52
[0, 0, 1] 64
[0, 0, 1] 65
[0, 0, 1] 72
[0, 0, 1] 91
[0, 0, 1] 91
[0, 0, 1] 95
[0, 0, 1] 109
[0, 0, 1] 113
[0, 0, 1] 116
[0, 0, 1] 116
[0, 0, 1] 122
[0, 0, 1] 123
[0, 0, 1] 128
[0, 0, 1] 143
[0, 0, 1] 145
[0, 0, 1] 149
[0, 0, 1] 163
[0, 0, 1] 165
[0, 0, 1] 178
[0, 0, 1] 223
[0, 0, 1] 244
[0, 0, 1] 248
[0, 0, 1] 255
[0, 0, 1] 280
[0, 0, 1] 302
[0, 0, 1] 310
[0, 0, 1] 310
[0, 0, 1] 325
[0, 0, 1] 328
[0, 0, 1] 331
