VARIABLES 100
NB_OBJ 3
ITEMS
[1, 1, 1] 685
[1, 1, 1] 716
[1, 1, 1] 738
[1, 1, 1] 742
[1, 1, 1] 760
[1, 1, 1] 770
[1, 1, 1] 780
[1, 1, 1] 788
[1, 1, 1] 796
[1, 1, 1] 800
[1, 1, 1] 802
[1, 1, 1] 802
[1, 1, 1] 814
[1, 1, 1] 846
[1, 1, 1] 847
[1, 1, 1] 859
[1, 1, 1] 865
[1, 1, 1] 873
[1, 1, 1] 892
[1, 1, 1] 907
[1, 1, 1] 911
[1, 1, 1] 926
[1, 1, 1] 932
[1, 1, 1] 937
[1, 1, 1] 947
[1, 1, 1] 949
[1, 1, 1] 979
[0, 1, 1] 342
[0, 1, 1] 350
[0, 1, 1] 355
[0, 1, 1] 359
[0, 1, 1] 367
[0, 1, 1] 375
[0, 1, 1] 389
[0, 1, 1] 395
[0, 1, 1] 406
[0, 1, 1] 409
[0, 1, 1] 410
[0, 1, 1] 416
[0, 1, 1] 418
[0, 1, 1] 424
[0, 1, 1] 432
[0, 1, 1] 441
[0, 1, 1] 443
[0, 1, 1] 443
[0, 1, 1] 446
[0, 1, 1] 473
[0, 1, 1] 475
[0, 1, 1] 484
[0, 1, 1] 489
[0, 1, 1] 527
[0, 1, 1] 554
[0, 1, 1] 563
[0, 1, 1] 566
[0, 1, 1] 569
[0, 1, 1] 570
[0, 1, 1] 573
[0, 1, 1] 602
[0, 1, 1] 604
[0, 1, 1] 608
[0, 1, 1] 612
[0, 1, 1] 626
[0, 1, 1] 629
[0, 1, 1] 633
[0, 1, 1] 654
[0, 1, 1] 664
[0, 0, 1] 2
[0, 0, 1] 30
[0, 0, 1] 52
[0, 0, 1] 53
[0, 0, 1] 59
[0, 0, 1] 67
[0, 0, 1] 73
[0, 0, 1] 83
[0, 0, 1] 85
[0, 0, 1] 90
[0, 0, 1] 97
[0, 0, 1] 101
[0, 0, 1] 106
[0, 0, 1] 116
[0, 0, 1] 121
[0, 0, 1] 123
[0, 0, 1] 126
[0, 0, 1] 136
[0, 0, 1] 153
[0, 0, 1] 173
[0, 0, 1] 176
[0, 0, 1] 181
[0, 0, 1] 197
[0, 0, 1] 231
[0, 0, 1] 246
[0, 0, 1] 249
[0, 0, 1] 253
[0, 0, 1] 267
[0, 0, 1] 287
[0, 0, 1] 294
[0, 0, 1] 298
[0, 0, 1] 306
[0, 0, 1] 322
[0, 0, 1] 332
