VARIABLES 100
NB_OBJ 3
ITEMS
[1, 1, 1] 673
[1, 1, 1] 675
[1, 1, 1] 701
[1, 1, 1] 713
[1, 1, 1] 721
[1, 1, 1] 737
[1, 1, 1] 740
[1, 1, 1] 762
[1, 1, 1] 781
[1, 1, 1] 790
[1, 1, 1] 795
[1, 1, 1] 807
[1, 1, 1] 813
[1, 1, 1] 827
[1, 1, 1] 830
[1, 1, 1] 871
[1, 1, 1] 886
[1, 1, 1] 889
[1, 1, 1] 913
[1, 1, 1] 914
[1, 1, 1] 914
[1, 1, 1] 917
[1, 1, 1] 949
[1, 1, 1] 964
[1, 1, 1] 964
[1, 1, 1] 966
[1, 1, 1] 971
[0, 1, 1] 336
[0, 1, 1] 337
[0, 1, 1] 356
[0, 1, 1] 364
[0, 1, 1] 383
[0, 1, 1] 391
[0, 1, 1] 398
[0, 1, 1] 407
[0, 1, 1] 410
[0, 1, 1] 415
[0, 1, 1] 418
[0, 1, 1] 429
[0, 1, 1] 439
[0, 1, 1] 451
[0, 1, 1] 455
[0, 1, 1] 463
[0, 1, 1] 472
[0, 1, 1] 495
[0, 1, 1] 500
[0, 1, 1] 506
[0, 1, 1] 506
[0, 1, 1] 508
[0, 1, 1] 539
[0, 1, 1] 566
[0, 1, 1] 568
[0, 1, 1] 584
[0, 1, 1] 587
[0, 1, 1] 592
[0, 1, 1] 611
[0, 1, 1] 624
[0, 1, 1] 625
[0, 1, 1] 645
[0, 0, 1] 3
[0, 0, 1] 35
[0, 0, 1] 38
[0, 0, 1] 40
[0, 0, 1] 77
[0, 0, 1] 82
[0, 0, 1] 85
[0, 0, 1] 85
[0, 0, 1] 90
[0, 0, 1] 91
[0, 0, 1] 99
[0, 0, 1] 107
[0, 0, 1] 110
[0, 0, 1] 116
[0, 0, 1] 118
[0, 0, 1] 118
[0, 0, 1] 128
[0, 0, 1] 129
[0, 0, 1] 131
[0, 0, 1] 142
[0, 0, 1] 144
[0, 0, 1] 149
[0, 0, 1] 162
[0, 0, 1] 162
[0, 0, 1] 176
[0, 0, 1] 178
[0, 0, 1] 185
[0, 0, 1] 185
[0, 0, 1] 205
[0, 0, 1] 207
[0, 0, 1] 214
[0, 0, 1] 223
[0, 0, 1] 226
[0, 0, 1] 226
[0, 0, 1] 227
[0, 0, 1] 237
[0, 0, 1] 245
[0, 0, 1] 297
[0, 0, 1] 321
[0, 0, 1] 323
[0, 0, 1] 326
