VARIABLES 100
NB_OBJ 3
ITEMS
[1, 1, 1] 677
[1, 1, 1] 686
[1, 1, 1] 690
[1, 1, 1] 699
[1, 1, 1] 722
[1, 1, 1] 737
[1, 1, 1] 773
[1, 1, 1] 786
[1, 1, 1] 794
[1, 1, 1] 810
[1, 1, 1] 812
[1, 1, 1] 833
[1, 1, 1] 855
[1, 1, 1] 871
[1, 1, 1] 880
[1, 1, 1] 894
[1, 1, 1] 900
[1, 1, 1] 957
[1, 1, 1] 963
[1, 1, 1] 965
[1, 1, 1] 979
[1, 1, 1] 983
[1, 1, 1] 985
[0, 1, 1] 335
[0, 1, 1] 342
[0, 1, 1] 352
[0, 1, 1] 355
[0, 1, 1] 357
[0, 1, 1] 363
[0, 1, 1] 365
[0, 1, 1] 366
[0, 1, 1] 366
[0, 1, 1] 371
[0, 1, 1] 375
[0, 1, 1] 376
[0, 1, 1] 383
[0, 1, 1] 394
[0, 1, 1] 395
[0, 1, 1] 395
[0, 1, 1] 403
[0, 1, 1] 413
[0, 1, 1] 438
[0, 1, 1] 458
[0, 1, 1] 473
[0, 1, 1] 491
[0, 1, 1] 496
[0, 1, 1] 497
[0, 1, 1] 502
[0, 1, 1] 513
[0, 1, 1] 547
[0, 1, 1] 548
[0, 1, 1] 550
[0, 1, 1] 566
[0, 1, 1] 569
[0, 1, 1] 573
[0, 1, 1] 581
[0, 1, 1] 582
[0, 1, 1] 585
[0, 1, 1] 590
[0, 1, 1] 602
[0, 1, 1] 617
[0, 1, 1] 619
[0, 1, 1] 624
[0, 1, 1] 634
[0, 1, 1] 636
[0, 1, 1] 653
[0, 1, 1] 655
[0, 0, 1] 4
[0, 0, 1] 12
[0, 0, 1] 13
[0, 0, 1] 32
[0, 0, 1] 50
[0, 0, 1] 56
[0, 0, 1] 74
[0, 0, 1] 86
[0, 0, 1] 94
[0, 0, 1] 137
[0, 0, 1] 142
[0, 0, 1] 143
[0, 0, 1] 158
[0, 0, 1] 162
[0, 0, 1] 180
[0, 0, 1] 187
[0, 0, 1] 191
[0, 0, 1] 197
[0, 0, 1] 230
[0, 0, 1] 234
[0, 0, 1] 234
[0, 0, 1] 236
[0, 0, 1] 243
[0, 0, 1] 250
[0, 0, 1] 251
[0, 0, 1] 262
[0, 0, 1] 265
[0, 0, 1] 277
[0, 0, 1] 287
[0, 0, 1] 292
[0, 0, 1] 296
[0, 0, 1] 305
[0, 0, 1] 324
