VARIABLES 100
NB_OBJ 3
ITEMS
[1, 1, 1] 679
[1, 1, 1] 681
[1, 1, 1] 709
[1, 1, 1] 712
[1, 1, 1] 713
[1, 1, 1] 723
[1, 1, 1] 733
[1, 1, 1] 751
[1, 1, 1] 752
[1, 1, 1] 753
[1, 1, 1] 756
[1, 1, 1] 764
[1, 1, 1] 765
[1, 1, 1] 789
[1, 1, 1] 796
[1, 1, 1] 799
[1, 1, 1] 805
[1, 1, 1] 821
[1, 1, 1] 825
[1, 1, 1] 826
[1, 1, 1] 831
[1, 1, 1] 839
[1, 1, 1] 841
[1, 1, 1] 843
[1, 1, 1] 861
[1, 1, 1] 872
[1, 1, 1] 874
[1, 1, 1] 895
[1, 1, 1] 903
[1, 1, 1] 906
[1, 1, 1] 926
[1, 1, 1] 946
[1, 1, 1] 949
[1, 1, 1] 952
[1, 1, 1] 959
[1, 1, 1] 969
[1, 1, 1] 974
[1, 1, 1] 988
[1, 1, 1] 990
[0, 1, 1] 332
[0, 1, 1] 337
[0, 1, 1] 343
[0, 1, 1] 369
[0, 1, 1] 385
[0, 1, 1] 386
[0, 1, 1] 387
[0, 1, 1] 394
[0, 1, 1] 396
[0, 1, 1] 399
[0, 1, 1] 432
[0, 1, 1] 471
[0, 1, 1] 471
[0, 1, 1] 511
[0, 1, 1] 557
[0, 1, 1] 572
[0, 1, 1] 585
[0, 1, 1] 609
[0, 1, 1] 629
[0, 1, 1] 647
[0, 1, 1] 661
[0, 1, 1] 662
[0, 0, 1] 2
[0, 0, 1] 3
[0, 0, 1] 9
[0, 0, 1] 12
[0, 0, 1] 21
[0, 0, 1] 22
[0, 0, 1] 42
[0, 0, 1] 60
[0, 0, 1] 65
[0, 0, 1] 73
[0, 0, 1] 76
[0, 0, 1] 77
[0, 0, 1] 99
[0, 0, 1] 113
[0, 0, 1] 117
[0, 0, 1] 127
[0, 0, 1] 134
[0, 0, 1] 135
[0, 0, 1] 148
[0, 0, 1] 152
[0, 0, 1] 155
[0, 0, 1] 161
[0, 0, 1] 171
[0, 0, 1] 176
[0, 0, 1] 184
[0, 0, 1] 206
[0, 0, 1] 211
[0, 0, 1] 219
[0, 0, 1] 247
[0, 0, 1] 253
[0, 0, 1] 265
[0, 0, 1] 272
[0, 0, 1] 273
[0, 0, 1] 282
[0, 0, 1] 297
[0, 0, 1] 302
[0, 0, 1] 323
[0, 0, 1] 327
[0, 0, 1] 328
