VARIABLES 100
NB_OBJ 3
ITEMS
[1, 1, 1] 677
[1, 1, 1] 694
[1, 1, 1] 703
[1, 1, 1] 705
[1, 1, 1] 712
[1, 1, 1] 717
[1, 1, 1] 728
[1, 1, 1] 729
[1, 1, 1] 733
[1, 1, 1] 743
[1, 1, 1] 745
[1, 1, 1] 789
[1, 1, 1] 792
[1, 1, 1] 793
[1, 1, 1] 798
[1, 1, 1] 813
[1, 1, 1] 826
[1, 1, 1] 843
[1, 1, 1] 864
[1, 1, 1] 865
[1, 1, 1] 876
[1, 1, 1] 883
[1, 1, 1] 883
[1, 1, 1] 884
[1, 1, 1] 902
[1, 1, 1] 907
[1, 1, 1] 911
[1, 1, 1] 914
[1, 1, 1] 958
[1, 1, 1] 965
[1, 1, 1] 994
[1, 1, 1] 999
[1, 1, 1] 1000
[0, 1, 1] 334
[0, 1, 1] 336
[0, 1, 1] 361
[0, 1, 1] 362
[0, 1, 1] 364
[0, 1, 1] 374
[0, 1, 1] 380
[0, 1, 1] 392
[0, 1, 1] 393
[0, 1, 1] 393
[0, 1, 1] 395
[0, 1, 1] 400
[0, 1, 1] 429
[0, 1, 1] 431
[0, 1, 1] 444
[0, 1, 1] 491
[0, 1, 1] 493
[0, 1, 1] 499
[0, 1, 1] 501
[0, 1, 1] 509
[0, 1, 1] 520
[0, 1, 1] 526
[0, 1, 1] 529
[0, 1, 1] 534
[0, 1, 1] 542
[0, 1, 1] 557
[0, 1, 1] 558
[0, 1, 1] 561
[0, 1, 1] 568
[0, 1, 1] 572
[0, 1, 1] 578
[0, 1, 1] 580
[0, 1, 1] 583
[0, 1, 1] 584
[0, 1, 1] 637
[0, 1, 1] 651
[0, 0, 1] 4
[0, 0, 1] 30
[0, 0, 1] 31
[0, 0, 1] 38
[0, 0, 1] 53
[0, 0, 1] 53
[0, 0, 1] 64
[0, 0, 1] 66
[0, 0, 1] 77
[0, 0, 1] 92
[0, 0, 1] 95
[0, 0, 1] 95
[0, 0, 1] 107
[0, 0, 1] 128
[0, 0, 1] 132
[0, 0, 1] 134
[0, 0, 1] 135
[0, 0, 1] 137
[0, 0, 1] 145
[0, 0, 1] 190
[0, 0, 1] 197
[0, 0, 1] 199
[0, 0, 1] 234
[0, 0, 1] 239
[0, 0, 1] 263
[0, 0, 1] 266
[0, 0, 1] 271
[0, 0, 1] 277
[0, 0, 1] 290
[0, 0, 1] 304
[0, 0, 1] 332
