VARIABLES 100
NB_OBJ 3
ITEMS
[1, 1, 1] 670
[1, 1, 1] 678
[1, 1, 1] 684
[1, 1, 1] 692
[1, 1, 1] 696
[1, 1, 1] 712
[1, 1, 1] 721
[1, 1, 1] 728
[1, 1, 1] 757
[1, 1, 1] 761
[1, 1, 1] 764
[1, 1, 1] 772
[1, 1, 1] 775
[1, 1, 1] 776
[1, 1, 1] 778
[1, 1, 1] 781
[1, 1, 1] 799
[1, 1, 1] 806
[1, 1, 1] 812
[1, 1, 1] 826
[1, 1, 1] 833
[1, 1, 1] 840
[1, 1, 1] 854
[1, 1, 1] 871
[1, 1, 1] 873
[1, 1, 1] 878
[1, 1, 1] 879
[1, 1, 1] 890
[1, 1, 1] 890
[1, 1, 1] 904
[1, 1, 1] 905
[1, 1, 1] 928
[1, 1, 1] 933
[1, 1, 1] 963
[1, 1, 1] 966
[1, 1, 1] 974
[1, 1, 1] 975
[1, 1, 1] 975
[1, 1, 1] 991
[0, 1, 1] 343
[0, 1, 1] 347
[0, 1, 1] 349
[0, 1, 1] 351
[0, 1, 1] 354
[0, 1, 1] 362
[0, 1, 1] 379
[0, 1, 1] 388
[0, 1, 1] 397
[0, 1, 1] 409
[0, 1, 1] 414
[0, 1, 1] 415
[0, 1, 1] 418
[0, 1, 1] 429
[0, 1, 1] 432
[0, 1, 1] 436
[0, 1, 1] 445
[0, 1, 1] 448
[0, 1, 1] 460
[0, 1, 1] 483
[0, 1, 1] 511
[0, 1, 1] 515
[0, 1, 1] 515
[0, 1, 1] 531
[0, 1, 1] 534
[0, 1, 1] 574
[0, 1, 1] 616
[0, 1, 1] 645
[0, 0, 1] 20
[0, 0, 1] 40
[0, 0, 1] 50
[0, 0, 1] 51
[0, 0, 1] 52
[0, 0, 1] 64
[0, 0, 1] 87
[0, 0, 1] 91
[0, 0, 1] 100
[0, 0, 1] 109
[0, 0, 1] 113
[0, 0, 1] 117
[0, 0, 1] 129
[0, 0, 1] 130
[0, 0, 1] 139
[0, 0, 1] 145
[0, 0, 1] 146
[0, 0, 1] 148
[0, 0, 1] 152
[0, 0, 1] 166
[0, 0, 1] 177
[0, 0, 1] 207
[0, 0, 1] 217
[0, 0, 1] 229
[0, 0, 1] 239
[0, 0, 1] 243
[0, 0, 1] 247
[0, 0, 1] 270
[0, 0, 1] 272
[0, 0, 1] 280
[0, 0, 1] 308
[0, 0, 1] 319
[0, 0, 1] 330
