VARIABLES 100
NB_OBJ 3
ITEMS
[1, 1, 1] 670
[1, 1, 1] 671
[1, 1, 1] 681
[1, 1, 1] 696
[1, 1, 1] 698
[1, 1, 1] 723
[1, 1, 1] 734
[1, 1, 1] 742
[1, 1, 1] 751
[1, 1, 1] 752
[1, 1, 1] 753
[1, 1, 1] 759
[1, 1, 1] 769
[1, 1, 1] 777
[1, 1, 1] 781
[1, 1, 1] 794
[1, 1, 1] 797
[1, 1, 1] 811
[1, 1, 1] 820
[1, 1, 1] 827
[1, 1, 1] 840
[1, 1, 1] 852
[1, 1, 1] 870
[1, 1, 1] 877
[1, 1, 1] 880
[1, 1, 1] 880
[1, 1, 1] 894
[1, 1, 1] 901
[1, 1, 1] 912
[1, 1, 1] 934
[1, 1, 1] 934
[1, 1, 1] 941
[1, 1, 1] 957
[1, 1, 1] 976
[1, 1, 1] 985
[1, 1, 1] 1000
[0, 1, 1] 332
[0, 1, 1] 346
[0, 1, 1] 355
[0, 1, 1] 370
[0, 1, 1] 373
[0, 1, 1] 375
[0, 1, 1] 388
[0, 1, 1] 388
[0, 1, 1] 404
[0, 1, 1] 404
[0, 1, 1] 410
[0, 1, 1] 413
[0, 1, 1] 414
[0, 1, 1] 418
[0, 1, 1] 446
[0, 1, 1] 508
[0, 1, 1] 517
[0, 1, 1] 544
[0, 1, 1] 557
[0, 1, 1] 576
[0, 1, 1] 589
[0, 1, 1] 596
[0, 1, 1] 600
[0, 1, 1] 618
[0, 1, 1] 633
[0, 1, 1] 640
[0, 1, 1] 643
[0, 1, 1] 651
[0, 1, 1] 655
[0, 1, 1] 657
[0, 1, 1] 659
[0, 0, 1] 5
[0, 0, 1] 18
[0, 0, 1] 30
[0, 0, 1] 35
[0, 0, 1] 44
[0, 0, 1] 47
[0, 0, 1] 51
[0, 0, 1] 52
[0, 0, 1] 56
[0, 0, 1] 59
[0, 0, 1] 73
[0, 0, 1] 104
[0, 0, 1] 106
[0, 0, 1] 130
[0, 0, 1] 143
[0, 0, 1] 146
[0, 0, 1] 152
[0, 0, 1] 155
[0, 0, 1] 180
[0, 0, 1] 183
[0, 0, 1] 192
[0, 0, 1] 209
[0, 0, 1] 210
[0, 0, 1] 224
[0, 0, 1] 227
[0, 0, 1] 228
[0, 0, 1] 230
[0, 0, 1] 245
[0, 0, 1] 257
[0, 0, 1] 300
[0, 0, 1] 308
[0, 0, 1] 312
[0, 0, 1] 322
