VARIABLES 100
NB_OBJ 3
ITEMS
[1, 1, 1] 667
[1, 1, 1] 685
[1, 1, 1] 699
[1, 1, 1] 702
[1, 1, 1] 702
[1, 1, 1] 712
[1, 1, 1] 738
[1, 1, 1] 743
[1, 1, 1] 763
[1, 1, 1] 772
[1, 1, 1] 776
[1, 1, 1] 785
[1, 1, 1] 791
[1, 1, 1] 808
[1, 1, 1] 813
[1, 1, 1] 816
[1, 1, 1] 817
[1, 1, 1] 825
[1, 1, 1] 830
[1, 1, 1] 833
[1, 1, 1] 848
[1, 1, 1] 863
[1, 1, 1] 869
[1, 1, 1] 870
[1, 1, 1] 883
[1, 1, 1] 886
[1, 1, 1] 893
[1, 1, 1] 918
[1, 1, 1] 925
[1, 1, 1] 932
[1, 1, 1] 936
[1, 1, 1] 941
[1, 1, 1] 947
[1, 1, 1] 947
[1, 1, 1] 957
[1, 1, 1] 978
[0, 1, 1] 348
[0, 1, 1] 366
[0, 1, 1] 405
[0, 1, 1] 409
[0, 1, 1] 417
[0, 1, 1] 424
[0, 1, 1] 435
[0, 1, 1] 445
[0, 1, 1] 460
[0, 1, 1] 468
[0, 1, 1] 476
[0, 1, 1] 482
[0, 1, 1] 484
[0, 1, 1] 498
[0, 1, 1] 501
[0, 1, 1] 503
[0, 1, 1] 513
[0, 1, 1] 523
[0, 1, 1] 533
[0, 1, 1] 535
[0, 1, 1] 552
[0, 1, 1] 564
[0, 1, 1] 565
[0, 1, 1] 578
[0, 1, 1] 585
[0, 1, 1] 597
[0, 1, 1] 608
[0, 1, 1] 612
[0, 1, 1] 653
[0, 1, 1] 665
[0, 0, 1] 16
[0, 0, 1] 24
[0, 0, 1] 46
[0, 0, 1] 71
[0, 0, 1] 74
[0, 0, 1] 81
[0, 0, 1] 84
[0, 0, 1] 92
[0, 0, 1] 104
[0, 0, 1] 115
[0, 0, 1] 117
[0, 0, 1] 130
[0, 0, 1] 140
[0, 0, 1] 145
[0, 0, 1] 150
[0, 0, 1] 152
[0, 0, 1] 152
[0, 0, 1] 159
[0, 0, 1] 162
[0, 0, 1] 169
[0, 0, 1] 172
[0, 0, 1] 176
[0, 0, 1] 182
[0, 0, 1] 188
[0, 0, 1] 221
[0, 0, 1] 224
[0, 0, 1] 234
[0, 0, 1] 237
[0, 0, 1] 244
[0, 0, 1] 283
[0, 0, 1] 298
[0, 0, 1] 314
[0, 0, 1] 318
[0, 0, 1] 322
