VARIABLES 100
NB_OBJ 3
ITEMS
[1, 1, 1] 668
[1, 1, 1] 668
[1, 1, 1] 669
[1, 1, 1] 679
[1, 1, 1] 680
[1, 1, 1] 680
[1, 1, 1] 682
[1, 1, 1] 688
[1, 1, 1] 714
[1, 1, 1] 719
[1, 1, 1] 729
[1, 1, 1] 741
[1, 1, 1] 763
[1, 1, 1] 765
[1, 1, 1] 770
[1, 1, 1] 770
[1, 1, 1] 781
[1, 1, 1] 793
[1, 1, 1] 795
[1, 1, 1] 795
[1, 1, 1] 797
[1, 1, 1] 822
[1, 1, 1] 837
[1, 1, 1] 852
[1, 1, 1] 856
[1, 1, 1] 864
[1, 1, 1] 872
[1, 1, 1] 876
[1, 1, 1] 884
[1, 1, 1] 884
[1, 1, 1] 891
[1, 1, 1] 897
[1, 1, 1] 907
[1, 1, 1] 913
[1, 1, 1] 923
[1, 1, 1] 924
[1, 1, 1] 928
[1, 1, 1] 938
[1, 1, 1] 938
[1, 1, 1] 952
[1, 1, 1] 956
[1, 1, 1] 957
[1, 1, 1] 958
[1, 1, 1] 965
[1, 1, 1] 971
[1, 1, 1] 973
[1, 1, 1] 978
[1, 1, 1] 996
[0, 1, 1] 375
[0, 1, 1] 377
[0, 1, 1] 406
[0, 1, 1] 423
[0, 1, 1] 436
[0, 1, 1] 437
[0, 1, 1] 450
[0, 1, 1] 458
[0, 1, 1] 460
[0, 1, 1] 471
[0, 1, 1] 474
[0, 1, 1] 504
[0, 1, 1] 507
[0, 1, 1] 522
[0, 1, 1] 532
[0, 1, 1] 536
[0, 1, 1] 576
[0, 1, 1] 579
[0, 1, 1] 606
[0, 1, 1] 631
[0, 1, 1] 637
[0, 1, 1] 653
[0, 1, 1] 654
[0, 0, 1] 26
[0, 0, 1] 37
[0, 0, 1] 48
[0, 0, 1] 55
[0, 0, 1] 65
[0, 0, 1] 67
[0, 0, 1] 85
[0, 0, 1] 89
[0, 0, 1] 96
[0, 0, 1] 102
[0, 0, 1] 103
[0, 0, 1] 104
[0, 0, 1] 120
[0, 0, 1] 151
[0, 0, 1] 155
[0, 0, 1] 164
[0, 0, 1] 176
[0, 0, 1] 178
[0, 0, 1] 219
[0, 0, 1] 228
[0, 0, 1] 241
[0, 0, 1] 248
[0, 0, 1] 253
[0, 0, 1] 256
[0, 0, 1] 268
[0, 0, 1] 296
[0, 0, 1] 299
[0, 0, 1] 320
[0, 0, 1] 326
