VARIABLES 100
NB_OBJ 3
ITEMS
[1, 1, 1] 667
[1, 1, 1] 671
[1, 1, 1] 676
[1, 1, 1] 695
[1, 1, 1] 696
[1, 1, 1] 708
[1, 1, 1] 717
[1, 1, 1] 718
[1, 1, 1] 726
[1, 1, 1] 728
[1, 1, 1] 738
[1, 1, 1] 740
[1, 1, 1] 772
[1, 1, 1] 784
[1, 1, 1] 796
[1, 1, 1] 816
[1, 1, 1] 832
[1, 1, 1] 836
[1, 1, 1] 848
[1, 1, 1] 872
[1, 1, 1] 884
[1, 1, 1] 901
[1, 1, 1] 915
[1, 1, 1] 917
[1, 1, 1] 919
[1, 1, 1] 937
[1, 1, 1] 950
[1, 1, 1] 969
[1, 1, 1] 977
[1, 1, 1] 988
[1, 1, 1] 989
[1, 1, 1] 990
[0, 1, 1] 334
[0, 1, 1] 348
[0, 1, 1] 351
[0, 1, 1] 356
[0, 1, 1] 361
[0, 1, 1] 364
[0, 1, 1] 369
[0, 1, 1] 370
[0, 1, 1] 385
[0, 1, 1] 390
[0, 1, 1] 394
[0, 1, 1] 406
[0, 1, 1] 419
[0, 1, 1] 424
[0, 1, 1] 449
[0, 1, 1] 475
[0, 1, 1] 497
[0, 1, 1] 513
[0, 1, 1] 522
[0, 1, 1] 536
[0, 1, 1] 537
[0, 1, 1] 539
[0, 1, 1] 558
[0, 1, 1] 564
[0, 1, 1] 586
[0, 1, 1] 599
[0, 1, 1] 616
[0, 1, 1] 617
[0, 1, 1] 657
[0, 1, 1] 660
[0, 1, 1] 663
[0, 1, 1] 666
[0, 0, 1] 18
[0, 0, 1] 19
[0, 0, 1] 40
[0, 0, 1] 43
[0, 0, 1] 62
[0, 0, 1] 67
[0, 0, 1] 79
[0, 0, 1] 81
[0, 0, 1] 84
[0, 0, 1] 87
[0, 0, 1] 101
[0, 0, 1] 102
[0, 0, 1] 124
[0, 0, 1] 133
[0, 0, 1] 139
[0, 0, 1] 142
[0, 0, 1] 146
[0, 0, 1] 158
[0, 0, 1] 165
[0, 0, 1] 179
[0, 0, 1] 185
[0, 0, 1] 214
[0, 0, 1] 219
[0, 0, 1] 225
[0, 0, 1] 230
[0, 0, 1] 241
[0, 0, 1] 243
[0, 0, 1] 245
[0, 0, 1] 247
[0, 0, 1] 264
[0, 0, 1] 266
[0, 0, 1] 292
[0, 0, 1] 303
[0, 0, 1] 313
[0, 0, 1] 314
[0, 0, 1] 323
