VARIABLES 100
NB_OBJ 3
ITEMS
[1, 1, 1] 710
[1, 1, 1] 747
[1, 1, 1] 749
[1, 1, 1] 766
[1, 1, 1] 768
[1, 1, 1] 772
[1, 1, 1] 775
[1, 1, 1] 778
[1, 1, 1] 789
[1, 1, 1] 790
[1, 1, 1] 801
[1, 1, 1] 809
[1, 1, 1] 810
[1, 1, 1] 832
[1, 1, 1] 843
[1, 1, 1] 860
[1, 1, 1] 867
[1, 1, 1] 868
[1, 1, 1] 876
[1, 1, 1] 883
[1, 1, 1] 895
[1, 1, 1] 906
[1, 1, 1] 910
[1, 1, 1] 910
[1, 1, 1] 913
[1, 1, 1] 925
[1, 1, 1] 957
[1, 1, 1] 957
[1, 1, 1] 985
[1, 1, 1] 993
[0, 1, 1] 340
[0, 1, 1] 340
[0, 1, 1] 341
[0, 1, 1] 346
[0, 1, 1] 348
[0, 1, 1] 358
[0, 1, 1] 367
[0, 1, 1] 370
[0, 1, 1] 376
[0, 1, 1] 391
[0, 1, 1] 391
[0, 1, 1] 395
[0, 1, 1] 396
[0, 1, 1] 405
[0, 1, 1] 406
[0, 1, 1] 416
[0, 1, 1] 423
[0, 1, 1] 431
[0, 1, 1] 440
[0, 1, 1] 448
[0, 1, 1] 459
[0, 1, 1] 466
[0, 1, 1] 476
[0, 1, 1] 484
[0, 1, 1] 488
[0, 1, 1] 492
[0, 1, 1] 504
[0, 1, 1] 507
[0, 1, 1] 512
[0, 1, 1] 529
[0, 1, 1] 537
[0, 1, 1] 593
[0, 1, 1] 618
[0, 1, 1] 634
[0, 1, 1] 663
[0, 1, 1] 666
[0, 0, 1] 8
[0, 0, 1] 15
[0, 0, 1] 21
[0, 0, 1] 27
[0, 0, 1] 30
[0, 0, 1] 34
[0, 0, 1] 52
[0, 0, 1] 63
[0, 0, 1] 65
[0, 0, 1] 65
[0, 0, 1] 92
[0, 0, 1] 99
[0, 0, 1] 106
[0, 0, 1] 112
[0, 0, 1] 162
[0, 0, 1] 164
[0, 0, 1] 178
[0, 0, 1] 184
[0, 0, 1] 186
[0, 0, 1] 213
[0, 0, 1] 215
[0, 0, 1] 216
[0, 0, 1] 218
[0, 0, 1] 224
[0, 0, 1] 240
[0, 0, 1] 243
[0, 0, 1] 315
[0, 0, 1] 317
[0, 0, 1] 317
[0, 0, 1] 320
[0, 0, 1] 323
[0, 0, 1] 325
[0, 0, 1] 328
[0, 0, 1] 328
