VARIABLES 100
NB_OBJ 3
ITEMS
[1, 1, 1] 668
[1, 1, 1] 669
[1, 1, 1] 692
[1, 1, 1] 699
[1, 1, 1] 704
[1, 1, 1] 722
[1, 1, 1] 736
[1, 1, 1] 741
[1, 1, 1] 745
[1, 1, 1] 752
[1, 1, 1] 762
[1, 1, 1] 789
[1, 1, 1] 800
[1, 1, 1] 841
[1, 1, 1] 861
[1, 1, 1] 909
[1, 1, 1] 915
[1, 1, 1] 928
[1, 1, 1] 933
[1, 1, 1] 936
[1, 1, 1] 947
[1, 1, 1] 964
[1, 1, 1] 965
[1, 1, 1] 966
[1, 1, 1] 969
[1, 1, 1] 972
[1, 1, 1] 979
[1, 1, 1] 995
[1, 1, 1] 997
[0, 1, 1] 353
[0, 1, 1] 362
[0, 1, 1] 374
[0, 1, 1] 381
[0, 1, 1] 389
[0, 1, 1] 398
[0, 1, 1] 401
[0, 1, 1] 435
[0, 1, 1] 445
[0, 1, 1] 449
[0, 1, 1] 460
[0, 1, 1] 461
[0, 1, 1] 472
[0, 1, 1] 473
[0, 1, 1] 493
[0, 1, 1] 504
[0, 1, 1] 509
[0, 1, 1] 521
[0, 1, 1] 529
[0, 1, 1] 530
[0, 1, 1] 536
[0, 1, 1] 544
[0, 1, 1] 554
[0, 1, 1] 555
[0, 1, 1] 569
[0, 1, 1] 570
[0, 1, 1] 571
[0, 1, 1] 579
[0, 1, 1] 625
[0, 1, 1] 631
[0, 1, 1] 631
[0, 1, 1] 656
[0, 1, 1] 656
[0, 1, 1] 657
[0, 0, 1] 26
[0, 0, 1] 32
[0, 0, 1] 37
[0, 0, 1] 47
[0, 0, 1] 51
[0, 0, 1] 58
[0, 0, 1] 73
[0, 0, 1] 77
[0, 0, 1] 77
[0, 0, 1] 80
[0, 0, 1] 92
[0, 0, 1] 99
[0, 0, 1] 100
[0, 0, 1] 110
[0, 0, 1] 120
[0, 0, 1] 120
[0, 0, 1] 123
[0, 0, 1] 127
[0, 0, 1] 138
[0, 0, 1] 142
[0, 0, 1] 161
[0, 0, 1] 163
[0, 0, 1] 176
[0, 0, 1] 209
[0, 0, 1] 211
[0, 0, 1] 218
[0, 0, 1] 218
[0, 0, 1] 228
[0, 0, 1] 228
[0, 0, 1] 228
[0, 0, 1] 250
[0, 0, 1] 257
[0, 0, 1] 264
[0, 0, 1] 280
[0, 0, 1] 284
[0, 0, 1] 287
[0, 0, 1] 324
