VARIABLES 100
NB_OBJ 3
ITEMS
[1, 1, 1] 667
[1, 1, 1] 669
[1, 1, 1] 672
[1, 1, 1] 680
[1, 1, 1] 688
[1, 1, 1] 690
[1, 1, 1] 692
[1, 1, 1] 695
[1, 1, 1] 702
[1, 1, 1] 704
[1, 1, 1] 717
[1, 1, 1] 720
[1, 1, 1] 733
[1, 1, 1] 749
[1, 1, 1] 769
[1, 1, 1] 777
[1, 1, 1] 790
[1, 1, 1] 806
[1, 1, 1] 806
[1, 1, 1] 807
[1, 1, 1] 812
[1, 1, 1] 817
[1, 1, 1] 819
[1, 1, 1] 829
[1, 1, 1] 841
[1, 1, 1] 845
[1, 1, 1] 867
[1, 1, 1] 880
[1, 1, 1] 880
[1, 1, 1] 917
[1, 1, 1] 925
[1, 1, 1] 942
[1, 1, 1] 989
[1, 1, 1] 993
[0, 1, 1] 336
[0, 1, 1] 350
[0, 1, 1] 362
[0, 1, 1] 367
[0, 1, 1] 370
[0, 1, 1] 372
[0, 1, 1] 384
[0, 1, 1] 389
[0, 1, 1] 411
[0, 1, 1] 426
[0, 1, 1] 436
[0, 1, 1] 440
[0, 1, 1] 468
[0, 1, 1] 484
[0, 1, 1] 489
[0, 1, 1] 490
[0, 1, 1] 491
[0, 1, 1] 492
[0, 1, 1] 499
[0, 1, 1] 515
[0, 1, 1] 526
[0, 1, 1] 527
[0, 1, 1] 535
[0, 1, 1] 561
[0, 1, 1] 562
[0, 1, 1] 565
[0, 1, 1] 572
[0, 1, 1] 608
[0, 1, 1] 616
[0, 1, 1] 620
[0, 1, 1] 626
[0, 1, 1] 634
[0, 1, 1] 649
[0, 0, 1] 3
[0, 0, 1] 32
[0, 0, 1] 35
[0, 0, 1] 44
[0, 0, 1] 44
[0, 0, 1] 48
[0, 0, 1] 57
[0, 0, 1] 68
[0, 0, 1] 74
[0, 0, 1] 74
[0, 0, 1] 76
[0, 0, 1] 103
[0, 0, 1] 109
[0, 0, 1] 118
[0, 0, 1] 127
[0, 0, 1] 156
[0, 0, 1] 160
[0, 0, 1] 161
[0, 0, 1] 168
[0, 0, 1] 198
[0, 0, 1] 201
[0, 0, 1] 218
[0, 0, 1] 238
[0, 0, 1] 242
[0, 0, 1] 243
[0, 0, 1] 262
[0, 0, 1] 269
[0, 0, 1] 290
[0, 0, 1] 295
[0, 0, 1] 304
[0, 0, 1] 305
[0, 0, 1] 316
[0, 0, 1] 319
