VARIABLES 100
NB_OBJ 3
ITEMS
[1, 1, 1] 671
[1, 1, 1] 671
[1, 1, 1] 686
[1, 1, 1] 689
[1, 1, 1] 711
[1, 1, 1] 714
[1, 1, 1] 723
[1, 1, 1] 727
[1, 1, 1] 754
[1, 1, 1] 757
[1, 1, 1] 761
[1, 1, 1] 766
[1, 1, 1] 783
[1, 1, 1] 793
[1, 1, 1] 808
[1, 1, 1] 819
[1, 1, 1] 824
[1, 1, 1] 824
[1, 1, 1] 831
[1, 1, 1] 858
[1, 1, 1] 901
[1, 1, 1] 914
[1, 1, 1] 919
[1, 1, 1] 925
[1, 1, 1] 941
[1, 1, 1] 952
[1, 1, 1] 954
[1, 1, 1] 964
[1, 1, 1] 986
[1, 1, 1] 986
[0, 1, 1] 343
[0, 1, 1] 349
[0, 1, 1] 364
[0, 1, 1] 367
[0, 1, 1] 368
[0, 1, 1] 370
[0, 1, 1] 371
[0, 1, 1] 397
[0, 1, 1] 407
[0, 1, 1] 423
[0, 1, 1] 425
[0, 1, 1] 426
[0, 1, 1] 428
[0, 1, 1] 443
[0, 1, 1] 446
[0, 1, 1] 457
[0, 1, 1] 465
[0, 1, 1] 490
[0, 1, 1] 510
[0, 1, 1] 529
[0, 1, 1] 530
[0, 1, 1] 546
[0, 1, 1] 575
[0, 1, 1] 587
[0, 1, 1] 596
[0, 1, 1] 628
[0, 1, 1] 639
[0, 1, 1] 640
[0, 1, 1] 651
[0, 1, 1] 661
[0, 1, 1] 663
[0, 0, 1] 3
[0, 0, 1] 7
[0, 0, 1] 14
[0, 0, 1] 16
[0, 0, 1] 22
[0, 0, 1] 24
[0, 0, 1] 38
[0, 0, 1] 39
[0, 0, 1] 49
[0, 0, 1] 51
[0, 0, 1] 53
[0, 0, 1] 65
[0, 0, 1] 67
[0, 0, 1] 82
[0, 0, 1] 114
[0, 0, 1] 126
[0, 0, 1] 126
[0, 0, 1] 127
[0, 0, 1] 135
[0, 0, 1] 136
[0, 0, 1] 143
[0, 0, 1] 143
[0, 0, 1] 144
[0, 0, 1] 150
[0, 0, 1] 184
[0, 0, 1] 193
[0, 0, 1] 197
[0, 0, 1] 207
[0, 0, 1] 212
[0, 0, 1] 212
[0, 0, 1] 218
[0, 0, 1] 220
[0, 0, 1] 240
[0, 0, 1] 243
[0, 0, 1] 269
[0, 0, 1] 270
[0, 0, 1] 307
[0, 0, 1] 308
[0, 0, 1] 321
