VARIABLES 100
NB_OBJ 3
ITEMS
[1, 1, 1] 674
[1, 1, 1] 694
[1, 1, 1] 708
[1, 1, 1] 711
[1, 1, 1] 722
[1, 1, 1] 725
[1, 1, 1] 729
[1, 1, 1] 749
[1, 1, 1] 756
[1, 1, 1] 760
[1, 1, 1] 766
[1, 1, 1] 786
[1, 1, 1] 798
[1, 1, 1] 807
[1, 1, 1] 811
[1, 1, 1] 815
[1, 1, 1] 821
[1, 1, 1] 824
[1, 1, 1] 866
[1, 1, 1] 876
[1, 1, 1] 893
[1, 1, 1] 913
[1, 1, 1] 917
[1, 1, 1] 923
[1, 1, 1] 941
[1, 1, 1] 948
[1, 1, 1] 951
[1, 1, 1] 965
[1, 1, 1] 973
[0, 1, 1] 362
[0, 1, 1] 378
[0, 1, 1] 387
[0, 1, 1] 417
[0, 1, 1] 454
[0, 1, 1] 457
[0, 1, 1] 473
[0, 1, 1] 485
[0, 1, 1] 489
[0, 1, 1] 491
[0, 1, 1] 492
[0, 1, 1] 492
[0, 1, 1] 502
[0, 1, 1] 503
[0, 1, 1] 507
[0, 1, 1] 514
[0, 1, 1] 516
[0, 1, 1] 524
[0, 1, 1] 569
[0, 1, 1] 573
[0, 1, 1] 586
[0, 1, 1] 605
[0, 1, 1] 609
[0, 1, 1] 613
[0, 1, 1] 621
[0, 1, 1] 622
[0, 1, 1] 627
[0, 1, 1] 638
[0, 1, 1] 640
[0, 1, 1] 646
[0, 1, 1] 666
[0, 0, 1] 11
[0, 0, 1] 17
[0, 0, 1] 23
[0, 0, 1] 25
[0, 0, 1] 45
[0, 0, 1] 53
[0, 0, 1] 54
[0, 0, 1] 75
[0, 0, 1] 83
[0, 0, 1] 99
[0, 0, 1] 101
[0, 0, 1] 103
[0, 0, 1] 108
[0, 0, 1] 122
[0, 0, 1] 128
[0, 0, 1] 132
[0, 0, 1] 137
[0, 0, 1] 142
[0, 0, 1] 147
[0, 0, 1] 172
[0, 0, 1] 184
[0, 0, 1] 190
[0, 0, 1] 200
[0, 0, 1] 213
[0, 0, 1] 216
[0, 0, 1] 223
[0, 0, 1] 231
[0, 0, 1] 233
[0, 0, 1] 234
[0, 0, 1] 236
[0, 0, 1] 238
[0, 0, 1] 242
[0, 0, 1] 248
[0, 0, 1] 272
[0, 0, 1] 275
[0, 0, 1] 289
[0, 0, 1] 302
[0, 0, 1] 306
[0, 0, 1] 321
[0, 0, 1] 321
