VARIABLES 100
NB_OBJ 3
ITEMS
[1, 1, 1] 670
[1, 1, 1] 682
[1, 1, 1] 699
[1, 1, 1] 723
[1, 1, 1] 726
[1, 1, 1] 740
[1, 1, 1] 747
[1, 1, 1] 761
[1, 1, 1] 763
[1, 1, 1] 764
[1, 1, 1] 808
[1, 1, 1] 813
[1, 1, 1] 813
[1, 1, 1] 814
[1, 1, 1] 819
[1, 1, 1] 821
[1, 1, 1] 827
[1, 1, 1] 834
[1, 1, 1] 869
[1, 1, 1] 872
[1, 1, 1] 886
[1, 1, 1] 887
[1, 1, 1] 892
[1, 1, 1] 893
[1, 1, 1] 895
[1, 1, 1] 903
[1, 1, 1] 913
[1, 1, 1] 934
[1, 1, 1] 939
[1, 1, 1] 941
[1, 1, 1] 948
[1, 1, 1] 968
[0, 1, 1] 341
[0, 1, 1] 345
[0, 1, 1] 351
[0, 1, 1] 374
[0, 1, 1] 407
[0, 1, 1] 414
[0, 1, 1] 419
[0, 1, 1] 419
[0, 1, 1] 420
[0, 1, 1] 425
[0, 1, 1] 432
[0, 1, 1] 436
[0, 1, 1] 437
[0, 1, 1] 439
[0, 1, 1] 450
[0, 1, 1] 469
[0, 1, 1] 478
[0, 1, 1] 502
[0, 1, 1] 518
[0, 1, 1] 558
[0, 1, 1] 565
[0, 1, 1] 570
[0, 1, 1] 583
[0, 1, 1] 590
[0, 1, 1] 603
[0, 1, 1] 603
[0, 1, 1] 622
[0, 1, 1] 625
[0, 1, 1] 630
[0, 1, 1] 640
[0, 1, 1] 643
[0, 1, 1] 647
[0, 1, 1] 648
[0, 1, 1] 650
[0, 1, 1] 659
[0, 1, 1] 663
[0, 1, 1] 663
[0, 0, 1] 3
[0, 0, 1] 20
[0, 0, 1] 21
[0, 0, 1] 37
[0, 0, 1] 49
[0, 0, 1] 57
[0, 0, 1] 61
[0, 0, 1] 66
[0, 0, 1] 66
[0, 0, 1] 70
[0, 0, 1] 98
[0, 0, 1] 99
[0, 0, 1] 102
[0, 0, 1] 103
[0, 0, 1] 110
[0, 0, 1] 110
[0, 0, 1] 113
[0, 0, 1] 139
[0, 0, 1] 142
[0, 0, 1] 149
[0, 0, 1] 188
[0, 0, 1] 200
[0, 0, 1] 221
[0, 0, 1] 224
[0, 0, 1] 231
[0, 0, 1] 241
[0, 0, 1] 248
[0, 0, 1] 253
[0, 0, 1] 256
[0, 0, 1] 299
[0, 0, 1] 311
