VARIABLES 100
NB_OBJ 3
ITEMS
[1, 1, 1] 682
[1, 1, 1] 684
[1, 1, 1] 689
[1, 1, 1] 700
[1, 1, 1] 718
[1, 1, 1] 733
[1, 1, 1] 741
[1, 1, 1] 754
[1, 1, 1] 767
[1, 1, 1] 799
[1, 1, 1] 810
[1, 1, 1] 811
[1, 1, 1] 811
[1, 1, 1] 817
[1, 1, 1] 819
[1, 1, 1] 834
[1, 1, 1] 846
[1, 1, 1] 846
[1, 1, 1] 847
[1, 1, 1] 866
[1, 1, 1] 882
[1, 1, 1] 893
[1, 1, 1] 901
[1, 1, 1] 907
[1, 1, 1] 910
[1, 1, 1] 917
[1, 1, 1] 937
[1, 1, 1] 944
[1, 1, 1] 951
[1, 1, 1] 960
[1, 1, 1] 970
[1, 1, 1] 995
[0, 1, 1] 337
[0, 1, 1] 338
[0, 1, 1] 362
[0, 1, 1] 362
[0, 1, 1] 386
[0, 1, 1] 393
[0, 1, 1] 408
[0, 1, 1] 408
[0, 1, 1] 420
[0, 1, 1] 428
[0, 1, 1] 429
[0, 1, 1] 448
[0, 1, 1] 450
[0, 1, 1] 457
[0, 1, 1] 462
[0, 1, 1] 478
[0, 1, 1] 483
[0, 1, 1] 493
[0, 1, 1] 494
[0, 1, 1] 524
[0, 1, 1] 537
[0, 1, 1] 542
[0, 1, 1] 547
[0, 1, 1] 553
[0, 1, 1] 574
[0, 1, 1] 575
[0, 1, 1] 586
[0, 1, 1] 590
[0, 1, 1] 613
[0, 1, 1] 637
[0, 1, 1] 638
[0, 1, 1] 640
[0, 1, 1] 641
[0, 0, 1] 6
[0, 0, 1] 17
[0, 0, 1] 29
[0, 0, 1] 32
[0, 0, 1] 45
[0, 0, 1] 47
[0, 0, 1] 47
[0, 0, 1] 47
[0, 0, 1] 76
[0, 0, 1] 87
[0, 0, 1] 90
[0, 0, 1] 94
[0, 0, 1] 117
[0, 0, 1] 126
[0, 0, 1] 138
[0, 0, 1] 166
[0, 0, 1] 189
[0, 0, 1] 192
[0, 0, 1] 199
[0, 0, 1] 217
[0, 0, 1] 217
[0, 0, 1] 246
[0, 0, 1] 263
[0, 0, 1] 265
[0, 0, 1] 271
[0, 0, 1] 275
[0, 0, 1] 282
[0, 0, 1] 286
[0, 0, 1] 292
[0, 0, 1] 300
[0, 0, 1] 303
[0, 0, 1] 312
[0, 0, 1] 314
[0, 0, 1] 327
[0, 0, 1] 328
