VARIABLES 100
NB_OBJ 3
ITEMS
[1, 1, 1] 738
[1, 1, 1] 741
[1, 1, 1] 745
[1, 1, 1] 753
[1, 1, 1] 758
[1, 1, 1] 758
[1, 1, 1] 766
[1, 1, 1] 805
[1, 1, 1] 813
[1, 1, 1] 834
[1, 1, 1] 845
[1, 1, 1] 847
[1, 1, 1] 848
[1, 1, 1] 852
[1, 1, 1] 860
[1, 1, 1] 875
[1, 1, 1] 877
[1, 1, 1] 884
[1, 1, 1] 913
[1, 1, 1] 920
[1, 1, 1] 929
[1, 1, 1] 963
[1, 1, 1] 964
[1, 1, 1] 981
[1, 1, 1] 982
[1, 1, 1] 997
[0, 1, 1] 335
[0, 1, 1] 337
[0, 1, 1] 337
[0, 1, 1] 338
[0, 1, 1] 344
[0, 1, 1] 352
[0, 1, 1] 359
[0, 1, 1] 371
[0, 1, 1] 377
[0, 1, 1] 426
[0, 1, 1] 427
[0, 1, 1] 430
[0, 1, 1] 431
[0, 1, 1] 434
[0, 1, 1] 439
[0, 1, 1] 442
[0, 1, 1] 481
[0, 1, 1] 490
[0, 1, 1] 492
[0, 1, 1] 510
[0, 1, 1] 513
[0, 1, 1] 514
[0, 1, 1] 520
[0, 1, 1] 527
[0, 1, 1] 542
[0, 1, 1] 549
[0, 1, 1] 552
[0, 1, 1] 556
[0, 1, 1] 563
[0, 1, 1] 572
[0, 1, 1] 580
[0, 1, 1] 590
[0, 1, 1] 596
[0, 1, 1] 610
[0, 1, 1] 623
[0, 1, 1] 628
[0, 1, 1] 635
[0, 1, 1] 640
[0, 1, 1] 645
[0, 0, 1] 11
[0, 0, 1] 12
[0, 0, 1] 19
[0, 0, 1] 21
[0, 0, 1] 21
[0, 0, 1] 40
[0, 0, 1] 42
[0, 0, 1] 42
[0, 0, 1] 74
[0, 0, 1] 76
[0, 0, 1] 114
[0, 0, 1] 118
[0, 0, 1] 125
[0, 0, 1] 154
[0, 0, 1] 166
[0, 0, 1] 177
[0, 0, 1] 178
[0, 0, 1] 179
[0, 0, 1] 179
[0, 0, 1] 184
[0, 0, 1] 205
[0, 0, 1] 214
[0, 0, 1] 219
[0, 0, 1] 249
[0, 0, 1] 258
[0, 0, 1] 273
[0, 0, 1] 280
[0, 0, 1] 283
[0, 0, 1] 302
[0, 0, 1] 303
[0, 0, 1] 305
[0, 0, 1] 317
[0, 0, 1] 319
[0, 0, 1] 331
[0, 0, 1] 332
