VARIABLES 100
NB_OBJ 3
ITEMS
[1, 1, 1] 667
[1, 1, 1] 667
[1, 1, 1] 669
[1, 1, 1] 679
[1, 1, 1] 689
[1, 1, 1] 691
[1, 1, 1] 703
[1, 1, 1] 715
[1, 1, 1] 718
[1, 1, 1] 728
[1, 1, 1] 739
[1, 1, 1] 747
[1, 1, 1] 785
[1, 1, 1] 787
[1, 1, 1] 794
[1, 1, 1] 805
[1, 1, 1] 807
[1, 1, 1] 823
[1, 1, 1] 836
[1, 1, 1] 842
[1, 1, 1] 847
[1, 1, 1] 874
[1, 1, 1] 880
[1, 1, 1] 883
[1, 1, 1] 893
[1, 1, 1] 897
[1, 1, 1] 907
[1, 1, 1] 910
[1, 1, 1] 925
[1, 1, 1] 928
[1, 1, 1] 941
[1, 1, 1] 951
[1, 1, 1] 960
[1, 1, 1] 973
[1, 1, 1] 977
[1, 1, 1] 979
[1, 1, 1] 992
[1, 1, 1] 993
[0, 1, 1] 338
[0, 1, 1] 344
[0, 1, 1] 348
[0, 1, 1] 359
[0, 1, 1] 365
[0, 1, 1] 376
[0, 1, 1] 386
[0, 1, 1] 400
[0, 1, 1] 457
[0, 1, 1] 495
[0, 1, 1] 515
[0, 1, 1] 524
[0, 1, 1] 543
[0, 1, 1] 569
[0, 1, 1] 569
[0, 1, 1] 584
[0, 1, 1] 590
[0, 1, 1] 599
[0, 1, 1] 602
[0, 1, 1] 643
[0, 1, 1] 644
[0, 1, 1] 655
[0, 1, 1] 655
[0, 1, 1] 661
[0, 0, 1] 6
[0, 0, 1] 17
[0, 0, 1] 22
[0, 0, 1] 22
[0, 0, 1] 29
[0, 0, 1] 49
[0, 0, 1] 62
[0, 0, 1] 64
[0, 0, 1] 73
[0, 0, 1] 74
[0, 0, 1] 75
[0, 0, 1] 75
[0, 0, 1] 75
[0, 0, 1] 77
[0, 0, 1] 84
[0, 0, 1] 87
[0, 0, 1] 90
[0, 0, 1] 104
[0, 0, 1] 108
[0, 0, 1] 119
[0, 0, 1] 143
[0, 0, 1] 146
[0, 0, 1] 157
[0, 0, 1] 163
[0, 0, 1] 168
[0, 0, 1] 169
[0, 0, 1] 195
[0, 0, 1] 204
[0, 0, 1] 210
[0, 0, 1] 220
[0, 0, 1] 252
[0, 0, 1] 258
[0, 0, 1] 264
[0, 0, 1] 271
[0, 0, 1] 297
[0, 0, 1] 316
[0, 0, 1] 323
[0, 0, 1] 323
