VARIABLES 100
NB_OBJ 3
ITEMS
[1, 1, 1] 671
[1, 1, 1] 677
[1, 1, 1] 711
[1, 1, 1] 711
[1, 1, 1] 712
[1, 1, 1] 712
[1, 1, 1] 715
[1, 1, 1] 718
[1, 1, 1] 719
[1, 1, 1] 719
[1, 1, 1] 744
[1, 1, 1] 752
[1, 1, 1] 753
[1, 1, 1] 755
[1, 1, 1] 763
[1, 1, 1] 771
[1, 1, 1] 789
[1, 1, 1] 790
[1, 1, 1] 816
[1, 1, 1] 824
[1, 1, 1] 831
[1, 1, 1] 844
[1, 1, 1] 852
[1, 1, 1] 862
[1, 1, 1] 867
[1, 1, 1] 868
[1, 1, 1] 887
[1, 1, 1] 888
[1, 1, 1] 904
[1, 1, 1] 914
[1, 1, 1] 920
[1, 1, 1] 920
[1, 1, 1] 921
[1, 1, 1] 925
[1, 1, 1] 940
[1, 1, 1] 947
[1, 1, 1] 973
[1, 1, 1] 974
[1, 1, 1] 979
[1, 1, 1] 997
[0, 1, 1] 334
[0, 1, 1] 351
[0, 1, 1] 359
[0, 1, 1] 363
[0, 1, 1] 365
[0, 1, 1] 384
[0, 1, 1] 386
[0, 1, 1] 387
[0, 1, 1] 410
[0, 1, 1] 419
[0, 1, 1] 423
[0, 1, 1] 423
[0, 1, 1] 433
[0, 1, 1] 444
[0, 1, 1] 459
[0, 1, 1] 467
[0, 1, 1] 478
[0, 1, 1] 508
[0, 1, 1] 547
[0, 1, 1] 551
[0, 1, 1] 559
[0, 1, 1] 578
[0, 1, 1] 580
[0, 1, 1] 586
[0, 1, 1] 587
[0, 1, 1] 588
[0, 1, 1] 611
[0, 1, 1] 614
[0, 1, 1] 626
[0, 1, 1] 635
[0, 1, 1] 645
[0, 1, 1] 651
[0, 1, 1] 662
[0, 0, 1] 5
[0, 0, 1] 17
[0, 0, 1] 53
[0, 0, 1] 86
[0, 0, 1] 90
[0, 0, 1] 119
[0, 0, 1] 124
[0, 0, 1] 140
[0, 0, 1] 145
[0, 0, 1] 150
[0, 0, 1] 168
[0, 0, 1] 176
[0, 0, 1] 194
[0, 0, 1] 195
[0, 0, 1] 197
[0, 0, 1] 198
[0, 0, 1] 202
[0, 0, 1] 211
[0, 0, 1] 225
[0, 0, 1] 247
[0, 0, 1] 270
[0, 0, 1] 274
[0, 0, 1] 274
[0, 0, 1] 283
[0, 0, 1] 309
[0, 0, 1] 310
[0, 0, 1] 324
