VARIABLES 100
NB_OBJ 3
ITEMS
[1, 1, 1] 668
[1, 1, 1] 671
[1, 1, 1] 692
[1, 1, 1] 705
[1, 1, 1] 720
[1, 1, 1] 723
[1, 1, 1] 725
[1, 1, 1] 728
[1, 1, 1] 749
[1, 1, 1] 759
[1, 1, 1] 777
[1, 1, 1] 792
[1, 1, 1] 797
[1, 1, 1] 809
[1, 1, 1] 824
[1, 1, 1] 866
[1, 1, 1] 869
[1, 1, 1] 881
[1, 1, 1] 884
[1, 1, 1] 884
[1, 1, 1] 897
[1, 1, 1] 917
[1, 1, 1] 955
[1, 1, 1] 965
[1, 1, 1] 971
[1, 1, 1] 973
[1, 1, 1] 978
[1, 1, 1] 995
[0, 1, 1] 336
[0, 1, 1] 363
[0, 1, 1] 371
[0, 1, 1] 378
[0, 1, 1] 382
[0, 1, 1] 393
[0, 1, 1] 407
[0, 1, 1] 415
[0, 1, 1] 421
[0, 1, 1] 452
[0, 1, 1] 462
[0, 1, 1] 464
[0, 1, 1] 472
[0, 1, 1] 483
[0, 1, 1] 487
[0, 1, 1] 491
[0, 1, 1] 497
[0, 1, 1] 510
[0, 1, 1] 531
[0, 1, 1] 546
[0, 1, 1] 548
[0, 1, 1] 559
[0, 1, 1] 564
[0, 1, 1] 568
[0, 1, 1] 573
[0, 1, 1] 584
[0, 1, 1] 589
[0, 1, 1] 609
[0, 1, 1] 612
[0, 1, 1] 614
[0, 1, 1] 615
[0, 1, 1] 626
[0, 1, 1] 644
[0, 1, 1] 645
[0, 0, 1] 7
[0, 0, 1] 14
[0, 0, 1] 18
[0, 0, 1] 32
[0, 0, 1] 33
[0, 0, 1] 44
[0, 0, 1] 48
[0, 0, 1] 49
[0, 0, 1] 68
[0, 0, 1] 73
[0, 0, 1] 80
[0, 0, 1] 82
[0, 0, 1] 86
[0, 0, 1] 93
[0, 0, 1] 104
[0, 0, 1] 105
[0, 0, 1] 113
[0, 0, 1] 116
[0, 0, 1] 117
[0, 0, 1] 133
[0, 0, 1] 141
[0, 0, 1] 155
[0, 0, 1] 156
[0, 0, 1] 160
[0, 0, 1] 161
[0, 0, 1] 205
[0, 0, 1] 223
[0, 0, 1] 230
[0, 0, 1] 233
[0, 0, 1] 247
[0, 0, 1] 269
[0, 0, 1] 277
[0, 0, 1] 279
[0, 0, 1] 281
[0, 0, 1] 292
[0, 0, 1] 298
[0, 0, 1] 324
[0, 0, 1] 332
