VARIABLES 100
NB_OBJ 3
ITEMS
[1, 1, 1] 674
[1, 1, 1] 681
[1, 1, 1] 683
[1, 1, 1] 683
[1, 1, 1] 688
[1, 1, 1] 696
[1, 1, 1] 702
[1, 1, 1] 702
[1, 1, 1] 706
[1, 1, 1] 708
[1, 1, 1] 714
[1, 1, 1] 715
[1, 1, 1] 717
[1, 1, 1] 718
[1, 1, 1] 730
[1, 1, 1] 733
[1, 1, 1] 734
[1, 1, 1] 746
[1, 1, 1] 760
[1, 1, 1] 771
[1, 1, 1] 782
[1, 1, 1] 783
[1, 1, 1] 787
[1, 1, 1] 805
[1, 1, 1] 805
[1, 1, 1] 836
[1, 1, 1] 837
[1, 1, 1] 842
[1, 1, 1] 852
[1, 1, 1] 874
[1, 1, 1] 877
[1, 1, 1] 878
[1, 1, 1] 886
[1, 1, 1] 904
[1, 1, 1] 914
[1, 1, 1] 923
[1, 1, 1] 925
[1, 1, 1] 926
[1, 1, 1] 928
[1, 1, 1] 931
[1, 1, 1] 949
[1, 1, 1] 953
[1, 1, 1] 953
[1, 1, 1] 954
[1, 1, 1] 955
[1, 1, 1] 959
[1, 1, 1] 963
[1, 1, 1] 968
[1, 1, 1] 992
[1, 1, 1] 997
[0, 1, 1] 337
[0, 1, 1] 340
[0, 1, 1] 352
[0, 1, 1] 358
[0, 1, 1] 365
[0, 1, 1] 399
[0, 1, 1] 411
[0, 1, 1] 435
[0, 1, 1] 461
[0, 1, 1] 466
[0, 1, 1] 484
[0, 1, 1] 514
[0, 1, 1] 520
[0, 1, 1] 524
[0, 1, 1] 532
[0, 1, 1] 551
[0, 1, 1] 573
[0, 1, 1] 576
[0, 1, 1] 576
[0, 1, 1] 578
[0, 1, 1] 584
[0, 1, 1] 591
[0, 1, 1] 607
[0, 1, 1] 607
[0, 1, 1] 630
[0, 1, 1] 636
[0, 1, 1] 647
[0, 0, 1] 2
[0, 0, 1] 7
[0, 0, 1] 27
[0, 0, 1] 37
[0, 0, 1] 64
[0, 0, 1] 71
[0, 0, 1] 88
[0, 0, 1] 89
[0, 0, 1] 101
[0, 0, 1] 107
[0, 0, 1] 136
[0, 0, 1] 147
[0, 0, 1] 156
[0, 0, 1] 157
[0, 0, 1] 175
[0, 0, 1] 180
[0, 0, 1] 195
[0, 0, 1] 216
[0, 0, 1] 232
[0, 0, 1] 237
[0, 0, 1] 295
[0, 0, 1] 297
[0, 0, 1] 327
