VARIABLES 100
NB_OBJ 3
ITEMS
[1, 1, 1] 683
[1, 1, 1] 695
[1, 1, 1] 702
[1, 1, 1] 703
[1, 1, 1] 758
[1, 1, 1] 766
[1, 1, 1] 778
[1, 1, 1] 792
[1, 1, 1] 795
[1, 1, 1] 802
[1, 1, 1] 804
[1, 1, 1] 835
[1, 1, 1] 873
[1, 1, 1] 885
[1, 1, 1] 905
[1, 1, 1] 921
[1, 1, 1] 931
[1, 1, 1] 945
[1, 1, 1] 955
[1, 1, 1] 961
[1, 1, 1] 982
[1, 1, 1] 984
[1, 1, 1] 988
[0, 1, 1] 344
[0, 1, 1] 347
[0, 1, 1] 354
[0, 1, 1] 356
[0, 1, 1] 359
[0, 1, 1] 361
[0, 1, 1] 375
[0, 1, 1] 384
[0, 1, 1] 387
[0, 1, 1] 396
[0, 1, 1] 400
[0, 1, 1] 422
[0, 1, 1] 430
[0, 1, 1] 437
[0, 1, 1] 452
[0, 1, 1] 467
[0, 1, 1] 468
[0, 1, 1] 474
[0, 1, 1] 489
[0, 1, 1] 497
[0, 1, 1] 507
[0, 1, 1] 522
[0, 1, 1] 525
[0, 1, 1] 527
[0, 1, 1] 537
[0, 1, 1] 546
[0, 1, 1] 546
[0, 1, 1] 552
[0, 1, 1] 556
[0, 1, 1] 566
[0, 1, 1] 572
[0, 1, 1] 585
[0, 1, 1] 590
[0, 1, 1] 599
[0, 1, 1] 624
[0, 1, 1] 624
[0, 1, 1] 629
[0, 1, 1] 653
[0, 0, 1] 13
[0, 0, 1] 23
[0, 0, 1] 23
[0, 0, 1] 60
[0, 0, 1] 61
[0, 0, 1] 65
[0, 0, 1] 70
[0, 0, 1] 72
[0, 0, 1] 87
[0, 0, 1] 99
[0, 0, 1] 116
[0, 0, 1] 134
[0, 0, 1] 139
[0, 0, 1] 151
[0, 0, 1] 151
[0, 0, 1] 158
[0, 0, 1] 173
[0, 0, 1] 175
[0, 0, 1] 192
[0, 0, 1] 202
[0, 0, 1] 207
[0, 0, 1] 212
[0, 0, 1] 225
[0, 0, 1] 229
[0, 0, 1] 241
[0, 0, 1] 251
[0, 0, 1] 252
[0, 0, 1] 255
[0, 0, 1] 257
[0, 0, 1] 258
[0, 0, 1] 264
[0, 0, 1] 269
[0, 0, 1] 281
[0, 0, 1] 287
[0, 0, 1] 302
[0, 0, 1] 308
[0, 0, 1] 321
[0, 0, 1] 327
[0, 0, 1] 329
