VARIABLES 100
NB_OBJ 11
ITEMS
[1, 1, 1, 1, 1, 1, 1, 1, 1, 1, 1] 22
[1, 1, 1, 1, 1, 1, 1, 1, 1, 1, 1] 169
[1, 1, 1, 1, 1, 1, 1, 1, 1, 1, 1] 255
[1, 1, 1, 1, 1, 1, 1, 1, 1, 1, 1] 370
[1, 1, 1, 1, 1, 1, 1, 1, 1, 1, 1] 500
[1, 1, 1, 1, 1, 1, 1, 1, 1, 1, 1] 842
[1, 1, 1, 1, 1, 1, 1, 1, 1, 1, 1] 894
[1, 1, 1, 1, 1, 1, 1, 1, 1, 1, 1] 901
[0, 1, 1, 1, 1, 1, 1, 1, 1, 1, 1] 29
[0, 1, 1, 1, 1, 1, 1, 1, 1, 1, 1] 80
[0, 1, 1, 1, 1, 1, 1, 1, 1, 1, 1] 231
[0, 1, 1, 1, 1, 1, 1, 1, 1, 1, 1] 326
[0, 1, 1, 1, 1, 1, 1, 1, 1, 1, 1] 419
[0, 1, 1, 1, 1, 1, 1, 1, 1, 1, 1] 473
[0, 1, 1, 1, 1, 1, 1, 1, 1, 1, 1] 651
[0, 1, 1, 1, 1, 1, 1, 1, 1, 1, 1] 795
[0, 0, 1, 1, 1, 1, 1, 1, 1, 1, 1] 123
[0, 0, 1, 1, 1, 1, 1, 1, 1, 1, 1] 290
[0, 0, 1, 1, 1, 1, 1, 1, 1, 1, 1] 356
[0, 0, 1, 1, 1, 1, 1, 1, 1, 1, 1] 535
[0, 0, 1, 1, 1, 1, 1, 1, 1, 1, 1] 559
[0, 0, 1, 1, 1, 1, 1, 1, 1, 1, 1] 637
[0, 0, 1, 1, 1, 1, 1, 1, 1, 1, 1] 950
[0, 0, 0, 1, 1, 1, 1, 1, 1, 1, 1] 34
[0, 0, 0, 1, 1, 1, 1, 1, 1, 1, 1] 302
[0, 0, 0, 1, 1, 1, 1, 1, 1, 1, 1] 321
[0, 0, 0, 1, 1, 1, 1, 1, 1, 1, 1] 423
[0, 0, 0, 1, 1, 1, 1, 1, 1, 1, 1] 444
[0, 0, 0, 1, 1, 1, 1, 1, 1, 1, 1] 472
[0, 0, 0, 1, 1, 1, 1, 1, 1, 1, 1] 546
[0, 0, 0, 1, 1, 1, 1, 1, 1, 1, 1] 598
[0, 0, 0, 1, 1, 1, 1, 1, 1, 1, 1] 653
[0, 0, 0, 1, 1, 1, 1, 1, 1, 1, 1] 873
[0, 0, 0, 1, 1, 1, 1, 1, 1, 1, 1] 905
[0, 0, 0, 0, 1, 1, 1, 1, 1, 1, 1] 8
[0, 0, 0, 0, 1, 1, 1, 1, 1, 1, 1] 24
[0, 0, 0, 0, 1, 1, 1, 1, 1, 1, 1] 189
[0, 0, 0, 0, 1, 1, 1, 1, 1, 1, 1] 293
[0, 0, 0, 0, 1, 1, 1, 1, 1, 1, 1] 562
[0, 0, 0, 0, 1, 1, 1, 1, 1, 1, 1] 618
[0, 0, 0, 0, 1, 1, 1, 1, 1, 1, 1] 829
[0, 0, 0, 0, 1, 1, 1, 1, 1, 1, 1] 833
[0, 0, 0, 0, 1, 1, 1, 1, 1, 1, 1] 922
[0, 0, 0, 0, 0, 1, 1, 1, 1, 1, 1] 27
[0, 0, 0, 0, 0, 1, 1, 1, 1, 1, 1] 227
[0, 0, 0, 0, 0, 1, 1, 1, 1, 1, 1] 427
[0, 0, 0, 0, 0, 1, 1, 1, 1, 1, 1] 490
[0, 0, 0, 0, 0, 1, 1, 1, 1, 1, 1] 620
[0, 0, 0, 0, 0, 1, 1, 1, 1, 1, 1] 696
[0, 0, 0, 0, 0, 1, 1, 1, 1, 1, 1] 780
[0, 0, 0, 0, 0, 1, 1, 1, 1, 1, 1] 969
[0, 0, 0, 0, 0, 0, 1, 1, 1, 1, 1] 21
[0, 0, 0, 0, 0, 0, 1, 1, 1, 1, 1] 76
[0, 0, 0, 0, 0, 0, 1, 1, 1, 1, 1] 88
[0, 0, 0, 0, 0, 0, 1, 1, 1, 1, 1] 108
[0, 0, 0, 0, 0, 0, 1, 1, 1, 1, 1] 126
[0, 0, 0, 0, 0, 0, 1, 1, 1, 1, 1] 158
[0, 0, 0, 0, 0, 0, 1, 1, 1, 1, 1] 310
[0, 0, 0, 0, 0, 0, 1, 1, 1, 1, 1] 375
[0, 0, 0, 0, 0, 0, 1, 1, 1, 1, 1] 485
[0, 0, 0, 0, 0, 0, 1, 1, 1, 1, 1] 514
[0, 0, 0, 0, 0, 0, 1, 1, 1, 1, 1] 563
[0, 0, 0, 0, 0, 0, 1, 1, 1, 1, 1] 571
[0, 0, 0, 0, 0, 0, 1, 1, 1, 1, 1] 588
[0, 0, 0, 0, 0, 0, 1, 1, 1, 1, 1] 652
[0, 0, 0, 0, 0, 0, 1, 1, 1, 1, 1] 692
[0, 0, 0, 0, 0, 0, 1, 1, 1, 1, 1] 698
[0, 0, 0, 0, 0, 0, 1, 1, 1, 1, 1] 743
[0, 0, 0, 0, 0, 0, 1, 1, 1, 1, 1] 802
[0, 0, 0, 0, 0, 0, 0, 1, 1, 1, 1] 122
[0, 0, 0, 0, 0, 0, 0, 1, 1, 1, 1] 286
[0, 0, 0, 0, 0, 0, 0, 1, 1, 1, 1] 616
[0, 0, 0, 0, 0, 0, 0, 1, 1, 1, 1] 692
[0, 0, 0, 0, 0, 0, 0, 1, 1, 1, 1] 808
[0, 0, 0, 0, 0, 0, 0, 1, 1, 1, 1] 867
[0, 0, 0, 0, 0, 0, 0, 1, 1, 1, 1] 916
[0, 0, 0, 0, 0, 0, 0, 1, 1, 1, 1] 974
[0, 0, 0, 0, 0, 0, 0, 0, 1, 1, 1] 3
[0, 0, 0, 0, 0, 0, 0, 0, 1, 1, 1] 494
[0, 0, 0, 0, 0, 0, 0, 0, 1, 1, 1] 495
[0, 0, 0, 0, 0, 0, 0, 0, 1, 1, 1] 692
[0, 0, 0, 0, 0, 0, 0, 0, 1, 1, 1] 753
[0, 0, 0, 0, 0, 0, 0, 0, 1, 1, 1] 813
[0, 0, 0, 0, 0, 0, 0, 0, 1, 1, 1] 855
[0, 0, 0, 0, 0, 0, 0, 0, 1, 1, 1] 934
[0, 0, 0, 0, 0, 0, 0, 0, 0, 1, 1] 209
[0, 0, 0, 0, 0, 0, 0, 0, 0, 1, 1] 475
[0, 0, 0, 0, 0, 0, 0, 0, 0, 1, 1] 831
[0, 0, 0, 0, 0, 0, 0, 0, 0, 1, 1] 987
[0, 0, 0, 0, 0, 0, 0, 0, 0, 0, 1] 11
[0, 0, 0, 0, 0, 0, 0, 0, 0, 0, 1] 58
[0, 0, 0, 0, 0, 0, 0, 0, 0, 0, 1] 102
[0, 0, 0, 0, 0, 0, 0, 0, 0, 0, 1] 113
[0, 0, 0, 0, 0, 0, 0, 0, 0, 0, 1] 185
[0, 0, 0, 0, 0, 0, 0, 0, 0, 0, 1] 771
[0, 0, 0, 0, 0, 0, 0, 0, 0, 0, 1] 792
[0, 0, 0, 0, 0, 0, 0, 0, 0, 0, 1] 792
[0, 0, 0, 0, 0, 0, 0, 0, 0, 0, 1] 797
[0, 0, 0, 0, 0, 0, 0, 0, 0, 0, 1] 813
[0, 0, 0, 0, 0, 0, 0, 0, 0, 0, 1] 953
